5 0.009000 VI 0.100000 0.010000
4 0.028000 VI 0.100000 0.010000
19 0.076000 VI 0.100000 0.010000
12 0.051000 VI 0.100000 0.010000
29 0.112000 VI 0.100000 0.010000
3 0.020000 VI 0.100000 0.010000
11 0.051000 VI 0.100000 0.010000
10 0.051000 VI 0.100000 0.010000
17 0.075000 VI 0.100000 0.010000
5 0.029000 VI 0.100000 0.010000
9 4.155000 VI 0.100000 0.010000
9 19.147000 VI 0.100000 0.010000
9 14.404000 VI 0.500000 0.010000
9 11.422000 VI 0.500000 0.010000
9 8.391000 VI 0.500000 0.001000
9 13.001000 VI 0.100000 0.010000
9 6.650000 VI 0.100000 0.010000
9 9.572000 VI 0.100000 0.010000
9 14.656000 VI 0.500000 0.010000
9 9.590000 VI 0.100000 0.010000
9 15.803000 VI 0.100000 0.010000
