46 18
0 0 13 0.769841
1 0 5 1.000000
2 0 14 0.477616
3 0 10 1.000000
4 0 10 0.364816
5 0 13 1.000000
6 0 7 1.000000
7 0 4 0.805339
8 0 11 1.000000
9 0 8 0.005953
10 0 8 0.727906
11 0 1 1.000000
12 0 2 1.000000
13 0 10 0.822186
14 0 3 0.403650
15 0 8 0.363600
16 0 17 1.000000
17 0 8 1.000000
0 0 12 0.230159
0 1 8 0.439989
0 1 9 0.560011
2 0 0 0.522384
2 1 0 0.807259
2 1 4 0.192741
3 1 7 0.233822
3 1 11 0.766178
4 0 0 0.187499
4 1 11 0.699302
4 1 5 0.300698
5 1 14 0.351999
5 1 7 0.269450
7 1 12 1.000000
7 0 7 0.194661
9 0 12 0.994047
10 1 12 1.000000
10 0 2 0.272094
13 0 14 0.177814
14 1 6 1.000000
14 0 6 0.596350
15 1 0 0.876317
15 0 2 0.636400
16 1 5 0.343356
16 1 8 0.656644
5 1 15 0.378551
15 1 16 0.123683
4 0 17 0.447685
