75 28
0 0 6 1.000000
1 0 17 0.225876
2 0 12 1.000000
3 0 15 0.048794
4 0 10 1.000000
5 0 18 0.398088
1 0 25 0.361923
7 0 21 0.643457
8 0 1 0.597948
9 0 26 1.000000
10 0 16 0.473688
11 0 20 1.000000
12 0 11 1.000000
13 0 11 0.119509
14 0 19 0.395602
15 0 22 0.461975
16 0 15 0.305847
17 0 9 1.000000
18 0 13 0.415245
19 0 5 0.194864
20 0 6 0.520777
21 0 7 0.486237
22 0 4 0.794556
23 0 19 1.000000
24 0 11 1.000000
25 0 11 1.000000
26 0 1 0.128230
27 0 6 1.000000
1 0 1 0.122227
1 1 4 1.000000
1 0 14 0.289974
2 1 13 0.491839
2 1 3 0.508160
3 1 11 1.000000
3 0 0 0.951206
5 0 0 0.143998
5 1 16 1.000000
5 0 23 0.457914
26 0 8 0.871770
7 0 8 0.356543
8 1 24 1.000000
8 0 21 0.402051
9 1 12 0.406353
9 1 8 0.593647
10 0 3 0.125640
10 1 3 1.000000
10 0 26 0.400671
11 1 21 0.637024
11 1 7 0.362976
12 1 3 0.829157
12 1 1 0.170843
13 0 14 0.880491
14 0 15 0.604398
15 0 11 0.374507
15 1 12 1.000000
15 0 24 0.163518
16 0 27 0.694153
16 1 8 0.376800
16 1 15 0.623200
17 1 20 0.381344
17 1 1 0.618656
18 0 27 0.134041
18 1 27 1.000000
18 0 20 0.450714
19 0 13 0.334979
19 1 26 1.000000
19 0 7 0.470157
20 1 3 1.000000
20 0 10 0.479223
21 0 10 0.513763
22 0 15 0.205444
22 1 2 0.125910
22 1 24 0.874090
23 1 1 0.418992
23 1 24 0.581007
