66 25
0 0 5 0.375613
1 0 4 1.000000
2 0 21 0.566261
3 0 14 1.000000
4 0 24 0.334763
5 0 20 1.000000
6 0 15 0.837264
24 1 10 0.430939
8 0 19 1.000000
9 0 19 1.000000
10 0 14 0.018004
11 0 24 1.000000
12 0 9 0.553460
13 0 14 1.000000
14 0 17 0.639498
15 0 9 0.333289
16 0 24 1.000000
17 0 18 1.000000
18 0 5 0.391927
19 0 21 0.282780
20 0 16 1.000000
21 0 7 1.000000
22 0 1 1.000000
23 0 6 0.306386
24 0 4 1.000000
0 0 8 0.280923
0 1 11 1.000000
0 0 13 0.343464
2 0 19 0.433739
2 1 11 0.377195
2 1 13 0.622805
3 1 0 0.860482
3 1 6 0.139518
4 0 14 0.665237
4 1 20 0.262638
4 1 12 0.737362
23 0 2 0.401396
5 1 5 1.000000
24 1 18 0.154310
6 0 21 0.162736
6 1 0 0.179790
6 1 9 0.820210
24 1 4 0.414750
7 1 16 0.208446
7 1 4 0.791554
10 0 3 0.981996
12 1 23 1.000000
12 0 0 0.446540
13 1 5 0.627165
13 1 6 0.372835
14 0 15 0.360502
14 1 18 0.557139
14 1 5 0.442861
15 0 12 0.654883
15 1 5 1.000000
15 0 23 0.011828
17 1 19 0.689001
17 1 13 0.310999
18 0 22 0.608073
19 0 13 0.296834
19 1 20 1.000000
19 0 3 0.420387
22 1 11 0.837989
22 1 4 0.162011
23 1 4 1.000000
23 0 20 0.292218
