86 27
0 0 23 0.420899
1 0 4 0.471354
2 0 3 0.765664
3 0 17 0.261380
4 0 24 1.000000
5 0 21 0.333842
6 0 17 0.330443
7 0 14 0.560556
8 0 6 0.724351
9 0 17 0.287921
10 0 15 0.249755
11 0 9 0.146227
12 0 0 1.000000
13 0 0 0.101219
14 0 11 1.000000
15 0 11 1.000000
16 0 22 0.351684
17 0 0 1.000000
18 0 26 0.499103
19 0 22 0.421758
20 0 8 0.332527
21 0 5 1.000000
22 0 10 1.000000
23 0 5 0.851366
7 0 4 0.160240
25 0 16 1.000000
26 0 24 0.664791
0 0 7 0.258310
1 0 18 0.062688
1 1 16 1.000000
1 0 2 0.465958
2 0 11 0.234336
3 0 22 0.372718
3 1 11 1.000000
3 0 11 0.365902
4 1 18 0.238406
4 1 1 0.761594
5 0 14 0.666158
5 1 21 0.258367
5 1 20 0.741633
6 0 13 0.425964
6 1 5 1.000000
6 0 18 0.243593
7 0 22 0.279204
8 1 17 1.000000
8 0 25 0.275649
9 0 13 0.015793
9 1 9 1.000000
9 0 10 0.696286
10 0 0 0.325763
10 1 11 1.000000
10 0 23 0.424482
11 0 13 0.853773
11 1 9 0.602210
11 1 7 0.397790
12 1 17 0.523128
12 1 18 0.476872
13 0 15 0.898781
13 1 21 0.575158
13 1 8 0.424842
16 0 3 0.291710
16 1 18 1.000000
16 0 19 0.356606
17 1 19 0.847332
17 1 20 0.152668
18 0 8 0.042822
18 1 23 1.000000
18 0 24 0.458075
19 0 19 0.578242
20 1 23 1.000000
20 0 24 0.196684
21 1 0 0.381701
21 1 7 0.618299
22 1 12 0.975388
22 1 24 0.024612
23 0 8 0.148634
23 1 11 0.465784
23 1 12 0.534216
24 0 12 1.000000
24 1 16 1.000000
20 0 2 0.470790
25 1 26 0.253523
25 1 20 0.746477
26 1 18 1.000000
26 0 0 0.335209
0 0 1 0.320792
