81 30
0 0 10 0.132151
1 0 29 0.033729
2 0 15 1.000000
23 0 9 0.364175
4 0 21 1.000000
5 0 0 1.000000
6 0 28 0.387128
7 0 2 1.000000
8 0 25 0.415187
9 0 26 0.926250
10 0 7 0.469812
11 0 26 0.477105
12 0 0 0.530321
13 0 2 0.692226
14 0 11 1.000000
15 0 2 0.051764
1 1 6 0.350822
17 0 14 0.505956
18 0 14 0.935590
19 0 29 0.714917
20 0 7 0.735632
21 0 12 0.312714
22 0 3 1.000000
23 0 7 0.635825
24 0 27 0.926794
25 0 20 0.433727
26 0 19 0.192733
27 0 0 1.000000
28 0 3 0.377028
29 0 15 0.309883
0 0 5 0.867849
0 1 11 0.053315
0 1 28 0.946685
1 0 25 0.966271
1 1 14 0.204475
1 1 22 0.444703
2 1 21 0.727471
2 1 19 0.272529
29 1 25 0.194917
3 1 22 1.000000
3 0 16 1.000000
6 0 14 0.183435
6 1 0 1.000000
6 0 27 0.429437
8 0 23 0.584813
9 1 22 1.000000
9 0 8 0.073750
10 0 23 0.530188
11 1 16 1.000000
11 0 27 0.522895
12 0 22 0.469679
12 1 8 0.909898
12 1 1 0.090102
13 0 13 0.307774
13 1 23 0.644000
13 1 8 0.356000
29 1 22 0.805083
14 1 4 1.000000
29 0 22 0.690117
15 0 0 0.450770
15 1 11 1.000000
15 0 4 0.497466
28 0 17 0.392966
28 1 27 1.000000
28 0 21 0.230006
17 0 24 0.267222
17 1 0 1.000000
17 0 20 0.226823
18 0 25 0.064410
19 0 8 0.285083
20 1 25 1.000000
20 0 17 0.264368
21 0 3 0.342632
21 1 4 1.000000
21 0 2 0.344654
24 1 18 1.000000
24 0 13 0.073206
25 0 10 0.512140
25 1 26 1.000000
25 0 24 0.054133
26 0 4 0.807267
