65 25
0 0 1 1.000000
1 0 6 0.618035
2 0 17 0.688437
3 0 1 0.439437
4 0 1 0.476743
5 0 18 0.585804
6 0 15 1.000000
7 0 13 0.210557
8 0 10 0.472652
9 0 11 0.215075
10 0 22 0.444804
11 0 20 0.277063
12 0 11 0.215740
13 0 14 1.000000
14 0 4 1.000000
15 0 3 1.000000
16 0 6 1.000000
17 0 8 0.975979
18 0 7 1.000000
19 0 18 0.985164
20 0 15 0.511417
21 0 1 0.970311
22 0 3 1.000000
23 0 0 0.173656
24 0 23 1.000000
1 0 16 0.381965
1 1 6 0.787509
1 1 7 0.212491
2 0 23 0.311563
2 1 24 0.632952
2 1 5 0.367048
3 0 6 0.560563
3 1 19 0.991841
3 1 7 0.008159
4 1 19 1.000000
4 0 10 0.523257
5 1 22 1.000000
5 0 20 0.414196
6 1 24 0.590001
6 1 19 0.409999
7 0 11 0.411699
7 1 21 0.927937
7 1 0 0.072063
8 0 4 0.527348
9 0 1 0.784925
9 1 6 0.296001
9 1 24 0.703999
10 1 21 1.000000
10 0 11 0.555196
11 0 17 0.277110
11 1 6 1.000000
11 0 9 0.261211
12 1 19 1.000000
12 0 3 0.784260
15 1 23 0.503655
15 1 5 0.496345
17 0 18 0.024021
7 0 12 0.377745
11 0 2 0.184615
19 0 8 0.014836
24 1 23 0.705591
24 1 0 0.294409
20 0 18 0.488583
21 0 3 0.029689
23 0 23 0.826344
