71 22
0 0 13 0.543709
1 0 5 1.000000
2 0 13 0.432210
3 0 15 0.553325
4 0 16 0.731547
5 0 14 0.669091
6 0 4 1.000000
7 0 0 0.715839
8 0 17 0.023920
9 0 13 1.000000
10 0 14 0.547500
11 0 15 0.275440
12 0 1 0.573364
13 0 16 0.470316
14 0 8 0.347747
15 0 3 0.641905
16 0 8 0.737786
17 0 5 0.156529
18 0 11 0.199936
17 0 7 0.056963
20 0 14 0.850848
21 0 20 0.457199
0 0 9 0.456291
0 1 2 0.380271
0 1 16 0.619729
2 1 12 1.000000
2 0 17 0.567790
3 0 11 0.446675
4 0 20 0.149529
4 1 2 1.000000
4 0 11 0.118923
5 0 0 0.330909
5 1 19 0.639316
5 1 4 0.360684
6 1 21 0.531166
6 1 15 0.468834
7 0 15 0.081517
7 1 3 1.000000
7 0 2 0.202644
8 0 1 0.202590
8 1 14 1.000000
8 0 16 0.773490
9 1 5 0.918736
9 1 0 0.081264
10 1 10 1.000000
10 0 2 0.452500
11 1 17 1.000000
11 0 10 0.724560
12 1 11 1.000000
12 0 3 0.426636
13 1 8 1.000000
13 0 1 0.529684
14 0 13 0.408065
14 1 2 1.000000
14 0 5 0.244188
15 0 2 0.358095
16 0 11 0.172996
16 1 16 1.000000
16 0 14 0.089218
17 0 13 0.423200
17 1 19 1.000000
17 0 18 0.363307
18 0 14 0.561772
18 1 0 1.000000
18 0 0 0.238292
21 1 8 1.000000
19 1 17 1.000000
19 0 11 1.000000
20 1 9 1.000000
20 0 6 0.149152
21 0 16 0.542801
