87 27
0 0 7 1.000000
1 0 6 0.553828
2 0 20 1.000000
3 0 7 0.640483
4 0 12 0.546564
5 0 26 0.614474
6 0 12 0.769025
7 0 4 0.483770
8 0 23 1.000000
9 0 24 0.286217
10 0 15 1.000000
26 1 22 0.461312
12 0 6 0.457084
13 0 10 0.700418
14 0 20 0.106598
15 0 10 0.689869
16 0 5 0.751780
17 0 26 0.564598
18 0 8 0.285044
19 0 9 1.000000
20 0 26 1.000000
21 0 7 0.750809
22 0 24 0.757950
23 0 21 1.000000
24 0 16 0.269331
25 0 20 1.000000
26 0 20 1.000000
0 1 13 0.484778
0 1 0 0.515222
1 1 24 1.000000
1 0 22 0.446172
2 1 21 0.092287
2 1 24 0.907713
3 0 6 0.359517
3 1 15 0.283582
3 1 11 0.716418
4 1 16 1.000000
4 0 25 0.453436
5 0 19 0.385526
5 1 1 0.417939
5 1 16 0.582061
6 0 4 0.230975
6 1 16 0.470460
6 1 0 0.529540
7 1 8 1.000000
7 0 7 0.516230
8 1 0 0.502878
8 1 6 0.497122
9 0 10 0.449287
9 1 2 1.000000
9 0 26 0.264496
26 1 1 0.538688
11 1 6 1.000000
11 0 13 1.000000
12 0 13 0.542916
12 1 23 0.499373
12 1 25 0.500627
13 0 14 0.299582
13 1 6 0.173416
13 1 19 0.826584
14 0 26 0.804456
14 1 9 1.000000
14 0 4 0.088945
15 0 19 0.310131
15 1 1 0.822625
15 1 22 0.177375
16 0 12 0.248220
16 1 18 0.617176
16 1 9 0.382824
17 1 26 1.000000
17 0 4 0.435402
18 0 13 0.714956
18 1 17 0.090830
18 1 18 0.909170
20 1 15 0.210184
20 1 1 0.789816
21 1 3 1.000000
21 0 26 0.249191
22 1 7 1.000000
22 0 26 0.242050
23 1 3 0.620957
23 1 7 0.379043
24 0 18 0.730669
24 1 13 0.753629
24 1 12 0.246371
25 1 2 0.361284
25 1 15 0.638716
