69 24
0 0 14 0.253533
1 0 11 0.937025
2 0 17 1.000000
3 0 11 1.000000
4 0 15 1.000000
5 0 8 0.704061
6 0 1 0.513326
7 0 4 0.329060
8 0 15 0.619434
9 0 0 1.000000
10 0 13 1.000000
11 0 22 1.000000
12 0 9 1.000000
13 0 20 0.766586
14 0 2 0.825499
15 0 3 1.000000
16 0 20 0.153853
17 0 16 0.325056
18 0 3 1.000000
19 0 1 0.351392
20 0 21 0.041454
21 0 1 1.000000
22 0 4 0.910670
23 0 2 0.248847
0 0 18 0.746467
1 1 23 1.000000
1 0 13 0.062975
2 1 12 0.702112
2 1 19 0.297888
3 1 4 0.248015
3 1 2 0.751985
4 1 7 0.655978
4 1 14 0.344022
5 0 12 0.238557
5 1 17 1.000000
5 0 1 0.057382
6 0 12 0.486674
7 0 2 0.670940
7 1 9 0.736619
7 1 21 0.263381
8 1 15 1.000000
8 0 2 0.380566
9 1 16 0.134093
9 1 10 0.865907
12 1 14 0.499765
12 1 0 0.500235
13 1 20 0.969899
13 1 7 0.030101
14 0 14 0.174501
16 1 13 0.451491
16 1 23 0.548509
17 0 10 0.674944
18 1 7 0.360190
18 1 10 0.639810
19 0 23 0.029141
19 1 22 1.000000
19 0 9 0.619467
20 0 4 0.958546
20 1 7 0.451955
20 1 10 0.548045
22 0 15 0.089330
22 1 9 0.773250
22 1 17 0.226750
23 0 0 0.496401
23 1 3 1.000000
23 0 3 0.254751
16 0 5 0.395785
16 0 6 0.450362
13 0 8 0.233414
