42 14
0 0 6 0.483491
1 0 13 1.000000
2 0 10 0.401623
3 0 1 0.776186
4 0 5 1.000000
5 0 4 0.243942
6 0 1 0.315565
7 0 10 0.221798
8 0 3 1.000000
9 0 10 1.000000
10 0 6 0.681383
11 0 1 1.000000
12 0 1 0.536855
13 0 9 0.321049
0 0 5 0.516509
0 1 1 0.436343
0 1 9 0.330445
1 1 3 0.603040
1 1 4 0.396960
2 0 3 0.203413
2 1 2 1.000000
2 0 6 0.394964
3 0 0 0.223814
3 1 5 0.347635
3 1 2 0.652365
5 1 3 1.000000
5 0 11 0.756058
6 0 13 0.684435
7 0 5 0.778202
9 1 1 0.713480
9 1 11 0.286520
10 1 4 1.000000
10 0 7 0.318617
11 1 9 0.786541
11 1 0 0.213459
12 1 3 1.000000
12 0 10 0.463145
13 0 1 0.277410
13 1 11 0.692489
13 0 4 0.401540
13 1 8 0.307511
0 1 12 0.233212
