68 24
0 0 18 1.000000
1 0 11 1.000000
2 0 7 0.071980
3 0 19 0.206858
4 0 9 1.000000
5 0 18 0.825697
6 0 7 1.000000
7 0 12 0.866886
8 0 4 0.521410
9 0 21 0.272732
16 0 20 0.003367
11 0 2 0.355319
12 0 8 0.559686
13 0 9 1.000000
14 0 9 0.540484
15 0 10 1.000000
16 0 10 0.542329
17 0 21 0.541440
18 0 19 1.000000
19 0 22 0.293190
20 0 14 0.582631
21 0 19 0.451535
22 0 5 1.000000
23 0 14 0.300704
1 1 17 0.228475
1 1 23 0.771525
2 0 22 0.928020
2 1 17 0.288565
2 1 3 0.236275
3 0 15 0.518489
3 1 1 1.000000
3 0 4 0.274653
2 1 16 0.475161
7 0 6 0.133114
5 0 4 0.174303
6 1 2 0.135976
6 1 19 0.864024
8 0 11 0.021339
8 1 5 1.000000
8 0 2 0.457251
9 0 5 0.727268
10 1 15 1.000000
23 0 9 0.382203
11 1 11 1.000000
11 0 8 0.644681
12 0 21 0.440314
13 1 4 0.239361
13 1 9 0.760639
14 0 14 0.389990
14 1 3 1.000000
14 0 12 0.069527
15 1 1 0.225612
15 1 13 0.774388
16 0 9 0.454304
17 0 9 0.458560
17 1 9 0.424824
17 1 19 0.575176
19 0 12 0.706810
19 1 0 0.994955
19 1 18 0.005045
20 0 2 0.235016
20 1 6 1.000000
20 0 0 0.182353
21 0 8 0.345495
21 1 4 1.000000
21 0 3 0.202970
23 0 21 0.317093
23 1 9 1.000000
