34 15
2 0 4 0.277558
1 0 8 1.000000
2 0 14 0.317645
3 0 10 0.543318
4 0 7 0.091920
5 0 7 1.000000
6 0 13 0.282428
7 0 6 0.783617
8 0 13 1.000000
14 0 2 0.547153
10 0 12 0.469698
11 0 1 1.000000
12 0 13 1.000000
13 0 11 1.000000
14 0 3 0.452847
10 1 11 0.512609
1 1 7 0.707412
1 1 11 0.292588
2 1 9 1.000000
2 0 7 0.404797
3 0 11 0.456682
4 0 11 0.908080
5 1 13 0.217348
5 1 8 0.782652
6 0 2 0.717572
7 0 5 0.216383
7 1 11 0.892204
7 1 12 0.107796
8 1 5 0.868677
8 1 6 0.131323
10 1 0 0.487391
9 1 3 1.000000
9 0 2 1.000000
10 0 11 0.530302
