57 23
0 0 21 1.000000
1 0 21 0.071421
2 0 8 1.000000
3 0 12 1.000000
4 0 3 0.306248
5 0 15 1.000000
6 0 22 0.026695
7 0 8 0.428273
8 0 17 0.309946
14 0 9 0.251308
10 0 19 0.702078
11 0 21 0.450890
12 0 17 1.000000
13 0 12 1.000000
14 0 8 0.431523
15 0 18 0.526547
16 0 15 0.146967
17 0 13 0.024311
18 0 3 0.675521
19 0 0 0.211333
20 0 10 0.115991
21 0 14 1.000000
22 0 20 1.000000
22 1 13 0.440564
22 1 21 0.559436
1 0 0 0.325874
1 1 6 1.000000
1 0 7 0.602704
2 1 22 0.275550
2 1 1 0.724450
3 1 2 0.653594
3 1 15 0.346406
4 0 2 0.693752
6 0 15 0.973305
6 1 8 0.809016
6 1 0 0.190984
7 0 11 0.571727
8 0 2 0.682113
8 1 22 1.000000
8 0 0 0.007941
20 0 1 0.884009
10 1 1 1.000000
10 0 7 0.297922
11 0 3 0.549110
14 0 0 0.182033
14 1 14 1.000000
14 0 21 0.135136
15 0 1 0.473453
15 1 5 0.375133
15 1 8 0.624867
16 1 6 1.000000
16 0 2 0.853033
17 0 15 0.975689
18 0 16 0.226432
18 1 4 1.000000
18 0 2 0.098046
19 0 21 0.788668
