41 13
0 0 11 1.000000
1 0 11 0.477279
2 0 9 0.809381
5 0 10 0.170696
4 0 5 0.320457
5 0 0 0.130279
6 0 4 1.000000
7 0 0 0.394784
8 0 0 0.661824
9 0 11 0.706356
10 0 12 0.169536
11 0 3 0.909404
12 0 2 0.328404
1 0 7 0.145115
1 1 11 1.000000
1 0 8 0.377607
2 1 0 1.000000
2 0 3 0.190619
5 0 6 0.699025
3 1 8 1.000000
3 0 3 1.000000
4 0 9 0.522157
4 1 0 1.000000
4 0 1 0.157386
7 0 9 0.605216
7 1 12 0.498464
7 1 9 0.501536
8 0 9 0.338176
8 1 7 0.486802
8 1 0 0.513198
9 0 0 0.293644
9 1 5 0.002654
9 1 3 0.997346
10 0 9 0.830464
10 1 4 0.795625
10 1 10 0.204375
11 1 2 0.725734
11 0 11 0.090596
12 0 12 0.084422
11 1 1 0.274266
12 0 4 0.587174
