52 17
0 0 15 1.000000
1 0 2 0.092625
2 0 1 0.757152
3 0 15 0.958705
12 1 7 0.185822
5 0 15 0.499265
8 1 5 0.637352
7 0 1 0.150127
8 0 12 1.000000
9 0 15 0.626454
10 0 2 0.258216
11 0 15 0.481697
12 0 13 1.000000
13 0 8 0.412678
14 0 11 0.418736
15 0 3 1.000000
16 0 3 0.338062
0 1 6 0.049404
0 1 0 0.950595
1 0 15 0.907375
1 1 11 0.480965
1 1 0 0.519035
2 0 6 0.242848
2 1 13 0.900149
2 1 16 0.099851
3 0 10 0.041295
13 1 4 0.614945
5 1 15 1.000000
5 0 16 0.500735
6 1 3 1.000000
16 0 14 0.661938
7 0 10 0.497536
7 1 0 1.000000
7 0 12 0.352338
8 1 13 0.084225
8 1 14 0.278423
9 0 9 0.373546
9 1 6 0.600110
9 1 15 0.399890
10 1 1 1.000000
10 0 6 0.741784
11 0 1 0.518303
12 1 12 0.761352
12 1 14 0.052825
13 1 3 0.385055
13 0 10 0.587322
14 0 9 0.581264
14 1 9 0.767104
14 1 13 0.232896
15 1 6 0.150633
15 1 8 0.849367
16 1 16 1.000000
