46 18
0 0 17 1.000000
1 0 5 0.124253
2 0 15 0.402597
3 0 14 1.000000
4 0 15 1.000000
5 0 13 0.363036
6 0 10 1.000000
7 0 3 0.254502
8 0 0 1.000000
9 0 12 1.000000
10 0 11 0.205293
11 0 15 0.417325
12 0 1 0.371638
13 0 17 0.232008
14 0 15 1.000000
15 0 16 1.000000
16 0 8 0.644151
17 0 16 0.315319
0 1 6 0.524158
0 1 13 0.475842
1 0 14 0.875747
2 1 8 1.000000
2 0 4 0.597403
3 1 10 0.815095
3 1 2 0.184905
4 1 1 0.616515
4 1 13 0.383485
5 0 5 0.248753
5 1 16 1.000000
5 0 11 0.388211
6 1 0 0.462361
6 1 15 0.537639
7 0 5 0.745498
10 0 0 0.794707
11 0 14 0.582675
12 1 4 1.000000
12 0 5 0.628362
13 0 7 0.305029
13 1 17 1.000000
13 0 11 0.462964
15 1 7 0.956050
15 1 0 0.043950
16 0 13 0.355849
17 0 10 0.226027
17 1 14 1.000000
17 0 9 0.458653
