49 17
0 0 6 0.868128
1 0 10 0.536578
2 0 0 0.295110
3 0 10 0.830912
4 0 3 0.567588
5 0 7 0.322121
6 0 8 1.000000
7 0 11 1.000000
8 0 16 0.695878
9 0 14 0.721666
10 0 1 1.000000
11 0 12 0.406384
12 0 2 1.000000
13 0 2 1.000000
14 0 16 0.263143
15 0 11 0.262017
16 0 2 0.289851
0 1 16 1.000000
0 0 8 0.131872
1 0 16 0.463422
5 0 15 0.347076
2 0 13 0.278771
2 0 10 0.426119
3 1 9 1.000000
3 0 9 0.169088
4 0 6 0.055270
4 1 11 1.000000
4 0 11 0.377143
5 0 2 0.330802
6 1 5 0.338873
6 1 10 0.661127
8 0 2 0.304122
9 1 1 1.000000
9 0 5 0.278334
10 1 16 0.430286
10 1 1 0.569714
11 0 3 0.243886
11 1 2 1.000000
11 0 8 0.349730
16 0 11 0.710149
12 1 16 1.000000
15 0 3 0.406816
13 1 4 0.392091
13 1 2 0.607909
14 0 9 0.494728
14 1 7 1.000000
14 0 4 0.242130
15 0 6 0.331168
15 1 0 1.000000
