83 24
0 0 3 1.000000
1 0 18 0.394154
2 0 14 0.604358
3 0 11 0.654963
4 0 20 0.090502
5 0 14 0.442760
6 0 15 1.000000
7 0 10 0.667496
8 0 14 0.463448
9 0 1 1.000000
10 0 0 0.251485
11 0 20 0.951037
12 0 15 0.025090
13 0 7 1.000000
14 0 16 0.417373
15 0 9 1.000000
16 0 11 1.000000
17 0 15 0.414149
18 0 14 0.804665
19 0 18 0.537738
20 0 14 0.108843
21 0 13 1.000000
22 0 1 0.129879
23 0 11 0.068731
1 0 16 0.605846
1 1 7 0.247640
1 1 22 0.752360
2 0 4 0.155514
2 1 2 1.000000
2 0 5 0.240128
3 0 5 0.034164
3 1 12 0.481615
3 1 3 0.518385
4 0 17 0.565766
4 1 16 0.551498
4 1 7 0.448502
5 0 9 0.557240
5 1 9 0.442594
5 1 17 0.557406
6 1 7 0.467716
6 1 19 0.532284
7 0 1 0.332504
7 1 11 0.548779
7 1 13 0.451221
8 0 9 0.008563
8 1 5 1.000000
8 0 23 0.527989
9 1 9 0.755567
9 1 20 0.244433
10 0 16 0.748515
10 1 20 0.070798
10 1 15 0.929202
11 1 17 1.000000
11 0 1 0.048963
12 1 17 1.000000
12 0 7 0.974910
4 0 21 0.343732
13 1 15 1.000000
3 0 8 0.310874
14 0 6 0.489808
14 1 7 1.000000
14 0 9 0.092818
15 1 15 0.974616
15 1 22 0.025384
16 1 23 0.744416
16 1 13 0.255584
17 0 12 0.423390
17 1 6 1.000000
17 0 17 0.162460
18 1 7 1.000000
18 0 16 0.195335
19 0 22 0.462262
19 1 5 0.715492
19 1 11 0.284508
20 0 4 0.891157
21 1 14 0.558511
21 1 18 0.441489
22 0 12 0.870121
22 1 13 0.710836
22 1 19 0.289164
23 0 18 0.490942
23 1 2 1.000000
23 0 23 0.440327
