38 15
0 0 2 1.000000
1 0 9 0.756401
2 0 3 0.290913
3 0 8 0.563740
4 1 12 0.866309
5 0 11 1.000000
6 0 5 1.000000
7 0 6 1.000000
8 0 10 0.837565
9 0 5 0.143365
10 0 4 1.000000
11 0 4 1.000000
12 0 6 1.000000
13 0 4 1.000000
14 0 4 1.000000
0 1 13 0.113204
0 1 6 0.886796
1 0 14 0.187605
1 1 6 1.000000
1 0 5 0.055994
2 0 2 0.709087
2 1 2 0.008690
2 1 6 0.991310
3 0 10 0.436260
4 1 4 0.133691
12 1 6 1.000000
5 1 2 0.663323
5 1 3 0.336677
6 1 0 0.451454
6 1 1 0.548546
8 0 8 0.162435
9 0 7 0.667820
9 1 10 1.000000
9 0 11 0.188814
10 1 5 0.300972
10 1 8 0.699028
11 1 5 0.191672
11 1 9 0.808328
