65 22
0 0 2 0.107381
1 0 21 0.105055
2 0 17 1.000000
3 0 15 1.000000
4 0 14 1.000000
5 0 15 0.100586
6 0 3 0.206726
7 0 16 1.000000
8 0 0 0.195237
9 0 0 0.531706
10 0 19 0.674709
11 0 10 1.000000
12 0 8 0.174625
13 0 6 0.277842
14 0 3 1.000000
15 0 13 0.402374
16 0 17 1.000000
17 0 5 0.193454
18 0 1 0.129873
19 0 3 0.472815
20 0 2 0.416518
21 0 4 0.756165
0 0 3 0.428724
0 1 14 1.000000
0 0 17 0.463895
1 0 13 0.894945
3 1 18 0.483520
3 1 14 0.516480
5 0 17 0.029678
5 1 20 1.000000
5 0 20 0.869737
6 0 11 0.492531
6 1 4 1.000000
6 0 12 0.300743
7 1 9 0.328171
7 1 11 0.671829
8 1 8 1.000000
8 0 1 0.804763
9 0 12 0.149444
9 1 6 1.000000
9 0 8 0.318851
10 0 15 0.325291
10 1 5 0.173814
10 1 0 0.826186
11 1 17 0.702193
11 1 2 0.297807
12 1 9 1.000000
12 0 12 0.825375
13 0 13 0.336909
13 1 17 0.688824
13 0 15 0.385249
14 1 20 0.085241
14 1 19 0.914759
15 0 0 0.597626
17 1 18 1.000000
17 0 19 0.806546
18 0 20 0.404031
18 1 2 1.000000
18 0 9 0.466095
19 1 19 1.000000
19 0 13 0.527185
20 1 15 1.000000
20 0 15 0.583482
21 0 7 0.243835
13 1 16 0.311176
