60 21
0 0 19 0.043958
1 0 17 0.681978
2 0 18 1.000000
3 0 9 0.668612
4 0 12 0.621394
5 0 4 0.049606
6 0 1 0.171226
7 0 19 1.000000
8 0 1 0.597077
9 0 14 0.599343
10 0 18 0.358445
11 0 7 0.371411
12 0 19 1.000000
13 0 8 0.463033
14 0 9 0.076564
15 0 18 1.000000
16 0 12 0.207966
17 0 18 1.000000
18 0 2 0.714419
19 0 2 0.352493
20 0 19 0.510481
0 0 15 0.956042
1 1 11 1.000000
1 0 13 0.318022
3 0 7 0.141280
3 1 19 0.557473
3 1 12 0.442527
4 1 10 1.000000
4 0 14 0.378606
5 0 16 0.950394
6 0 8 0.828774
7 1 7 0.981894
7 1 15 0.018106
8 0 15 0.402923
9 0 11 0.400657
9 1 17 0.374750
9 1 3 0.252632
10 0 19 0.163686
10 1 11 1.000000
10 0 3 0.477869
11 0 10 0.628589
13 0 1 0.536967
9 1 16 0.372619
3 0 6 0.190108
14 1 19 1.000000
14 0 20 0.523186
15 1 12 0.177780
15 1 13 0.822220
16 1 4 1.000000
16 0 18 0.792034
18 0 15 0.285581
18 1 8 0.947958
18 1 4 0.052042
19 0 8 0.318261
19 1 0 1.000000
19 0 20 0.329246
20 0 12 0.489519
20 1 20 0.212421
20 1 12 0.787579
14 0 5 0.400250
