75 24
0 0 6 0.756737
1 0 20 0.610215
2 0 1 0.315679
3 0 22 0.445529
4 0 12 0.440993
5 0 3 0.371054
6 0 4 0.108651
7 0 16 1.000000
8 0 5 0.413073
9 0 0 0.107313
10 0 20 0.439534
11 0 4 0.215155
12 0 23 0.679185
13 0 0 1.000000
14 0 23 0.519081
15 0 4 1.000000
16 0 5 1.000000
17 0 8 0.536712
18 0 3 1.000000
19 0 3 0.104640
5 1 11 0.290179
21 0 6 0.421009
22 0 20 0.007989
23 0 15 0.561976
0 0 20 0.243263
0 1 19 0.798030
0 1 10 0.201970
1 0 8 0.389785
1 1 8 0.595987
1 1 7 0.404013
2 0 3 0.684321
2 1 18 0.505434
2 1 3 0.494566
3 0 21 0.225472
3 1 22 1.000000
3 0 12 0.328999
4 0 9 0.559007
5 1 6 0.709821
5 0 16 0.628946
6 0 13 0.618468
6 1 17 1.000000
6 0 15 0.272881
8 0 15 0.586927
8 1 5 0.472157
8 1 21 0.527843
9 0 22 0.425934
9 1 12 1.000000
9 0 12 0.466753
10 1 6 1.000000
10 0 10 0.456035
11 1 0 1.000000
11 0 11 0.784845
12 0 8 0.320815
13 1 0 0.274507
13 1 7 0.725493
14 0 0 0.480919
14 1 18 0.137493
14 1 5 0.862507
16 1 8 0.105295
16 1 20 0.894705
17 0 20 0.279201
17 1 9 1.000000
17 0 18 0.184088
19 0 4 0.895360
20 0 22 1.000000
20 1 17 1.000000
10 0 2 0.104431
21 0 23 0.578991
21 1 0 0.880772
21 1 6 0.119228
22 0 23 0.436532
23 0 13 0.438024
23 1 3 0.517383
23 1 4 0.482617
22 0 1 0.555479
