75 25
0 0 5 1.000000
1 0 20 1.000000
2 0 15 0.305939
3 0 14 0.855280
4 0 20 0.095697
5 0 20 0.086405
6 0 18 0.185849
7 0 17 0.330734
8 0 24 0.647145
9 0 18 0.443775
10 0 14 0.273520
11 0 15 1.000000
12 0 13 0.181937
13 0 6 0.925627
14 0 0 0.797224
15 0 18 1.000000
16 0 24 0.576172
17 0 16 0.173237
18 0 5 0.875759
19 0 6 0.614673
20 0 11 0.833903
21 0 15 0.407495
22 0 18 1.000000
23 0 16 0.680233
24 0 18 0.983298
0 1 19 0.559113
0 1 2 0.440887
2 1 15 1.000000
2 0 13 0.694061
3 1 3 1.000000
3 0 8 0.144720
4 0 2 0.904303
4 1 8 0.147298
4 1 3 0.852702
5 1 5 1.000000
5 0 24 0.913595
6 0 21 0.814151
6 1 23 0.205617
6 1 15 0.794383
7 0 24 0.669266
8 1 1 1.000000
8 0 21 0.352855
9 1 0 1.000000
9 0 15 0.556225
10 0 7 0.367140
10 1 2 1.000000
10 0 21 0.359340
12 0 15 0.818063
13 1 15 1.000000
13 0 10 0.074373
14 1 22 1.000000
14 0 4 0.202776
15 1 2 0.654992
15 1 12 0.345008
16 0 20 0.423828
17 0 22 0.426968
17 1 23 1.000000
17 0 10 0.399795
18 1 15 0.544359
18 0 21 0.124241
19 0 17 0.263128
19 1 6 1.000000
19 0 11 0.122199
20 0 3 0.166097
20 1 22 0.156986
20 1 2 0.843014
21 0 13 0.592505
21 1 19 0.153971
21 1 13 0.846029
22 1 17 0.556350
22 1 14 0.443650
23 1 22 1.000000
23 0 5 0.319767
24 0 5 0.016702
18 1 9 0.455641
