34 14
13 1 2 0.476490
1 0 6 0.402450
2 0 11 0.524077
3 0 10 1.000000
4 0 5 0.596153
5 0 11 1.000000
6 0 1 1.000000
7 0 5 0.345284
8 0 7 0.646777
9 0 3 0.697215
10 0 3 1.000000
11 0 12 0.539214
12 0 7 1.000000
13 0 7 1.000000
0 1 2 1.000000
13 1 12 0.523510
1 0 5 0.247138
1 1 9 1.000000
1 0 10 0.350411
2 1 8 1.000000
2 0 9 0.475923
3 1 0 0.555413
3 1 4 0.444587
4 0 11 0.403847
7 0 2 0.294209
7 1 3 1.000000
7 0 6 0.360507
8 1 3 1.000000
8 0 3 0.353223
9 1 1 1.000000
9 0 4 0.302785
11 0 13 0.460786
12 1 1 0.406739
12 1 9 0.593261
