91 30
0 0 28 0.235481
1 0 11 1.000000
2 0 17 0.591433
3 0 25 0.707309
4 0 11 0.195061
5 0 24 1.000000
6 0 2 0.656429
7 0 23 0.446367
8 0 15 0.122349
9 0 26 0.760719
10 0 0 1.000000
11 0 27 1.000000
12 0 27 0.477107
13 0 9 0.999828
14 0 13 0.628867
15 0 25 1.000000
16 0 20 1.000000
17 0 13 0.631834
18 0 23 0.511301
19 0 28 1.000000
20 0 7 1.000000
21 0 15 0.560656
22 0 11 1.000000
23 0 9 0.469618
24 0 19 1.000000
25 0 19 0.458630
26 0 19 1.000000
27 0 13 0.610027
28 0 16 1.000000
29 0 6 1.000000
0 0 14 0.354717
0 1 13 1.000000
0 0 17 0.409802
1 1 1 0.493006
1 1 0 0.506994
2 0 21 0.408567
2 1 24 0.579682
2 1 8 0.420318
3 0 1 0.292691
4 0 5 0.554512
4 1 17 1.000000
4 0 23 0.250427
5 1 2 0.413034
5 1 8 0.586966
6 0 19 0.088053
6 1 3 1.000000
6 0 3 0.255518
7 0 9 0.553633
7 1 3 0.688546
7 1 0 0.311454
8 0 21 0.877651
8 1 15 0.573328
8 1 18 0.426672
9 1 10 1.000000
9 0 2 0.239281
10 1 3 0.614241
10 1 6 0.385759
11 1 5 0.477182
11 1 17 0.522818
12 1 24 1.000000
12 0 6 0.522893
13 0 11 0.000172
14 0 16 0.279862
14 1 13 1.000000
14 0 4 0.091271
15 1 6 0.387823
15 1 19 0.612177
17 0 20 0.368166
18 0 3 0.488699
23 1 22 0.459158
28 1 27 0.861441
19 1 5 0.807525
19 1 8 0.192475
20 1 23 0.113152
20 1 3 0.886848
21 0 29 0.062710
21 1 17 1.000000
21 0 25 0.376634
22 1 8 0.841525
22 1 3 0.158475
23 0 28 0.181736
23 1 18 0.540842
23 0 12 0.348646
24 1 1 0.829162
24 1 27 0.170838
25 0 21 0.527516
25 1 1 1.000000
25 0 18 0.013854
27 1 27 1.000000
27 0 11 0.389973
28 1 20 0.138559
