75 25
0 0 12 0.446111
1 0 4 1.000000
2 0 23 0.730622
3 0 8 0.627502
4 0 6 1.000000
5 0 19 0.249756
6 0 19 0.572925
7 0 5 0.422758
8 0 9 0.321496
9 0 15 0.715466
10 0 19 0.329789
11 0 24 0.101293
12 0 9 1.000000
13 0 24 1.000000
14 0 10 1.000000
15 0 11 0.051630
16 0 15 0.419662
17 0 23 0.355306
18 0 16 0.349834
19 0 0 1.000000
20 0 9 0.276436
21 0 12 0.614258
22 0 1 1.000000
23 0 3 0.505155
24 0 22 0.539287
0 0 24 0.168413
0 1 24 1.000000
0 0 0 0.096424
1 1 9 0.753662
1 1 1 0.246338
2 1 1 1.000000
2 0 0 0.269378
3 0 0 0.372498
3 1 14 0.267320
3 1 5 0.732680
5 0 12 0.042212
5 1 20 1.000000
5 0 22 0.708032
6 1 20 1.000000
6 0 10 0.427075
7 1 11 1.000000
7 0 11 0.577242
8 0 0 0.282216
8 1 18 0.510820
8 1 7 0.489180
9 0 9 0.284534
9 1 23 0.546526
9 1 1 0.453474
10 0 11 0.670211
11 1 0 1.000000
11 0 19 0.898707
13 1 17 0.583594
13 1 4 0.416406
15 1 7 1.000000
15 0 14 0.948370
16 0 17 0.506393
16 1 9 1.000000
16 0 16 0.073945
17 0 14 0.644694
18 1 2 1.000000
18 0 12 0.650166
19 1 5 0.149525
19 1 2 0.850475
20 0 16 0.367876
20 1 22 1.000000
20 0 2 0.355688
21 0 24 0.078721
21 1 7 1.000000
21 0 1 0.307022
22 1 20 0.828743
22 1 14 0.171257
23 0 16 0.494845
24 0 3 0.460713
8 0 13 0.396288
0 0 21 0.289052
