55 18
0 0 7 1.000000
1 0 8 1.000000
2 0 17 0.661376
3 0 9 0.419174
4 0 3 0.555536
5 0 13 0.473520
6 0 11 0.075812
7 0 10 0.177997
8 0 14 1.000000
9 0 17 0.511321
10 0 6 0.975260
11 0 10 0.541570
12 0 6 0.805298
13 0 1 0.784910
14 0 15 1.000000
15 0 8 0.472510
16 0 5 0.394801
17 0 8 0.611261
1 1 12 0.769511
1 1 3 0.230489
2 0 10 0.338624
2 1 8 0.805246
2 1 7 0.194754
3 1 5 1.000000
3 0 14 0.580826
4 0 16 0.444464
5 1 14 1.000000
5 0 5 0.526480
6 1 12 1.000000
6 0 16 0.924188
7 0 8 0.822003
7 1 6 0.645628
7 1 4 0.354372
8 1 0 0.178580
8 1 9 0.821420
9 0 2 0.488679
9 1 2 0.718404
9 1 10 0.281595
10 1 11 1.000000
10 0 15 0.024740
11 0 9 0.346785
11 1 11 1.000000
11 0 6 0.111645
12 1 16 1.000000
12 0 15 0.194702
13 0 2 0.215090
13 1 11 0.711635
13 1 7 0.288365
15 0 17 0.527490
15 1 3 0.781341
15 1 4 0.218659
16 1 1 1.000000
16 0 12 0.605199
17 1 11 1.000000
17 0 2 0.388739
