57 20
0 0 19 0.552286
19 0 10 0.286578
2 0 0 1.000000
3 0 11 0.540991
4 0 10 0.840482
5 0 13 0.804678
6 0 17 1.000000
7 0 3 0.309654
8 0 6 0.147427
9 0 10 0.408308
10 0 4 1.000000
11 0 17 0.977012
12 0 9 1.000000
13 0 4 1.000000
14 0 13 1.000000
15 0 13 0.372911
16 0 14 0.530091
17 0 5 0.560150
18 0 2 0.443472
19 0 5 0.330675
0 0 11 0.447714
0 1 11 0.473572
0 1 14 0.526428
1 1 9 1.000000
19 1 14 1.000000
3 0 13 0.459009
3 1 0 0.530572
3 1 6 0.469428
4 0 6 0.159518
19 0 1 0.382747
18 0 15 0.556528
5 1 18 1.000000
5 0 15 0.195322
6 1 13 0.726145
6 1 2 0.273855
7 1 18 1.000000
7 0 13 0.690346
8 0 2 0.139904
8 1 4 1.000000
8 0 4 0.712669
9 0 2 0.591692
10 1 15 0.840717
10 1 3 0.159283
11 1 7 1.000000
11 0 12 0.022988
12 1 9 0.789411
12 1 4 0.210589
13 1 14 0.427491
13 1 17 0.572509
15 0 8 0.301051
15 1 17 1.000000
15 0 16 0.326039
16 1 19 1.000000
16 0 4 0.469909
17 1 13 1.000000
17 0 19 0.439850
18 1 18 1.000000
