63 21
0 0 13 1.000000
1 0 7 0.273361
2 0 1 0.216010
3 0 19 0.857143
4 0 8 1.000000
5 0 4 0.278673
6 0 9 1.000000
7 0 12 0.996117
8 0 5 0.597775
9 0 20 1.000000
10 0 16 0.425006
11 0 17 0.518094
12 0 15 0.273235
13 0 20 0.638165
14 0 1 1.000000
15 0 7 0.406392
16 0 11 1.000000
17 0 3 0.478373
18 0 1 0.341527
19 0 1 0.276633
20 0 4 1.000000
1 0 14 0.726639
2 0 0 0.428654
2 1 15 1.000000
2 0 18 0.355336
3 1 0 1.000000
3 0 0 0.142857
4 1 17 0.318089
4 1 16 0.681911
5 0 6 0.215946
5 1 0 1.000000
5 0 5 0.505382
6 1 9 0.581068
6 1 15 0.418932
7 0 8 0.003883
8 0 11 0.402225
9 1 0 0.534465
9 1 10 0.465535
10 0 3 0.574994
10 1 2 0.190891
10 1 18 0.809109
11 0 3 0.481906
11 1 12 0.291534
11 1 0 0.708466
12 0 2 0.726765
12 1 11 0.430656
12 1 15 0.569344
13 0 12 0.106846
13 1 15 1.000000
13 0 19 0.254989
14 1 10 0.241513
14 1 17 0.758487
15 0 11 0.593608
15 1 14 0.272528
15 1 2 0.727472
19 1 18 0.681010
19 1 11 0.318990
17 1 16 1.000000
17 0 7 0.521627
18 0 10 0.296339
18 1 14 1.000000
18 0 4 0.362134
19 0 12 0.723367
