53 20
0 0 15 1.000000
1 0 13 1.000000
2 0 15 0.339170
3 0 15 0.164672
4 0 5 0.267976
5 0 3 0.602822
6 0 9 0.638363
7 0 12 1.000000
8 0 1 0.729838
13 1 7 0.731765
10 0 6 0.585402
11 0 13 0.864256
12 0 18 1.000000
13 0 6 0.390899
19 1 10 0.634892
15 0 13 1.000000
16 0 15 1.000000
17 0 15 0.524173
18 0 8 0.720299
19 0 8 1.000000
2 1 15 1.000000
2 0 4 0.660830
3 0 11 0.017104
3 1 15 1.000000
3 0 8 0.818224
4 0 11 0.296132
4 1 15 1.000000
4 0 12 0.435893
5 0 0 0.397178
5 1 14 0.485709
5 1 15 0.514291
6 1 9 1.000000
6 0 14 0.361637
8 1 6 1.000000
8 0 16 0.270162
9 1 5 1.000000
19 1 2 0.365108
10 1 8 1.000000
10 0 0 0.414598
11 1 3 1.000000
11 0 4 0.135744
13 0 10 0.237868
13 1 5 0.268235
13 0 19 0.371233
14 0 2 1.000000
14 1 17 1.000000
18 0 2 0.033812
15 1 16 0.946573
15 1 9 0.053427
17 1 4 1.000000
17 0 2 0.475827
18 0 9 0.245889
18 1 18 1.000000
