76 22
0 0 7 0.350148
1 0 10 0.755224
3 1 21 0.094635
3 0 5 0.669044
4 0 13 1.000000
5 0 9 0.299167
6 0 14 0.444825
7 0 0 0.182517
8 0 19 0.586520
9 0 19 0.654821
10 0 17 0.612989
8 1 20 0.446919
12 0 6 0.754451
13 0 19 0.914659
14 0 10 0.354208
15 0 4 0.655767
16 0 6 1.000000
17 0 21 0.381063
18 0 11 1.000000
19 0 1 0.241074
20 0 16 1.000000
21 0 7 0.427782
1 0 15 0.039076
1 1 11 0.297153
1 1 8 0.106039
3 1 18 0.187305
3 0 10 0.330956
4 1 21 0.256036
4 1 3 0.372347
5 1 15 1.000000
5 0 4 0.334107
6 0 16 0.403957
6 1 9 1.000000
6 0 12 0.151217
8 1 2 0.261653
8 1 16 0.291429
9 1 5 1.000000
9 0 8 0.345179
10 0 12 0.046241
10 1 8 1.000000
10 0 5 0.340771
11 0 2 1.000000
12 1 3 1.000000
12 0 8 0.245550
13 1 17 1.000000
13 0 17 0.085341
16 1 7 0.254240
16 1 15 0.745760
17 0 4 0.473976
17 1 2 1.000000
17 0 1 0.144961
18 1 16 0.758642
18 1 1 0.241357
19 1 4 1.000000
19 0 3 0.758926
20 1 1 0.518889
20 1 8 0.481111
21 0 0 0.572218
21 1 11 0.417760
21 1 16 0.582240
7 0 1 0.238024
7 0 2 0.152282
7 0 3 0.321855
7 0 4 0.011322
1 0 5 0.205700
4 1 6 0.371617
0 0 8 0.347317
3 1 9 0.718060
5 0 10 0.366726
0 0 11 0.037563
0 0 12 0.264971
15 0 19 0.344233
7 0 14 0.094000
8 0 18 0.413480
1 1 16 0.596808
14 0 17 0.645792
