85 28
0 0 21 0.681193
1 0 11 0.018841
2 0 11 1.000000
3 0 23 0.469635
4 0 2 1.000000
5 0 12 0.295466
6 0 3 0.821914
7 0 10 0.440143
8 0 22 0.815622
9 0 24 0.460302
10 0 14 1.000000
11 0 10 0.497670
22 0 18 0.834212
27 1 11 0.631742
14 0 27 0.698497
15 0 4 0.434954
16 0 3 0.077268
17 0 1 0.943074
18 0 15 1.000000
19 0 17 0.260602
20 0 7 0.984749
21 0 8 0.264617
22 0 0 0.165788
23 0 5 0.434272
24 0 9 1.000000
25 0 24 1.000000
26 0 23 1.000000
27 0 24 1.000000
0 0 2 0.065385
0 1 25 1.000000
0 0 26 0.253422
1 1 1 1.000000
1 0 15 0.981159
3 0 11 0.439520
3 1 13 1.000000
3 0 25 0.090845
4 1 10 0.162762
4 1 2 0.837238
5 0 1 0.584563
5 1 23 1.000000
5 0 5 0.119971
6 0 22 0.178085
6 1 10 0.455857
6 1 9 0.544143
7 0 3 0.559857
7 1 7 0.313944
7 1 19 0.686056
8 0 21 0.184378
27 1 22 0.368258
25 1 6 0.310035
9 1 11 1.000000
9 0 26 0.539698
10 1 10 0.675488
10 1 16 0.324512
11 0 9 0.502330
11 1 2 0.097401
11 1 11 0.902599
25 1 1 0.689965
13 1 23 1.000000
24 1 0 0.529878
14 0 22 0.301503
14 1 4 0.206060
14 1 11 0.793940
15 0 2 0.565046
16 0 10 0.251986
16 1 22 1.000000
16 0 5 0.670746
17 0 13 0.056926
17 1 27 0.778780
17 1 1 0.221220
18 1 4 0.438679
18 1 18 0.561321
19 0 6 0.441435
19 1 13 1.000000
19 0 9 0.297963
20 0 16 0.015251
21 0 27 0.735383
21 1 3 0.445286
21 1 7 0.554714
22 1 1 0.677938
22 1 4 0.322062
23 0 20 0.339991
23 1 2 1.000000
23 0 26 0.225737
24 1 15 0.470122
