70 24
0 0 18 0.466952
1 0 2 1.000000
2 0 14 0.267334
3 0 19 1.000000
4 0 22 1.000000
5 0 1 0.624293
6 0 7 0.225241
7 0 8 0.292304
8 0 5 0.390482
9 0 21 0.293496
10 0 7 1.000000
11 0 12 0.987802
12 0 20 1.000000
13 0 22 1.000000
14 0 18 0.415862
15 0 9 1.000000
16 0 0 1.000000
17 0 9 1.000000
18 0 0 0.928210
19 0 22 0.448667
20 0 9 0.203354
21 0 16 0.665471
22 0 12 1.000000
23 0 8 1.000000
0 0 11 0.477960
0 1 15 1.000000
0 0 15 0.055088
1 1 15 0.297013
1 1 14 0.702987
2 0 12 0.224051
2 1 10 1.000000
2 0 1 0.508615
3 1 4 0.413870
3 1 15 0.586129
4 1 2 0.501231
4 1 7 0.498769
5 1 18 1.000000
5 0 16 0.375707
6 0 22 0.472371
6 1 17 1.000000
6 0 16 0.302389
7 0 22 0.707696
7 1 3 0.390527
7 1 2 0.609473
8 0 18 0.044528
8 1 0 1.000000
8 0 2 0.247907
9 0 8 0.503381
9 1 12 1.000000
9 0 4 0.203123
11 0 17 0.012198
13 1 14 0.507523
13 1 4 0.492477
14 0 1 0.344195
14 1 20 1.000000
14 0 16 0.239943
16 1 9 0.304361
16 1 1 0.695639
18 0 6 0.071790
19 0 10 0.551333
19 1 19 0.455665
19 1 22 0.544335
20 0 0 0.217837
21 0 5 0.334529
22 1 0 0.156293
22 1 4 0.843707
23 1 15 0.168463
23 1 20 0.831537
20 0 13 0.578809
8 0 23 0.317083
