49 16
0 0 1 0.424927
1 0 5 0.807715
2 0 1 0.869539
3 0 11 1.000000
4 0 11 0.303818
5 0 15 0.452182
6 0 14 0.515635
7 0 4 0.748917
8 0 11 1.000000
9 0 12 1.000000
15 1 12 0.619405
11 0 3 0.506416
12 0 15 0.458945
13 0 2 0.409723
14 0 0 0.628828
15 0 14 0.083211
0 0 14 0.575073
1 0 4 0.192285
1 1 4 0.509984
1 1 14 0.490016
2 0 8 0.121124
2 1 2 1.000000
2 0 11 0.009336
3 1 13 0.265770
3 1 2 0.734230
4 0 13 0.334172
4 1 11 1.000000
4 0 9 0.362010
5 0 8 0.130204
5 1 0 1.000000
5 0 7 0.417614
6 1 5 1.000000
6 0 13 0.484365
7 0 6 0.251083
8 1 6 0.022630
8 1 2 0.977370
10 0 3 1.000000
10 1 11 1.000000
15 1 12 0.380595
11 0 1 0.493584
12 0 11 0.541055
12 1 1 0.557428
12 1 8 0.442572
13 0 10 0.394075
13 1 13 1.000000
13 0 13 0.196202
14 1 8 1.000000
14 0 1 0.371172
15 0 0 0.916789
