47 17
0 0 4 0.198753
1 0 12 0.175827
2 0 0 0.395905
3 0 9 0.385581
4 0 13 1.000000
5 0 15 1.000000
6 0 12 0.556547
7 0 13 1.000000
8 0 6 1.000000
9 0 2 1.000000
10 0 1 0.700331
11 0 0 0.130618
12 0 15 0.794359
13 0 6 0.315840
14 0 15 0.310346
15 0 16 1.000000
16 0 12 1.000000
0 0 0 0.520532
0 1 11 1.000000
0 0 13 0.280715
1 0 10 0.504646
1 1 2 1.000000
1 0 4 0.319527
2 0 8 0.604095
3 1 16 1.000000
3 0 16 0.614419
5 1 12 0.456930
5 1 11 0.543070
6 0 1 0.091902
6 1 11 1.000000
6 0 2 0.351551
7 1 3 0.239106
7 1 6 0.760894
8 1 9 0.369258
8 1 7 0.630742
10 0 2 0.299669
11 1 5 1.000000
11 0 7 0.869382
12 1 12 1.000000
12 0 14 0.205641
13 1 15 1.000000
13 0 2 0.684160
14 0 0 0.689654
14 1 15 0.332443
14 1 4 0.667557
15 1 0 0.400532
15 1 1 0.599468
