68 27
0 0 16 1.000000
1 0 20 0.240471
2 0 25 0.395582
3 0 6 0.704112
4 0 22 0.848687
5 0 22 1.000000
6 0 19 0.435509
6 0 26 0.103003
11 1 21 0.601689
9 0 15 0.332994
10 0 24 0.336828
11 0 15 0.441727
12 0 11 1.000000
13 0 0 0.526501
14 0 5 0.692200
15 0 13 0.480929
16 0 13 0.614036
17 0 16 0.369461
18 0 4 0.666816
19 0 9 0.287961
20 0 25 0.440324
21 0 10 1.000000
22 0 4 1.000000
23 0 20 1.000000
24 0 9 0.107653
25 0 12 0.258846
26 0 18 1.000000
1 0 19 0.759529
2 0 0 0.604418
3 1 23 1.000000
3 0 19 0.295889
4 0 17 0.151313
5 1 13 1.000000
24 1 10 0.127140
6 1 5 1.000000
6 0 9 0.461487
25 0 4 0.741154
24 0 15 0.403256
8 1 9 1.000000
8 0 24 1.000000
9 1 19 1.000000
9 0 14 0.667006
10 1 24 1.000000
10 0 19 0.663172
11 1 16 0.398311
11 0 7 0.558273
24 1 8 0.872860
12 1 0 1.000000
24 0 11 0.489091
13 0 12 0.473499
13 1 3 0.644392
13 1 11 0.355608
14 0 20 0.307800
15 1 9 1.000000
15 0 23 0.519071
16 1 7 1.000000
16 0 8 0.385964
17 0 14 0.630539
18 1 23 1.000000
18 0 0 0.333184
19 0 20 0.081409
19 1 8 1.000000
19 0 25 0.630631
20 0 0 0.559676
20 1 18 0.724041
20 1 4 0.275959
22 1 1 0.452840
22 1 14 0.547160
