52 17
0 0 9 0.462058
1 0 3 0.056486
2 0 3 0.348369
3 0 14 1.000000
4 0 3 0.160714
5 0 6 0.392385
6 0 5 1.000000
7 0 14 0.289714
8 0 5 0.161357
9 0 11 0.094673
10 0 8 0.609919
11 0 2 0.462471
12 0 7 0.536791
13 0 0 1.000000
14 0 12 1.000000
15 0 9 0.504481
16 0 14 0.653164
0 0 8 0.116543
0 1 0 1.000000
0 0 13 0.421399
1 0 10 0.943514
1 1 15 0.396179
1 1 12 0.603821
2 0 1 0.651631
4 0 12 0.839286
4 1 2 0.386939
4 1 15 0.613061
5 0 4 0.222572
5 1 10 1.000000
5 0 10 0.385043
7 1 2 1.000000
7 0 5 0.374425
8 0 11 0.838643
9 0 1 0.729039
9 1 14 1.000000
9 0 0 0.176288
10 1 5 1.000000
10 0 11 0.390081
11 0 10 0.537529
11 1 11 0.862380
11 1 1 0.137620
12 1 14 1.000000
12 0 13 0.463209
13 1 8 0.572775
13 1 5 0.427225
14 1 8 0.195548
14 1 13 0.804452
15 0 1 0.093536
15 1 8 1.000000
15 0 2 0.401983
16 0 12 0.346836
7 0 16 0.335861
