55 22
0 0 11 1.000000
1 0 8 1.000000
2 0 19 0.205958
3 0 16 1.000000
16 0 21 0.458886
5 0 17 0.653226
6 0 5 1.000000
7 0 13 0.037843
8 0 10 0.557185
5 0 18 0.346774
10 0 8 1.000000
11 0 3 0.765151
12 0 5 0.482469
13 0 2 0.078304
14 0 13 1.000000
15 0 12 1.000000
16 0 1 0.541114
17 0 10 0.849074
18 0 21 1.000000
19 0 20 0.701837
20 0 2 1.000000
21 0 15 0.289614
2 0 4 0.794042
2 1 14 0.214786
2 1 12 0.785214
4 1 3 1.000000
21 0 7 0.461848
5 1 7 0.761684
5 1 12 0.238316
7 0 7 0.741623
7 1 10 1.000000
7 0 16 0.220534
8 0 17 0.442816
9 1 15 1.000000
21 1 0 1.000000
11 0 12 0.234849
12 0 0 0.115228
12 1 17 1.000000
12 0 2 0.402303
13 0 7 0.418903
13 1 1 1.000000
13 0 13 0.502793
14 1 14 0.227234
14 1 4 0.772766
15 1 8 0.345505
15 1 7 0.654495
17 1 15 1.000000
17 0 9 0.150926
18 1 12 0.338679
18 1 16 0.661321
19 1 4 1.000000
19 0 12 0.298163
20 1 6 0.288303
20 1 4 0.711697
21 0 14 0.248537
