81 26
0 0 17 0.307996
1 0 4 0.810901
2 0 4 0.515935
3 0 21 0.088940
4 0 13 0.522949
5 0 20 0.993703
6 0 3 0.593746
7 0 12 1.000000
8 0 13 0.531949
9 0 7 1.000000
10 0 16 0.332766
11 0 5 1.000000
12 0 6 0.984438
13 0 16 1.000000
14 0 21 0.512862
15 0 16 0.390157
16 0 15 0.555272
17 0 21 0.066293
18 0 11 0.219704
19 0 18 0.907241
20 0 8 0.064397
21 0 7 0.133228
22 0 6 0.576170
23 0 14 0.461151
24 0 22 0.263440
25 0 5 0.442850
0 0 21 0.692004
1 0 19 0.040407
1 1 19 1.000000
1 0 8 0.148692
2 1 5 1.000000
2 0 13 0.484065
3 1 7 1.000000
3 0 6 0.911060
4 0 1 0.477051
4 1 12 0.511223
4 1 8 0.488777
5 0 8 0.006297
5 1 7 0.722775
5 1 13 0.277225
6 0 21 0.406254
6 1 24 0.529861
6 1 11 0.470139
7 1 3 0.562609
7 1 22 0.437391
8 0 17 0.468051
8 1 0 0.269756
8 1 10 0.730244
10 0 24 0.667234
11 1 0 0.465278
11 1 9 0.534722
12 0 16 0.015562
14 1 0 1.000000
14 0 8 0.487138
15 0 23 0.062706
15 1 2 1.000000
15 0 10 0.547137
16 1 18 1.000000
16 0 8 0.444728
17 0 1 0.114137
17 1 8 1.000000
17 0 7 0.819570
18 0 12 0.780295
18 1 21 0.664972
18 1 25 0.335028
19 0 11 0.092759
19 1 7 0.109887
19 1 2 0.890113
20 0 20 0.333259
20 1 20 1.000000
20 0 14 0.602345
21 0 0 0.866772
22 1 17 1.000000
22 0 23 0.423830
23 1 4 1.000000
23 0 11 0.538849
24 0 16 0.736560
24 1 11 0.507159
24 1 22 0.492841
25 1 7 1.000000
25 0 13 0.557150
