54 20
0 0 19 0.798606
1 0 9 1.000000
2 0 13 1.000000
3 0 10 0.278387
4 0 5 0.085835
5 0 11 1.000000
6 0 4 0.620411
7 0 5 1.000000
8 0 9 0.282882
9 0 8 0.422752
10 0 11 1.000000
11 0 18 0.019637
12 0 2 0.508165
13 0 18 0.338369
14 0 10 1.000000
15 0 16 0.441550
16 0 19 0.193386
16 0 1 0.534045
18 0 13 1.000000
19 0 12 1.000000
0 0 7 0.201394
0 1 16 0.177751
0 1 12 0.822249
3 1 2 1.000000
3 0 11 0.721613
4 1 14 1.000000
4 0 8 0.914165
6 0 14 0.379589
6 1 8 0.500545
6 1 16 0.499455
7 1 0 0.681085
7 1 6 0.318915
8 0 17 0.717118
8 1 7 0.728312
8 1 8 0.271688
9 0 15 0.577248
19 1 3 0.635722
10 1 11 1.000000
19 1 13 0.364278
11 0 2 0.475244
11 1 2 1.000000
11 0 7 0.505120
12 0 15 0.491835
13 0 15 0.661631
13 1 17 0.494040
13 1 3 0.505960
14 1 19 0.080462
14 1 3 0.919538
15 0 11 0.558450
15 1 6 0.311359
15 1 18 0.688641
16 0 18 0.272569
17 0 9 1.000000
17 1 0 1.000000
