77 26
0 0 1 0.356095
1 0 24 0.503276
2 0 4 0.643852
3 0 20 0.417934
4 0 20 0.099114
5 0 16 1.000000
6 0 18 1.000000
7 0 23 1.000000
8 0 19 0.375942
9 0 12 0.441273
10 0 24 0.497918
11 1 25 0.799453
12 0 11 1.000000
13 0 10 0.410150
14 0 18 0.343920
15 0 9 0.187967
16 0 10 0.391649
17 0 6 0.173321
18 0 23 1.000000
19 0 12 0.499992
0 0 22 0.643905
21 0 9 1.000000
22 0 4 0.382796
23 0 12 1.000000
24 0 1 0.352367
25 0 6 0.380046
1 0 15 0.114082
1 1 23 1.000000
1 0 23 0.382642
2 0 11 0.356148
4 0 6 0.555201
4 1 0 0.315655
4 0 7 0.345685
5 1 15 0.679715
5 1 10 0.320285
6 1 24 0.570246
6 1 6 0.429754
7 1 8 0.236553
7 1 17 0.763447
8 1 21 0.637940
8 0 17 0.266178
9 0 19 0.083507
9 1 21 1.000000
9 0 2 0.475220
10 0 7 0.049889
10 1 20 1.000000
10 0 13 0.452193
11 0 21 1.000000
11 1 12 0.200547
4 1 16 0.684345
12 1 7 0.516658
12 1 21 0.483342
13 0 13 0.420818
13 1 17 1.000000
13 0 4 0.169032
14 0 14 0.656080
3 0 14 0.582066
8 0 5 0.357880
15 0 24 0.517072
15 1 21 1.000000
15 0 13 0.294960
16 0 19 0.246087
16 1 4 1.000000
16 0 9 0.362264
17 0 13 0.826679
19 0 18 0.500008
8 1 3 0.362060
20 1 10 1.000000
20 0 6 1.000000
21 1 12 0.467568
21 1 24 0.532432
22 0 10 0.617204
24 0 15 0.647633
24 1 23 0.643038
24 1 4 0.356962
25 1 19 1.000000
25 0 15 0.619954
