38 13
0 0 1 0.401849
1 0 2 0.500936
2 0 1 1.000000
3 0 11 0.044841
4 0 0 1.000000
5 0 10 0.899770
6 0 4 0.335945
7 0 8 0.552472
9 1 12 0.677424
9 0 7 0.489718
10 0 11 0.437102
11 0 0 0.493457
12 0 8 1.000000
0 1 7 1.000000
0 0 5 0.598151
1 1 0 0.582482
1 1 3 0.417518
3 0 10 0.616947
3 1 10 1.000000
3 0 1 0.338213
5 0 8 0.100230
5 1 5 0.348353
5 1 0 0.651647
6 0 5 0.664055
7 0 7 0.447528
7 1 0 0.550952
7 1 7 0.449048
8 1 11 1.000000
10 0 6 0.535782
9 1 1 0.322576
9 0 9 0.510282
10 0 9 0.027116
11 0 9 0.506543
11 1 8 0.546526
11 1 5 0.453474
12 1 9 0.793899
12 1 11 0.206101
1 0 4 0.499064
