56 21
0 0 12 0.068767
1 0 8 0.266527
2 0 13 1.000000
3 0 5 0.992777
4 0 14 0.487508
5 0 14 0.628346
6 0 0 1.000000
7 0 13 0.207850
8 0 0 1.000000
9 0 14 0.503197
10 0 4 0.807232
11 0 4 0.489947
12 0 1 1.000000
13 0 18 0.376768
1 0 19 0.579812
15 0 0 1.000000
20 0 4 0.464243
17 0 0 0.373094
18 0 1 0.707918
19 0 6 0.323136
20 0 16 0.535757
0 0 4 0.931233
1 0 17 0.010357
1 1 0 1.000000
1 0 15 0.143305
2 1 13 0.395356
2 1 16 0.604644
3 0 10 0.007223
3 1 12 0.563537
3 1 1 0.436463
4 1 5 1.000000
4 0 11 0.512492
5 0 11 0.371654
5 1 6 0.050569
5 1 8 0.949431
7 1 10 1.000000
7 0 12 0.792150
9 0 9 0.496803
10 0 12 0.192768
11 1 11 1.000000
11 0 20 0.510053
13 1 0 1.000000
13 0 17 0.623232
19 0 13 0.161034
14 1 13 0.418815
14 1 20 0.581185
16 0 3 1.000000
16 1 12 1.000000
19 1 6 1.000000
17 0 12 0.371700
17 1 17 1.000000
17 0 9 0.255207
18 0 9 0.292083
18 1 7 0.556743
18 1 17 0.443257
19 0 16 0.515830
