78 27
0 0 20 0.749826
1 0 17 1.000000
2 0 3 0.415599
3 0 0 1.000000
4 0 5 1.000000
5 0 10 0.439143
6 0 22 0.092948
7 0 1 1.000000
8 0 25 0.501108
9 0 23 1.000000
10 0 25 1.000000
11 0 7 1.000000
12 0 3 1.000000
13 0 15 1.000000
14 0 20 1.000000
15 0 22 1.000000
17 0 24 0.534310
17 0 25 0.465690
18 0 12 0.277044
19 0 15 0.420656
20 0 4 0.376291
21 0 17 0.305852
22 0 18 0.451466
23 0 13 0.440082
24 0 25 0.826164
25 0 9 1.000000
26 0 16 1.000000
0 0 6 0.250174
0 1 2 0.265655
0 1 26 0.734345
1 1 21 0.406087
1 1 0 0.593913
2 1 0 1.000000
2 0 23 0.584401
3 1 14 0.585172
3 1 4 0.414828
4 1 8 0.717097
4 1 2 0.282903
5 0 15 0.560857
5 1 11 0.315732
5 1 15 0.684268
6 1 16 1.000000
6 0 18 0.907052
7 1 17 0.429991
7 1 5 0.570009
8 0 7 0.498892
9 1 6 0.811909
9 1 1 0.188091
10 1 17 0.431487
10 1 0 0.568513
12 1 8 0.744075
12 1 5 0.255924
14 1 7 0.468389
14 1 22 0.531611
15 1 8 0.884593
15 1 4 0.115407
16 1 2 1.000000
20 1 19 0.612264
17 1 12 0.288750
17 1 23 0.711250
18 0 10 0.384329
18 1 6 1.000000
18 0 11 0.338628
19 0 5 0.579344
20 0 18 0.276758
20 1 23 0.387736
20 0 5 0.346951
21 1 17 1.000000
21 0 6 0.694148
22 0 22 0.548534
23 0 25 0.243586
23 1 2 1.000000
23 0 10 0.316332
24 0 20 0.173836
25 1 25 0.429797
25 1 15 0.570203
26 1 20 0.476261
26 1 1 0.523739
