62 23
0 0 8 0.379527
1 0 9 1.000000
2 0 12 0.340514
3 0 13 0.612211
4 0 16 1.000000
5 0 1 0.055438
6 0 14 1.000000
7 0 20 0.383340
8 0 4 1.000000
9 0 8 1.000000
10 0 22 1.000000
11 0 17 1.000000
12 0 13 0.475977
13 0 22 0.877831
14 0 0 0.392334
15 0 19 0.289996
16 0 12 1.000000
17 0 5 1.000000
18 0 14 1.000000
19 0 4 1.000000
20 0 22 0.541983
21 0 1 1.000000
22 1 20 0.904169
0 0 15 0.201671
0 1 18 1.000000
0 0 12 0.418802
1 1 10 0.061066
1 1 11 0.938934
2 0 5 0.659486
2 1 12 0.924822
2 1 10 0.075178
3 0 14 0.387789
4 1 18 0.453233
4 1 1 0.546767
5 0 14 0.944562
5 1 2 0.287066
5 1 1 0.712934
7 0 21 0.616660
9 1 21 0.188028
9 1 5 0.811972
10 1 7 0.170937
10 1 9 0.829063
11 1 12 0.299276
11 1 0 0.700724
12 1 4 1.000000
12 0 6 0.524023
13 0 9 0.122169
14 0 22 0.407425
14 1 15 1.000000
14 0 1 0.200241
15 0 2 0.614712
15 1 15 1.000000
15 0 4 0.095292
16 1 13 0.263030
16 1 10 0.736970
17 1 14 0.559035
17 1 17 0.440965
20 1 8 1.000000
20 0 4 0.458016
21 1 5 0.884078
21 1 15 0.115922
22 1 8 0.095831
