47 18
0 0 8 1.000000
1 0 10 0.588851
2 0 3 0.758011
3 0 1 0.972301
4 0 2 1.000000
5 0 15 1.000000
6 0 14 1.000000
7 0 14 0.481765
8 0 16 0.419979
9 0 5 0.203637
10 0 6 0.447741
11 0 0 0.723480
12 0 17 1.000000
13 0 4 0.427018
14 0 17 1.000000
15 0 3 0.732515
16 0 14 0.830154
17 0 11 0.478643
17 0 5 0.317135
17 1 17 1.000000
1 0 16 0.308407
1 1 15 1.000000
1 0 9 0.102742
2 0 16 0.241989
3 0 17 0.027699
3 1 8 0.278034
3 1 13 0.721966
5 1 7 0.824570
5 1 11 0.175430
7 0 7 0.518235
8 0 0 0.220306
8 1 3 1.000000
8 0 2 0.359714
9 0 1 0.796363
10 0 14 0.552259
11 1 12 1.000000
11 0 1 0.276520
12 1 9 0.177226
12 1 7 0.822774
13 1 10 1.000000
13 0 16 0.572982
14 1 5 0.624067
14 1 1 0.375933
15 1 15 1.000000
15 0 2 0.267485
16 0 7 0.169846
17 0 2 0.204222
