33 13
2 0 4 0.145358
12 0 2 0.220661
2 0 11 0.854642
3 0 6 1.000000
4 0 8 1.000000
5 0 2 0.241402
6 0 12 0.752588
7 0 10 0.097805
8 0 7 1.000000
9 0 12 0.367572
10 0 8 0.367629
11 0 7 1.000000
12 0 11 0.779339
0 0 5 1.000000
0 1 3 1.000000
11 1 8 0.956642
11 1 5 0.043358
1 1 8 1.000000
1 0 11 1.000000
2 1 1 0.786135
2 1 11 0.213865
10 0 7 0.284474
10 1 11 1.000000
4 1 10 0.700832
4 1 0 0.299168
5 0 1 0.758598
6 0 9 0.247412
10 0 12 0.347897
9 0 6 0.632428
7 0 3 0.902195
7 1 1 0.552737
7 1 3 0.447263
9 1 2 1.000000
