51 18
0 0 13 0.339875
1 0 7 0.438307
2 0 8 1.000000
3 0 16 0.664046
4 0 16 0.989988
5 0 9 0.949310
6 0 14 0.850472
7 0 4 1.000000
8 0 10 0.512449
9 0 8 0.495502
10 0 14 0.898226
11 0 14 1.000000
12 0 2 0.484930
13 0 4 0.169403
14 0 11 1.000000
15 0 13 1.000000
16 0 5 0.405758
17 0 5 1.000000
0 0 17 0.004492
0 1 11 1.000000
0 0 8 0.655633
1 0 1 0.332392
1 1 14 1.000000
1 0 10 0.229301
3 1 15 0.721629
16 0 0 0.594242
3 1 1 0.278371
3 0 17 0.335954
4 0 6 0.010012
5 0 11 0.050690
5 1 14 0.401260
5 1 13 0.598740
6 0 6 0.149528
8 1 16 1.000000
8 0 16 0.487551
9 0 11 0.504498
9 1 10 0.111869
9 1 8 0.888131
10 0 3 0.101774
10 1 12 0.778064
10 1 1 0.221936
11 1 13 0.497709
11 1 16 0.502291
12 0 17 0.515070
13 0 5 0.830597
13 1 3 0.387953
13 1 10 0.612046
14 1 14 0.630954
14 1 8 0.369046
15 1 16 0.407418
15 1 0 0.592582
