62 22
0 0 19 1.000000
1 0 11 0.174069
2 0 21 0.520287
3 0 9 0.318903
4 0 2 0.250587
5 0 7 1.000000
6 0 19 0.091937
7 0 6 0.691584
8 0 10 0.378435
9 0 12 1.000000
10 0 16 0.026830
11 0 7 0.162295
12 0 8 1.000000
13 0 7 0.145828
14 0 10 1.000000
15 0 13 1.000000
16 0 19 0.647462
17 0 0 0.342440
18 0 16 1.000000
19 0 20 0.421103
20 0 10 0.479650
21 0 16 0.130785
1 1 4 1.000000
1 0 8 0.825931
2 1 1 1.000000
2 0 11 0.479713
3 1 12 1.000000
3 0 17 0.457648
4 1 0 1.000000
4 0 19 0.749413
6 0 20 0.010434
6 1 2 1.000000
6 0 9 0.897629
7 0 0 0.308416
8 0 16 0.621565
8 1 7 0.960511
8 1 10 0.039489
10 1 9 1.000000
10 0 6 0.973170
11 0 12 0.837705
12 1 4 0.582315
12 1 5 0.417685
13 0 17 0.423115
13 1 18 1.000000
13 0 20 0.431057
14 1 20 0.380739
14 1 21 0.619261
16 1 5 0.350932
16 1 2 0.649068
17 0 16 0.657560
17 1 17 0.436508
17 1 10 0.563492
19 0 12 0.428195
19 1 13 1.000000
19 0 19 0.150702
20 0 21 0.520350
21 0 21 0.389486
21 1 18 0.809222
21 0 1 0.479728
16 0 3 0.352538
21 1 14 0.190778
3 0 15 0.223449
