57 20
0 0 15 0.370995
1 0 19 0.298737
2 0 14 0.413414
3 0 0 0.765775
4 0 14 1.000000
5 0 19 0.152770
6 0 10 0.693432
7 0 13 0.514929
8 0 19 0.635203
9 0 6 1.000000
10 0 13 1.000000
11 0 3 1.000000
12 0 15 0.403884
13 0 16 0.575656
14 0 10 1.000000
15 0 7 0.374765
16 0 7 0.539830
17 0 4 0.466373
18 0 5 0.510010
19 0 9 0.516363
0 0 7 0.067920
0 1 14 1.000000
0 0 10 0.561085
1 1 9 1.000000
1 0 6 0.701263
2 0 6 0.586586
3 0 4 0.234225
8 0 1 0.364797
19 1 12 0.230919
5 0 11 0.381879
5 1 19 1.000000
5 0 2 0.465351
6 1 4 1.000000
6 0 19 0.306568
7 1 10 1.000000
7 0 4 0.485071
10 1 15 0.417482
10 1 18 0.582518
12 0 4 0.596116
12 1 5 0.370089
12 1 18 0.629911
13 0 7 0.424344
13 1 16 0.390379
13 1 2 0.609621
14 1 13 0.167393
14 1 2 0.832607
15 0 4 0.359168
15 1 11 1.000000
15 0 8 0.266067
16 0 17 0.460170
17 0 18 0.533627
17 1 4 0.565755
17 1 12 0.434245
18 1 19 1.000000
18 0 12 0.489990
19 0 16 0.483637
19 1 3 0.769081
