47 16
0 0 15 0.056812
1 0 13 0.456047
15 1 0 0.964395
3 0 10 1.000000
4 0 9 1.000000
5 0 8 0.419906
6 0 0 1.000000
7 0 13 0.157343
8 0 3 0.385998
9 0 10 0.594316
10 0 13 0.747189
15 1 9 0.035605
12 0 4 0.196185
13 0 8 0.307077
14 0 13 0.731081
15 0 5 0.131660
0 0 0 0.943188
1 0 1 0.543953
1 1 4 0.704926
1 1 13 0.295074
15 0 7 0.868340
2 1 5 1.000000
2 0 10 1.000000
3 1 14 0.549550
3 1 0 0.450450
5 0 2 0.286687
5 1 14 1.000000
5 0 4 0.293406
6 1 14 0.871543
6 1 1 0.128457
7 0 5 0.501993
7 1 1 1.000000
7 0 0 0.340665
8 0 5 0.431854
8 1 15 1.000000
8 0 14 0.182148
9 0 12 0.405684
9 1 2 0.373347
9 1 9 0.626653
10 0 11 0.252811
14 1 8 0.521974
12 1 13 1.000000
12 0 6 0.803815
13 1 7 1.000000
13 0 13 0.692923
14 0 12 0.268919
14 1 0 0.478026
