69 27
0 0 23 1.000000
18 0 6 0.278186
2 0 12 1.000000
3 0 14 1.000000
4 0 12 1.000000
5 0 26 0.702074
6 0 22 0.943489
7 0 4 0.492371
8 0 4 0.067710
9 0 13 0.407374
10 0 3 1.000000
11 0 25 0.447535
12 0 1 1.000000
13 0 25 1.000000
14 0 5 0.016208
15 0 26 1.000000
16 0 21 0.808825
17 0 22 1.000000
18 0 12 0.516637
19 0 26 1.000000
20 0 15 0.995671
21 0 1 1.000000
22 0 20 0.565864
5 1 2 0.097604
24 0 12 1.000000
25 0 7 0.399236
26 0 19 0.123957
0 1 17 0.883931
0 1 22 0.116069
1 0 4 1.000000
1 1 5 1.000000
26 1 23 0.372398
26 1 14 0.627602
26 0 8 0.876043
4 1 5 0.627923
4 1 25 0.372077
5 0 23 0.297926
5 1 21 0.290618
5 1 11 0.611778
6 1 21 1.000000
6 0 11 0.056511
7 1 11 1.000000
7 0 14 0.507629
8 0 19 0.932290
8 1 16 0.123591
8 1 15 0.876409
9 1 20 1.000000
9 0 0 0.592626
11 0 0 0.552465
12 1 9 0.466536
12 1 4 0.533464
13 1 10 0.075378
13 1 24 0.924622
14 1 18 1.000000
14 0 10 0.983792
16 0 26 0.191175
18 0 1 0.030354
18 1 20 1.000000
18 0 11 0.174824
20 0 16 0.004329
21 1 1 0.242873
21 1 24 0.757127
22 1 23 1.000000
22 0 12 0.434136
23 1 12 1.000000
25 0 13 0.600764
24 1 21 0.464687
24 1 25 0.535313
25 1 17 1.000000
