89 30
0 0 25 0.295379
1 0 25 1.000000
2 0 24 1.000000
3 0 0 1.000000
4 0 25 0.617429
5 0 4 1.000000
6 0 1 0.174954
7 0 28 0.211055
8 0 19 1.000000
9 0 27 1.000000
10 0 17 0.474296
11 0 24 0.077295
12 0 23 0.068855
13 0 26 1.000000
14 0 1 0.971052
15 0 24 0.818204
16 0 18 0.057402
17 0 27 0.692707
18 0 23 0.563657
19 0 3 0.754798
20 0 6 0.377084
21 0 5 1.000000
22 0 26 1.000000
23 0 2 0.421603
24 0 20 0.558061
25 0 9 1.000000
26 0 9 1.000000
27 0 24 0.326562
28 0 11 1.000000
29 0 21 1.000000
0 0 22 0.704621
0 1 15 0.493389
0 1 12 0.506611
1 1 23 0.478393
1 1 22 0.521607
2 1 6 0.614171
2 1 13 0.385829
4 0 19 0.382571
4 1 3 0.153135
4 1 4 0.846865
6 0 24 0.825046
7 1 15 1.000000
7 0 12 0.788945
8 1 1 0.659421
8 1 22 0.340579
9 1 27 0.001193
9 1 22 0.998807
10 0 20 0.525704
11 0 2 0.461126
11 1 9 1.000000
11 0 17 0.461579
12 0 6 0.931145
12 1 19 0.195250
12 1 15 0.804750
13 1 18 0.508274
13 1 9 0.491726
14 1 6 1.000000
14 0 26 0.028948
15 0 11 0.181796
15 1 9 0.335782
15 1 0 0.664218
16 1 20 1.000000
16 0 11 0.137891
17 0 29 0.307293
17 1 11 0.863393
17 1 13 0.136607
18 0 1 0.436343
18 1 1 0.443031
18 1 19 0.556969
19 1 28 1.000000
19 0 22 0.245202
20 0 25 0.622916
20 1 20 0.437644
20 1 19 0.259260
21 1 9 0.352642
21 1 22 0.647358
23 0 29 0.578397
23 1 19 0.534244
23 1 16 0.465756
24 0 7 0.441939
24 1 9 0.561523
24 1 22 0.438477
25 1 14 0.678528
25 1 29 0.321472
27 0 14 0.528624
27 1 15 1.000000
27 0 12 0.144814
20 1 8 0.303096
16 0 10 0.804707
