39 15
0 0 11 0.139902
1 0 5 0.401019
2 0 1 1.000000
3 0 10 0.398213
4 0 7 0.796661
5 0 6 0.335366
6 0 0 1.000000
7 0 4 0.989856
8 0 9 0.362024
9 0 8 0.466100
10 0 3 1.000000
11 0 4 0.898276
12 0 9 0.885009
14 0 5 0.785907
14 0 12 0.214093
0 1 8 1.000000
0 0 2 0.860098
1 0 12 0.598981
2 1 12 0.027258
2 1 7 0.972742
3 0 9 0.249922
3 1 13 1.000000
3 0 4 0.351866
4 0 4 0.203339
5 1 6 1.000000
5 0 10 0.664634
7 1 6 1.000000
7 0 12 0.010144
8 0 8 0.637976
9 0 2 0.533900
9 1 11 0.803835
9 1 1 0.196165
10 1 7 0.833741
10 1 14 0.166259
11 0 6 0.101724
12 1 7 1.000000
12 0 4 0.114991
13 0 2 1.000000
13 1 13 1.000000
