70 27
0 0 26 0.921585
1 0 13 0.678867
2 0 0 0.558931
3 0 18 1.000000
4 0 21 0.893044
5 0 1 0.331832
6 0 10 0.591376
7 0 19 0.339638
8 0 22 1.000000
9 0 0 0.349434
10 0 13 1.000000
11 0 22 0.753284
12 0 1 0.802741
13 0 19 1.000000
26 1 6 0.375023
15 0 13 1.000000
16 0 17 0.479486
17 0 14 0.804865
18 0 16 0.449554
19 0 14 0.095558
20 0 6 0.384405
21 0 3 0.185359
26 1 0 0.624977
23 0 1 1.000000
24 0 23 1.000000
25 0 15 1.000000
26 0 7 0.563940
0 0 19 0.078415
0 1 19 0.305842
0 1 18 0.694158
1 0 22 0.321133
2 1 19 1.000000
2 0 17 0.441069
3 1 10 0.526663
3 1 14 0.473337
4 0 6 0.106956
5 0 23 0.307450
5 1 1 1.000000
5 0 26 0.360718
6 1 24 1.000000
6 0 5 0.408624
7 0 7 0.660362
9 1 22 1.000000
9 0 18 0.650566
11 0 25 0.246716
11 1 18 0.072075
11 1 1 0.927925
12 0 11 0.197259
12 1 22 0.373298
12 1 12 0.626702
26 0 25 0.436060
15 1 25 0.772936
15 1 8 0.227064
16 0 11 0.041279
16 1 2 1.000000
16 0 9 0.479234
17 1 7 1.000000
17 0 11 0.195135
18 0 0 0.550446
19 0 22 0.904441
19 1 4 0.481763
19 1 14 0.518237
20 0 0 0.257476
20 1 13 1.000000
20 0 13 0.358119
21 0 8 0.814641
22 0 12 1.000000
22 1 20 1.000000
25 1 20 0.277773
25 1 6 0.722227
