33 10
0 0 5 0.167757
1 0 3 0.083485
2 0 7 0.418112
3 0 7 0.337934
4 0 8 0.506022
5 0 6 0.642152
6 0 9 0.412700
7 0 9 1.000000
8 0 6 0.317826
9 0 4 0.215352
0 0 6 0.510317
0 1 3 1.000000
0 0 3 0.321927
1 0 6 0.916515
1 1 9 0.427429
1 1 2 0.572571
2 0 1 0.581888
2 1 7 0.627272
2 1 9 0.372728
3 0 3 0.300560
3 1 8 1.000000
3 0 2 0.361506
4 0 2 0.493978
9 0 6 0.685201
9 1 4 1.000000
5 0 0 0.357848
5 1 9 0.435328
5 1 8 0.564672
6 0 3 0.587300
6 1 0 0.362366
6 1 4 0.637634
9 0 1 0.099447
8 0 0 0.682174
