69 26
0 0 12 0.621114
1 0 7 0.959535
2 0 15 0.438074
3 0 9 0.063060
4 0 11 0.183091
5 0 18 1.000000
6 0 19 1.000000
8 0 17 0.376631
8 0 24 0.422156
9 0 0 0.446044
10 0 12 1.000000
11 0 1 1.000000
12 0 25 0.418185
13 0 25 0.815960
14 0 1 0.573917
15 0 9 0.005592
16 0 11 0.819422
17 0 11 0.731467
18 0 8 1.000000
19 0 14 0.214482
20 0 21 0.426378
21 0 14 1.000000
22 0 12 0.491755
23 0 15 0.536427
24 0 0 1.000000
25 0 0 0.528700
0 0 21 0.320893
0 1 1 1.000000
0 0 10 0.057992
1 0 13 0.040465
1 1 0 0.587464
1 1 18 0.412536
2 0 12 0.561926
2 1 23 0.460988
2 1 14 0.539012
3 1 3 1.000000
3 0 20 0.936940
4 1 12 1.000000
4 0 14 0.816909
5 1 24 0.341379
5 1 6 0.658621
25 0 20 0.471300
6 1 9 1.000000
23 1 23 0.196940
23 1 1 0.803060
8 0 12 0.201213
9 0 22 0.553956
10 1 3 0.473887
10 1 13 0.526113
12 0 11 0.581815
12 1 4 0.453972
12 1 2 0.546028
13 1 18 1.000000
13 0 16 0.184040
14 1 18 1.000000
14 0 3 0.426083
15 0 5 0.994408
16 0 21 0.180578
16 1 1 0.416459
16 1 18 0.583541
17 0 1 0.268533
19 0 16 0.785518
20 0 24 0.424055
20 1 4 1.000000
20 0 10 0.149566
21 1 13 0.178825
21 1 15 0.821175
22 0 22 0.508245
23 0 14 0.463573
