51 19
0 0 12 0.795250
1 0 13 0.443109
2 0 10 1.000000
3 0 12 0.519152
16 1 17 0.621595
5 0 16 0.260899
6 0 4 1.000000
18 1 3 0.142700
8 0 2 1.000000
9 0 11 0.596867
10 0 11 0.494685
18 1 15 0.857300
12 0 4 0.487931
13 0 14 1.000000
14 0 10 1.000000
15 0 9 0.493746
16 0 11 0.460371
17 0 9 1.000000
18 0 12 0.471784
0 0 6 0.204750
1 0 14 0.063360
1 1 3 1.000000
1 0 12 0.493532
3 0 16 0.480848
3 1 14 0.732708
3 1 15 0.267292
4 0 6 1.000000
4 1 0 1.000000
18 0 14 0.528216
5 0 8 0.308641
5 1 9 1.000000
5 0 10 0.430459
16 0 9 0.539629
7 1 12 0.493938
7 1 16 0.506062
9 1 13 1.000000
9 0 10 0.403133
10 0 14 0.371513
10 1 14 1.000000
10 0 1 0.133802
11 0 6 1.000000
11 1 18 1.000000
16 1 3 0.378405
12 0 1 0.372992
12 1 18 1.000000
12 0 8 0.139077
14 1 5 0.645939
14 1 18 0.354061
15 0 16 0.374702
15 1 11 1.000000
15 0 7 0.131552
