61 22
0 0 11 1.000000
1 0 6 0.356489
2 0 5 0.363417
3 0 18 0.410810
4 0 8 0.866111
5 0 14 1.000000
6 0 0 0.518921
7 0 1 0.804548
8 0 15 0.192941
9 0 14 0.249450
10 0 19 0.489384
11 0 21 0.511085
12 0 16 0.728926
13 0 0 0.359585
2 1 12 0.806168
15 0 4 0.146026
16 0 2 1.000000
17 0 6 1.000000
21 0 11 0.889124
19 0 6 0.446163
20 0 10 1.000000
21 0 7 0.110876
1 0 20 0.643511
2 0 18 0.117902
2 1 20 0.193832
2 0 7 0.518681
3 0 15 0.432558
3 1 14 1.000000
3 0 10 0.156632
4 0 5 0.133889
5 1 8 0.432262
5 1 10 0.567738
6 1 15 1.000000
6 0 14 0.481079
7 0 19 0.195452
8 0 5 0.807059
8 1 20 0.531213
8 1 13 0.468787
9 1 14 1.000000
9 0 9 0.750550
10 0 3 0.188545
10 1 0 1.000000
10 0 14 0.322071
11 0 1 0.488915
12 0 18 0.271074
13 0 13 0.587305
13 1 1 1.000000
13 0 3 0.053110
19 0 9 0.528504
14 1 4 1.000000
14 0 16 1.000000
15 0 17 0.569284
15 1 9 1.000000
15 0 11 0.284690
16 1 4 0.534172
16 1 21 0.465828
17 1 7 0.920191
17 1 8 0.079809
18 1 9 1.000000
19 1 20 1.000000
19 0 4 0.025333
