38 17
0 0 11 1.000000
1 0 4 1.000000
2 0 11 1.000000
3 0 10 0.740302
4 0 11 1.000000
8 0 12 0.076631
6 0 11 1.000000
7 0 3 1.000000
8 0 3 0.132950
9 0 4 0.252828
10 0 3 1.000000
11 0 2 1.000000
12 0 2 1.000000
13 0 7 0.510213
14 0 15 0.213244
15 0 1 1.000000
16 0 0 0.684585
1 1 2 0.574325
1 1 0 0.425675
3 1 14 1.000000
3 0 0 0.259698
14 0 8 0.051628
5 1 13 1.000000
5 0 16 1.000000
6 1 14 0.137019
6 1 9 0.862981
8 0 7 0.422094
8 1 5 1.000000
8 0 11 0.368325
9 0 16 0.747172
11 1 16 0.173100
11 1 5 0.826900
13 0 4 0.489787
14 1 0 1.000000
14 0 3 0.735128
15 1 7 0.445643
15 1 6 0.554357
16 0 14 0.315415
