45 16
0 0 7 0.208689
1 0 9 0.169702
2 0 3 0.710293
3 0 0 0.607930
4 0 8 0.464655
5 0 4 1.000000
6 0 14 0.030132
7 0 15 0.628484
8 0 4 0.312010
9 0 0 0.480947
10 0 3 1.000000
11 0 5 0.918133
12 0 0 1.000000
13 0 12 0.455229
14 0 5 0.478112
15 0 6 0.618209
0 1 0 1.000000
0 0 12 0.791311
1 1 2 1.000000
1 0 11 0.830298
2 0 5 0.289707
3 1 4 1.000000
3 0 5 0.392070
4 0 6 0.535345
5 1 11 0.320940
5 1 8 0.679060
6 0 15 0.969868
6 1 9 0.402543
6 1 11 0.597457
7 0 7 0.327244
7 1 1 1.000000
7 0 2 0.044273
8 0 11 0.687990
8 1 14 0.876757
8 1 7 0.123243
9 1 6 1.000000
9 0 7 0.519053
11 0 14 0.081867
11 1 6 0.795246
11 1 14 0.204754
14 0 13 0.521888
14 1 11 0.404937
14 1 9 0.595063
15 0 14 0.381791
13 0 10 0.544771
