71 23
0 0 19 0.873809
1 0 14 0.189976
2 0 18 0.217375
3 0 18 1.000000
4 0 6 0.254966
5 0 10 1.000000
6 0 13 0.241720
7 0 1 1.000000
8 0 3 0.460198
9 0 7 0.737619
10 0 15 0.611970
11 0 16 0.593038
12 0 16 0.576627
13 0 20 0.485705
4 0 22 0.224439
15 0 5 0.615958
16 0 7 0.119304
17 0 12 1.000000
20 1 17 0.300742
19 0 3 0.489264
20 0 14 0.265242
21 0 16 0.193731
6 0 12 0.280096
0 1 13 1.000000
0 0 14 0.126191
1 0 4 0.666576
1 1 19 0.646038
1 1 15 0.353962
2 0 14 0.782625
4 0 16 0.520595
4 1 7 0.583217
4 1 3 0.416783
8 1 10 1.000000
8 0 16 0.539802
9 0 19 0.262381
10 0 19 0.388030
10 1 6 0.552354
10 1 14 0.447646
11 0 7 0.398776
11 1 13 1.000000
11 0 10 0.008186
12 1 20 1.000000
12 0 0 0.423373
13 0 3 0.514295
13 1 4 0.199025
13 1 6 0.800975
19 0 9 0.344635
14 1 18 0.342495
14 1 19 0.657505
15 0 0 0.384042
1 0 8 0.143448
6 0 2 0.478184
16 0 15 0.399950
16 1 14 1.000000
16 0 16 0.480746
17 1 11 0.696423
17 1 0 0.303577
22 0 4 0.151788
18 1 19 0.605553
18 1 13 0.394447
19 0 4 0.166101
19 1 21 0.630336
19 1 3 0.369664
20 0 10 0.734758
20 1 19 0.312418
20 1 11 0.386839
21 0 19 0.503008
21 1 0 1.000000
21 0 13 0.303260
22 0 21 0.848212
22 1 20 1.000000
