46 17
0 0 5 1.000000
1 0 6 1.000000
2 0 10 0.497415
3 0 9 1.000000
4 0 7 0.719746
5 0 10 1.000000
6 0 12 0.628753
7 0 10 1.000000
8 0 16 0.579988
9 0 1 0.723925
10 0 0 0.630613
11 0 0 0.574577
12 0 13 0.842179
13 0 10 1.000000
14 0 6 0.414628
15 0 8 1.000000
16 0 10 1.000000
0 1 5 0.100774
0 1 15 0.899226
1 1 7 0.442059
1 1 8 0.557941
2 0 7 0.040021
2 1 15 1.000000
2 0 4 0.462564
4 1 3 1.000000
4 0 9 0.280254
6 1 0 1.000000
6 0 0 0.371247
8 0 12 0.420012
9 0 4 0.276075
10 0 16 0.369387
10 1 3 0.075008
10 1 2 0.924992
11 0 13 0.425423
11 1 2 0.082442
11 1 6 0.917558
12 1 14 1.000000
12 0 3 0.157821
13 1 8 0.925232
13 1 13 0.074768
14 0 16 0.332994
14 1 3 1.000000
14 0 2 0.252378
16 1 11 0.763870
16 1 9 0.082893
16 1 6 0.153237
