61 21
0 0 9 0.325603
1 0 17 0.222032
2 0 20 1.000000
3 0 17 1.000000
4 0 14 0.089695
5 0 15 0.924612
6 0 17 1.000000
7 0 0 0.414698
8 0 15 0.135382
9 0 7 0.389448
10 0 16 0.220572
11 0 13 0.363843
12 0 11 1.000000
13 0 10 0.394394
14 0 13 1.000000
15 0 14 1.000000
16 0 11 1.000000
8 1 5 0.450338
18 0 3 0.020033
19 0 4 0.861747
20 0 16 0.331744
0 0 12 0.346585
0 1 19 1.000000
0 0 0 0.327812
1 0 19 0.163420
1 1 15 1.000000
1 0 3 0.614549
3 1 11 0.720047
3 1 13 0.279953
4 0 16 0.910305
4 1 6 0.981663
4 1 3 0.018337
5 0 4 0.075388
6 1 18 0.375841
6 1 11 0.624159
8 1 10 0.549662
8 0 20 0.864618
9 0 19 0.610552
9 1 13 0.078687
9 1 11 0.921313
10 1 14 1.000000
10 0 2 0.779428
11 0 8 0.582154
11 1 17 1.000000
11 0 10 0.054004
7 0 1 0.585302
12 1 0 1.000000
20 1 20 0.638449
13 0 12 0.191224
13 1 10 1.000000
13 0 19 0.414383
15 1 17 0.229264
15 1 10 0.770736
20 1 0 0.361551
17 1 15 0.109247
17 1 19 0.890753
18 0 10 0.979967
19 0 3 0.050540
19 1 6 1.000000
19 0 18 0.087713
20 0 6 0.668256
