61 22
0 0 5 0.801966
1 0 0 0.146628
2 0 15 1.000000
3 0 2 1.000000
4 0 7 1.000000
5 0 14 0.494039
6 0 12 1.000000
7 0 5 1.000000
8 0 21 1.000000
9 0 21 1.000000
10 0 2 0.400332
11 0 9 0.037876
12 0 8 0.356057
13 0 15 0.316511
14 0 8 1.000000
15 0 18 0.102632
16 0 15 1.000000
17 0 1 0.392152
0 1 6 0.418402
21 0 8 0.331662
20 0 1 0.592384
21 0 3 0.668338
0 0 1 0.198034
0 1 0 0.271307
0 1 17 0.310291
1 1 13 1.000000
1 0 16 0.853372
3 1 3 0.357158
3 1 2 0.642842
4 1 5 0.315842
4 1 16 0.684158
5 0 17 0.505961
5 1 10 0.484881
5 1 16 0.515119
6 1 15 0.677760
6 1 11 0.322240
8 1 14 0.654634
8 1 3 0.345366
9 1 19 0.428870
9 1 4 0.571130
10 0 9 0.599668
10 1 13 0.459141
10 1 8 0.540859
11 0 14 0.423537
11 1 21 1.000000
11 0 19 0.538587
12 0 16 0.643943
13 0 14 0.683489
13 1 11 0.815499
13 1 7 0.184501
15 0 2 0.897368
15 1 11 0.467031
15 1 20 0.532969
16 1 20 0.506659
16 1 13 0.493341
17 0 13 0.501727
17 1 21 1.000000
17 0 17 0.106121
18 1 18 1.000000
21 1 7 1.000000
20 0 7 0.407616
