50 18
0 0 3 0.262778
1 0 8 0.233661
2 0 7 1.000000
3 0 16 0.432866
8 0 0 0.198285
5 0 14 1.000000
6 0 9 0.262204
7 0 9 1.000000
8 0 16 0.313806
9 0 3 0.854004
10 0 12 1.000000
11 0 4 1.000000
12 0 8 1.000000
13 0 6 1.000000
14 0 1 0.205716
15 0 2 1.000000
16 0 7 0.044468
17 0 8 0.443041
0 0 15 0.464916
0 1 2 1.000000
0 0 12 0.272306
1 0 5 0.483683
1 1 2 1.000000
1 0 14 0.282656
3 0 4 0.567134
4 1 8 1.000000
8 0 13 0.487908
5 1 17 0.244808
5 1 15 0.755192
17 1 11 0.245996
6 0 1 0.737796
7 1 3 0.130254
7 1 12 0.869746
9 1 3 1.000000
9 0 16 0.145996
10 1 3 0.146737
10 1 15 0.853263
11 1 5 0.216029
11 1 4 0.783971
12 1 3 0.433230
12 1 2 0.566770
14 0 17 0.794284
14 1 8 0.676485
14 1 14 0.323515
16 0 1 0.623228
16 1 17 1.000000
16 0 5 0.332303
17 1 14 0.233368
17 0 9 0.556959
17 1 6 0.520636
