93 30
0 0 27 0.214608
1 0 19 0.238913
2 0 13 0.824677
3 0 8 0.371986
4 0 12 0.132302
29 0 14 0.431522
6 0 2 0.508195
7 0 26 0.575238
8 0 2 0.088131
9 0 8 0.595518
10 0 1 0.838157
11 0 28 1.000000
12 0 18 0.493445
13 0 3 0.221491
14 0 22 1.000000
15 0 16 0.903484
16 0 28 0.912662
17 0 22 0.495581
18 0 29 0.436986
19 0 12 1.000000
20 0 27 0.404748
21 0 22 0.379208
22 0 29 0.417035
23 0 28 0.409312
24 0 23 0.444291
8 0 11 0.911869
26 0 24 1.000000
18 1 10 0.325516
28 0 25 0.846214
29 0 5 0.568478
0 0 18 0.426183
0 1 24 1.000000
0 0 0 0.359209
1 0 0 0.207849
1 1 17 1.000000
1 0 17 0.553238
2 0 7 0.175323
2 1 24 0.577295
2 1 2 0.422705
3 0 26 0.139484
3 1 15 1.000000
3 0 1 0.488530
4 1 24 1.000000
4 0 18 0.867698
25 0 4 1.000000
6 0 22 0.084410
6 1 24 1.000000
6 0 25 0.407395
7 1 28 1.000000
7 0 24 0.424762
9 1 21 1.000000
9 0 16 0.404482
10 0 17 0.161843
10 1 8 0.107748
10 1 2 0.892252
12 0 0 0.506555
13 0 17 0.778509
13 1 18 0.518711
13 1 1 0.481289
14 1 6 0.097282
14 1 27 0.902718
15 0 15 0.096516
15 1 25 0.385564
15 1 28 0.614436
16 0 5 0.087338
16 1 22 0.464255
16 1 9 0.535745
17 1 20 1.000000
17 0 28 0.504419
18 0 22 0.518158
18 1 20 0.674484
18 0 23 0.044856
20 0 20 0.595252
20 1 18 0.380102
20 1 16 0.619898
21 0 8 0.390151
21 1 25 1.000000
21 0 0 0.230640
22 0 6 0.482887
22 1 26 1.000000
22 0 1 0.100079
23 0 1 0.320256
23 1 12 1.000000
23 0 15 0.270432
24 0 12 0.545793
24 1 28 1.000000
24 0 27 0.009917
29 1 24 0.303484
29 1 18 0.696516
27 1 27 0.497322
27 1 24 0.502678
28 1 20 1.000000
28 0 17 0.153786
