65 24
0 0 6 0.433065
1 0 11 0.760985
2 0 17 1.000000
3 0 15 0.513460
4 0 21 1.000000
5 0 2 1.000000
6 0 22 0.223527
7 0 8 1.000000
8 0 14 1.000000
9 0 12 0.477829
10 0 4 1.000000
11 0 8 1.000000
12 0 6 1.000000
13 0 0 0.797553
14 0 4 0.396905
15 0 18 0.147986
16 0 7 1.000000
17 0 16 1.000000
18 0 10 1.000000
19 0 18 1.000000
20 0 16 0.536850
21 0 13 0.407028
22 0 6 0.628748
23 0 17 1.000000
0 0 11 0.144222
0 1 12 1.000000
0 0 12 0.422713
1 1 9 1.000000
1 0 13 0.239015
3 0 11 0.486540
3 1 6 0.417932
3 1 11 0.582068
4 1 11 0.248689
4 1 7 0.751311
5 1 13 0.540370
5 1 10 0.459630
6 0 0 0.344506
6 1 3 1.000000
6 0 9 0.324762
7 1 12 0.850280
7 1 20 0.149720
9 1 6 1.000000
9 0 9 0.522171
11 1 18 0.140381
11 1 20 0.859619
13 1 0 0.611977
13 0 10 0.202447
14 0 11 0.603095
15 1 0 1.000000
15 0 7 0.852014
16 1 10 0.677713
16 1 23 0.322287
17 1 10 0.935047
17 1 14 0.064953
13 1 5 0.388023
6 0 2 0.107205
20 0 6 0.463150
20 1 22 0.426001
20 1 18 0.573999
21 0 22 0.342102
21 1 12 1.000000
21 0 19 0.250869
22 0 0 0.371252
23 1 1 0.371201
23 1 13 0.628799
