63 22
0 0 3 0.572383
1 0 14 0.276961
2 0 6 1.000000
3 0 0 0.810855
4 0 1 0.394217
5 0 21 0.470395
6 0 21 0.718954
7 0 19 0.478167
8 0 0 1.000000
15 0 12 0.442329
10 0 16 0.701930
11 0 8 0.551027
12 0 17 0.944708
13 0 3 1.000000
14 0 5 0.512511
15 0 4 0.557671
16 0 3 1.000000
17 0 8 0.198149
18 0 2 0.764900
19 0 15 0.376374
20 0 0 0.077220
21 0 19 1.000000
0 0 19 0.427617
0 1 4 0.652447
0 1 5 0.347553
1 0 18 0.592441
1 1 5 1.000000
1 0 20 0.130597
2 1 14 0.116853
2 1 11 0.883147
3 0 13 0.189145
3 1 19 0.326272
3 1 11 0.673728
4 0 7 0.605783
4 1 0 0.196006
4 1 14 0.803994
5 1 2 1.000000
5 0 9 0.529605
6 0 15 0.281046
7 0 16 0.521833
7 1 16 0.215218
7 1 10 0.784782
9 0 15 1.000000
9 1 4 1.000000
20 0 9 0.922780
10 1 20 1.000000
10 0 8 0.298070
11 0 17 0.406394
11 1 2 1.000000
11 0 19 0.042579
12 0 0 0.055292
12 1 10 0.333530
12 1 8 0.666470
14 0 17 0.290450
14 1 0 1.000000
14 0 9 0.197040
17 1 11 1.000000
17 0 18 0.801851
18 0 7 0.235100
18 1 1 0.396323
18 1 2 0.603677
19 0 3 0.623626
20 1 16 1.000000
