49 17
0 0 1 1.000000
1 0 12 1.000000
2 0 13 0.732429
3 0 2 1.000000
4 0 16 0.200747
5 0 0 0.219084
6 0 15 0.623161
7 0 0 0.789068
8 0 10 0.251450
9 0 0 0.541605
10 0 14 1.000000
11 0 13 0.609229
12 0 3 0.449545
13 0 9 0.096438
14 0 3 0.067698
15 0 14 0.499724
16 0 10 0.536161
1 1 3 0.637499
1 1 15 0.362501
2 1 12 1.000000
2 0 12 0.267571
4 0 9 0.391948
4 1 7 1.000000
4 0 15 0.407305
5 0 1 0.563361
5 1 5 1.000000
5 0 10 0.217555
6 0 5 0.376839
6 1 11 0.371278
6 1 12 0.628722
7 0 2 0.210932
7 1 4 0.394373
7 1 8 0.605627
8 0 6 0.748550
9 0 9 0.458395
10 1 16 0.632567
10 1 10 0.367433
11 0 11 0.390771
12 1 14 1.000000
12 0 14 0.550455
13 0 14 0.447931
13 1 7 1.000000
13 0 3 0.455631
14 1 15 1.000000
14 0 5 0.932302
15 1 13 1.000000
15 0 11 0.500276
16 1 16 1.000000
16 0 9 0.463839
