42 14
0 0 9 1.000000
1 0 4 0.376726
2 0 6 0.369533
3 0 0 0.336429
4 0 9 0.248789
5 0 11 1.000000
6 0 2 0.512832
7 0 3 1.000000
8 0 5 0.231142
9 0 5 0.720291
13 1 2 0.398778
11 0 1 0.215409
12 0 9 0.136325
13 0 10 1.000000
1 0 0 0.623274
1 1 10 0.707650
1 1 4 0.292350
2 0 3 0.630467
3 0 7 0.663571
3 1 8 0.799983
3 1 0 0.200017
4 0 11 0.751211
4 1 3 0.414216
4 1 2 0.585784
5 1 0 0.450109
5 1 6 0.549891
6 0 1 0.487168
6 1 11 0.180613
6 1 13 0.819387
8 1 7 1.000000
8 0 9 0.768858
9 1 4 1.000000
9 0 12 0.279709
10 0 10 1.000000
10 1 12 1.000000
13 1 7 0.601222
11 0 12 0.784591
11 1 9 0.467360
11 1 2 0.532640
12 0 4 0.863675
12 1 6 0.410595
12 1 1 0.589405
