43 15
0 0 13 0.611421
1 0 0 0.450633
2 0 8 0.619732
3 0 12 1.000000
4 0 8 1.000000
5 0 10 0.647447
6 0 10 0.824562
7 0 10 1.000000
8 0 5 0.359516
9 0 2 1.000000
10 0 8 0.807167
11 0 10 0.423670
12 0 7 1.000000
13 0 1 1.000000
14 0 13 0.076424
0 0 6 0.388579
0 1 12 0.637147
0 1 3 0.362853
1 0 2 0.549367
2 1 6 1.000000
2 0 5 0.380268
4 1 10 0.900079
4 1 11 0.099921
5 0 14 0.352553
5 1 13 0.479968
5 1 12 0.520032
6 1 1 0.996324
6 0 13 0.175438
7 1 10 0.972808
7 1 5 0.027192
8 0 4 0.640484
9 1 8 0.122715
9 1 0 0.877285
10 0 3 0.192833
10 1 11 0.440317
10 1 12 0.559683
11 1 11 1.000000
11 0 6 0.576330
13 1 5 0.936699
13 1 14 0.063301
14 1 8 1.000000
14 0 14 0.923576
6 1 9 0.003676
