56 20
0 0 14 0.379939
3 0 13 0.203271
2 0 0 1.000000
3 0 16 0.487732
4 0 9 1.000000
5 0 12 0.277871
6 0 8 0.161893
7 0 9 1.000000
8 0 16 1.000000
9 0 0 0.972449
10 0 9 1.000000
11 0 2 0.687252
12 0 4 1.000000
13 0 11 1.000000
14 0 6 0.396767
15 0 19 0.191870
16 0 8 0.404439
17 0 12 1.000000
18 0 4 1.000000
19 0 3 0.785218
0 0 5 0.620061
1 1 7 1.000000
4 1 1 0.111182
2 1 2 0.488945
2 1 19 0.511055
3 0 10 0.082580
3 1 4 1.000000
3 0 18 0.226418
4 1 5 0.602524
4 1 14 0.286294
5 0 14 0.368685
5 1 7 1.000000
5 0 16 0.353445
6 0 9 0.006156
6 1 0 1.000000
6 0 3 0.831951
9 0 15 0.027551
9 1 0 0.911140
9 1 18 0.088860
10 1 11 0.959832
10 1 17 0.040168
11 1 15 1.000000
11 0 17 0.312748
12 1 6 0.378200
12 1 19 0.621800
14 0 12 0.273997
14 1 15 1.000000
14 0 11 0.329236
15 0 5 0.808131
16 0 0 0.595561
16 1 16 0.271389
16 1 8 0.728611
17 1 8 0.365210
17 1 11 0.634790
19 0 11 0.214782
18 1 19 1.000000
