87 29
0 0 13 0.330493
1 0 3 1.000000
2 0 25 1.000000
3 0 7 1.000000
4 0 9 1.000000
5 0 12 0.755099
28 1 11 0.851740
7 0 11 0.851946
8 0 6 0.509945
9 0 14 0.691782
10 0 11 1.000000
11 0 17 0.746217
12 0 11 1.000000
13 0 23 0.909059
14 0 1 0.671286
15 0 22 0.039018
16 0 12 0.428845
17 0 28 1.000000
18 0 10 0.381318
19 0 12 0.258652
20 0 6 0.266946
21 0 23 0.380084
22 0 8 1.000000
23 0 13 0.287915
24 0 1 0.429162
25 0 13 0.910626
26 0 22 0.260736
27 0 1 0.478876
28 0 15 0.686074
0 0 24 0.219800
0 1 16 1.000000
0 0 0 0.449707
1 1 28 0.549625
1 1 8 0.450375
4 1 15 0.784261
4 1 26 0.215739
5 1 20 1.000000
5 0 19 0.244901
6 1 20 1.000000
28 1 8 0.148260
7 1 18 1.000000
7 0 17 0.148054
8 0 14 0.490055
9 1 19 1.000000
9 0 21 0.308218
10 1 8 0.532757
10 1 18 0.467243
11 0 20 0.253783
11 1 14 0.424245
11 1 18 0.575755
12 1 0 0.838388
12 1 27 0.161612
13 0 2 0.090941
14 1 4 1.000000
14 0 16 0.328714
15 1 11 1.000000
15 0 17 0.960982
16 0 18 0.571155
17 1 19 0.366727
17 1 23 0.633273
18 0 4 0.618682
18 1 25 0.394032
18 1 5 0.605968
19 0 1 0.236842
19 1 17 1.000000
19 0 13 0.504506
20 1 6 1.000000
20 0 17 0.733054
21 1 5 1.000000
21 0 7 0.619916
22 1 7 0.206479
22 1 5 0.793521
23 0 10 0.412154
23 1 14 1.000000
23 0 25 0.299931
24 1 1 1.000000
24 0 21 0.570838
25 0 26 0.089374
25 1 21 0.555440
25 1 1 0.444560
26 0 16 0.370916
26 1 11 1.000000
26 0 13 0.368348
27 0 17 0.433594
27 1 20 1.000000
27 0 22 0.087530
28 0 6 0.313926
