55 21
0 0 1 0.366330
1 0 4 1.000000
2 0 10 0.814925
3 0 1 1.000000
4 0 8 1.000000
5 0 2 1.000000
6 0 15 0.726773
7 0 0 0.278396
8 0 2 0.319536
9 0 11 1.000000
10 0 1 1.000000
11 0 20 0.376828
12 0 16 1.000000
13 0 18 1.000000
14 0 10 0.289679
15 0 4 0.220669
16 0 4 1.000000
17 0 0 0.368514
18 0 20 1.000000
19 0 3 0.863963
19 0 16 0.136037
0 0 13 0.633670
2 1 3 1.000000
2 0 6 0.185075
3 1 11 0.853271
3 1 13 0.146729
6 0 1 0.273227
7 0 16 0.278482
7 1 5 1.000000
7 0 2 0.443122
8 0 10 0.680464
8 1 6 0.774360
8 1 19 0.225640
10 1 20 0.009578
10 1 6 0.990422
12 1 14 0.702683
12 1 17 0.297317
13 1 11 0.373406
13 1 2 0.278446
14 0 17 0.710321
14 1 9 0.296502
14 1 11 0.703498
15 0 13 0.779331
16 1 15 0.650211
16 1 3 0.349789
17 0 11 0.631486
18 1 14 0.537238
18 1 11 0.462762
19 1 8 0.894018
19 1 20 0.105982
20 1 12 0.833852
20 1 8 0.166148
20 0 14 1.000000
13 1 5 0.348148
11 0 7 0.623172
