75 26
0 0 5 0.548183
1 0 24 0.541829
6 0 8 0.300412
3 0 12 1.000000
4 0 16 0.573245
5 0 10 0.972664
6 0 14 0.319061
7 0 5 0.167407
8 0 9 0.187125
9 0 24 1.000000
10 0 7 0.572772
11 0 3 1.000000
12 0 17 0.510396
13 0 9 0.182145
14 0 18 0.502289
15 0 3 1.000000
16 0 13 0.697215
17 0 6 0.452171
18 0 6 0.198663
19 0 13 0.727788
20 0 18 0.003559
21 0 25 1.000000
22 0 21 1.000000
23 0 11 0.091050
24 0 1 0.188392
25 0 11 1.000000
0 0 4 0.451817
0 1 0 0.505405
0 1 5 0.494595
1 0 3 0.458171
1 1 20 0.209860
1 1 24 0.790140
2 0 6 1.000000
2 1 11 1.000000
24 0 7 0.617504
3 1 5 0.399453
3 1 16 0.600547
4 0 1 0.426755
5 1 20 1.000000
5 0 20 0.027336
6 1 7 1.000000
6 0 20 0.380526
7 0 0 0.566447
7 1 16 1.000000
7 0 10 0.266146
8 0 5 0.455936
8 1 25 1.000000
8 0 22 0.356939
9 1 19 0.582841
9 1 20 0.417159
10 0 23 0.427228
10 1 2 0.989489
10 1 22 0.010511
12 1 17 1.000000
12 0 6 0.489604
13 0 15 0.547790
13 1 21 1.000000
13 0 3 0.270065
14 0 14 0.497711
16 0 21 0.302785
17 1 22 1.000000
17 0 16 0.547829
18 0 20 0.801337
19 0 23 0.272212
20 1 22 1.000000
20 0 3 0.996441
21 1 24 0.617252
21 1 19 0.382748
22 1 24 0.405414
22 1 11 0.594586
23 0 13 0.908949
23 1 1 0.876074
23 1 10 0.123926
24 0 20 0.194103
24 1 22 1.000000
