72 24
0 0 6 0.698623
1 0 16 0.117138
2 0 5 0.065959
3 0 21 0.345010
4 0 8 1.000000
5 0 10 1.000000
6 0 11 0.247775
7 0 21 0.622075
8 0 13 0.234621
9 0 22 1.000000
10 0 9 1.000000
11 0 9 1.000000
12 0 0 0.012074
13 0 20 0.942000
14 0 1 1.000000
15 0 13 0.715489
16 0 4 0.328653
17 0 0 0.484217
18 0 20 1.000000
19 0 6 0.403784
20 0 2 1.000000
21 0 0 0.951388
22 0 7 0.459493
23 0 12 0.353900
0 1 0 1.000000
0 0 4 0.301376
1 1 23 1.000000
1 0 15 0.882862
2 0 0 0.439005
2 1 13 1.000000
2 0 1 0.495037
3 0 23 0.654990
4 1 16 0.755701
4 1 17 0.244299
5 1 2 0.032304
5 1 9 0.967696
6 0 19 0.752225
6 1 14 0.429568
6 1 20 0.570432
7 0 8 0.377925
8 1 19 1.000000
8 0 15 0.765379
10 1 14 0.313297
10 1 17 0.686703
12 1 10 1.000000
12 0 20 0.987926
13 1 18 1.000000
13 0 5 0.058000
14 1 5 0.645588
14 1 21 0.354412
15 1 17 1.000000
15 0 7 0.284511
16 0 22 0.216887
16 1 12 1.000000
16 0 16 0.454459
17 0 12 0.515783
17 1 20 0.281299
17 1 3 0.718701
18 1 19 0.563541
18 1 10 0.436459
19 0 8 0.363221
19 1 0 1.000000
19 0 16 0.232996
20 1 1 0.594517
20 1 12 0.405483
21 1 20 1.000000
21 0 8 0.048612
22 0 20 0.540507
22 1 4 0.481941
22 1 5 0.518059
23 1 8 1.000000
23 0 11 0.646100
