60 22
0 0 19 0.795893
1 0 10 0.028765
2 0 12 1.000000
3 0 20 0.468335
4 0 7 0.139144
15 1 16 0.888708
10 0 15 0.286335
7 0 4 1.000000
8 0 10 1.000000
9 0 21 1.000000
10 0 21 0.508746
11 0 21 0.193669
12 0 7 0.261205
13 0 20 0.461092
14 0 21 1.000000
15 0 13 0.151570
16 0 0 0.558941
17 0 0 1.000000
18 0 9 1.000000
19 0 3 1.000000
20 0 2 0.326278
21 0 19 1.000000
0 1 12 1.000000
0 0 20 0.204107
1 1 21 1.000000
1 0 1 0.639140
2 1 19 0.473437
2 1 3 0.526563
3 1 19 0.517574
3 0 17 0.531665
4 0 0 0.860856
4 1 7 0.584023
4 1 11 0.415977
1 0 14 0.332095
5 1 18 0.448152
5 1 20 0.551848
19 1 13 0.326265
8 1 14 0.334499
8 1 8 0.665501
10 0 16 0.204919
10 1 13 1.000000
11 0 10 0.558138
11 0 3 0.017315
11 1 0 0.334470
11 0 0 0.230878
12 0 2 0.031422
13 0 1 0.538908
15 0 15 0.213822
15 1 12 0.111292
15 0 1 0.634608
16 1 5 1.000000
16 0 15 0.441059
19 1 6 0.187394
19 1 9 0.486341
20 0 0 0.335678
20 1 17 1.000000
20 0 9 0.338044
11 1 8 0.665530
3 1 5 0.482426
12 0 1 0.707373
