80 28
0 0 15 0.583832
1 0 13 1.000000
2 0 1 0.619694
3 0 16 0.381191
4 0 16 0.738327
5 0 8 0.617011
6 0 25 0.091752
7 0 10 0.806095
8 0 20 0.104602
9 0 10 1.000000
10 0 23 1.000000
11 0 18 0.301291
12 0 20 0.570011
13 0 11 0.143479
14 0 16 1.000000
15 0 5 1.000000
16 0 9 0.559062
17 0 18 0.366385
18 0 7 1.000000
19 0 20 0.058899
20 0 0 0.815494
21 0 10 0.842111
22 0 4 0.404616
26 1 12 0.531799
24 0 8 1.000000
25 0 21 1.000000
26 0 5 1.000000
27 0 3 1.000000
0 1 19 1.000000
0 0 7 0.416168
2 0 13 0.025840
2 1 13 1.000000
2 0 25 0.354465
3 1 17 1.000000
3 0 18 0.618809
4 0 17 0.261673
4 1 17 0.196791
4 1 22 0.803209
5 0 17 0.382989
5 1 5 0.742735
5 1 19 0.257265
6 0 27 0.459483
6 1 11 1.000000
6 0 2 0.448765
7 0 9 0.193905
8 0 22 0.895398
11 0 8 0.698709
11 1 20 0.166495
11 1 13 0.833505
12 1 24 1.000000
12 0 6 0.429989
13 0 14 0.416269
13 1 18 0.217139
13 0 15 0.440253
14 1 25 0.661412
14 1 24 0.338588
15 1 19 0.674021
15 1 1 0.325979
16 0 26 0.440938
17 0 4 0.321620
17 1 9 1.000000
17 0 16 0.311996
18 1 25 0.254281
18 1 8 0.745719
19 0 18 0.424851
19 1 2 1.000000
19 0 22 0.516251
20 1 15 1.000000
20 0 1 0.184506
21 0 1 0.157889
22 0 8 0.515581
22 1 17 1.000000
22 0 25 0.079804
13 1 6 0.782861
25 1 15 0.576464
25 1 20 0.423536
26 1 25 0.048545
26 1 1 0.419656
27 1 16 0.664087
27 1 9 0.335913
