69 25
0 0 20 1.000000
1 0 19 0.474813
2 0 6 1.000000
3 0 20 0.336500
4 0 11 0.749856
5 0 8 0.407918
6 0 3 0.641681
7 0 1 1.000000
8 0 0 0.531940
9 0 4 1.000000
10 0 0 0.273494
11 0 6 0.004868
12 0 11 1.000000
13 0 19 0.231336
14 0 20 0.297256
15 0 3 0.372876
16 0 17 1.000000
17 0 23 0.411365
18 0 5 0.150916
19 0 9 0.205558
20 0 19 1.000000
21 0 3 0.179823
22 0 11 0.522242
23 0 16 1.000000
24 0 17 0.657157
0 1 9 0.265270
0 1 22 0.734730
1 1 19 1.000000
1 0 15 0.525187
3 0 2 0.425671
3 1 5 1.000000
3 0 13 0.237829
4 0 6 0.250144
4 1 12 0.895386
4 1 10 0.104614
5 0 11 0.592082
6 1 3 0.674138
6 0 0 0.358319
8 0 23 0.468060
9 1 12 0.615836
9 1 3 0.384164
10 0 1 0.726506
11 1 1 1.000000
11 0 12 0.995132
12 1 7 0.412761
12 1 0 0.587239
13 0 13 0.436813
14 1 22 1.000000
14 0 10 0.702744
15 1 19 1.000000
15 0 17 0.627123
17 0 20 0.349148
17 1 19 1.000000
17 0 22 0.239487
18 0 13 0.251448
19 0 13 0.369978
19 1 20 1.000000
19 0 18 0.424464
21 0 10 0.820177
21 1 7 0.748392
21 1 19 0.251608
22 1 18 1.000000
22 0 4 0.477758
24 0 22 0.342843
24 1 12 0.504295
24 1 8 0.495705
13 0 14 0.331852
6 1 21 0.325862
18 0 24 0.597635
