92 29
0 0 20 0.412801
1 0 9 0.211900
2 0 12 1.000000
3 0 14 0.758480
4 0 21 0.340325
5 0 18 0.164281
6 0 26 0.544898
7 0 15 0.835244
8 0 12 0.447073
9 0 25 1.000000
10 0 12 1.000000
11 0 6 0.651561
12 0 23 1.000000
13 0 5 0.047620
14 0 16 0.048035
15 0 11 1.000000
16 0 23 0.125359
17 0 12 0.551039
18 0 16 0.533105
19 0 14 0.403173
20 0 4 0.374901
21 0 25 0.600228
22 0 10 0.512458
23 0 0 0.919085
24 0 17 0.442396
25 0 19 0.474721
26 0 21 0.215439
27 0 20 0.290454
28 0 13 0.284953
0 0 2 0.292174
0 1 4 1.000000
0 0 9 0.295025
1 1 14 1.000000
1 0 3 0.788100
2 1 4 0.016768
2 1 15 0.983232
3 0 0 0.241520
3 1 13 0.043237
3 1 22 0.956762
4 0 7 0.319021
4 1 19 1.000000
4 0 12 0.340654
5 0 8 0.416958
5 1 3 1.000000
5 0 26 0.418761
6 0 17 0.378127
6 1 6 1.000000
6 0 13 0.076975
7 0 0 0.164756
8 0 1 0.552927
8 1 27 0.951430
8 1 21 0.048570
28 0 9 0.715047
9 1 16 1.000000
27 0 11 0.709546
11 1 8 1.000000
11 0 14 0.348439
12 1 17 0.005342
12 1 23 0.994658
13 0 23 0.427663
13 1 19 1.000000
13 0 1 0.524717
14 0 26 0.444051
14 1 28 1.000000
14 0 27 0.507914
16 0 18 0.487165
16 1 8 1.000000
16 0 1 0.387476
17 0 2 0.260603
17 1 13 1.000000
17 0 10 0.188358
18 0 23 0.466895
19 0 2 0.263820
19 1 26 1.000000
19 0 27 0.333007
20 0 17 0.383645
20 1 13 1.000000
20 0 5 0.241454
21 0 6 0.399772
22 0 22 0.487542
23 0 20 0.080915
23 1 0 0.675869
23 1 6 0.324131
24 0 8 0.259509
24 1 12 1.000000
24 0 9 0.298095
25 0 0 0.455267
25 1 27 1.000000
25 0 6 0.070012
26 1 16 1.000000
26 0 11 0.784561
27 1 27 1.000000
