89 29
0 0 26 0.405138
1 0 13 0.437044
2 0 22 1.000000
3 0 13 0.896481
21 0 28 0.307230
5 0 21 1.000000
6 0 23 1.000000
7 0 24 0.180293
8 0 10 0.714715
9 0 20 0.447327
10 0 15 0.330784
11 0 19 0.108683
12 0 4 0.181772
13 0 4 1.000000
14 0 13 1.000000
15 0 16 0.388369
16 0 20 1.000000
17 0 21 0.272546
18 0 3 1.000000
19 0 25 0.478006
20 0 23 0.501889
21 0 10 0.107634
22 0 6 0.239220
23 0 9 0.320496
24 0 11 1.000000
25 0 26 0.127645
26 0 17 0.988259
27 0 0 0.489675
28 0 22 1.000000
0 0 22 0.132013
0 1 15 1.000000
0 0 20 0.462848
1 0 7 0.208369
1 1 24 1.000000
1 0 8 0.354587
3 1 0 1.000000
3 0 10 0.103519
4 1 1 1.000000
12 1 27 0.424825
5 1 2 0.578826
5 1 16 0.421174
7 0 25 0.264099
7 1 15 1.000000
7 0 15 0.555608
8 0 6 0.285285
9 0 12 0.552673
9 1 20 0.465922
9 1 21 0.534078
10 0 21 0.669216
11 1 7 1.000000
11 0 1 0.891317
12 1 25 0.575175
12 0 15 0.818228
13 1 0 0.606765
13 1 12 0.393235
15 0 25 0.463954
15 1 10 1.000000
15 0 18 0.147677
16 1 11 0.671874
16 1 23 0.328126
17 0 1 0.727454
17 1 14 0.741605
17 1 7 0.258395
18 1 3 0.520660
18 1 26 0.479340
19 0 26 0.298509
19 1 12 0.141797
19 0 22 0.223486
20 0 18 0.358918
20 1 1 1.000000
20 0 11 0.139193
21 1 21 0.561556
21 1 22 0.438444
22 0 4 0.760780
22 1 19 0.082092
22 1 20 0.917908
23 1 17 1.000000
23 0 6 0.679504
25 1 19 1.000000
25 0 18 0.872355
26 1 23 1.000000
26 0 24 0.011741
27 0 19 0.510325
27 1 13 0.634546
27 1 10 0.365454
28 1 16 0.611836
28 1 0 0.388164
19 1 2 0.858203
21 0 5 0.585136
