36 12
0 0 1 0.708862
1 0 4 0.214006
2 0 11 1.000000
3 0 0 0.409767
4 0 7 1.000000
5 0 9 0.663085
6 0 11 0.553378
7 0 9 1.000000
8 0 10 0.261007
9 0 4 0.388063
10 0 7 1.000000
11 0 9 0.517864
0 0 6 0.291138
9 0 8 0.611937
3 1 5 0.255942
1 0 3 0.785994
1 1 10 0.268481
1 1 1 0.731519
2 1 8 0.221921
2 1 4 0.778079
3 0 6 0.079260
3 1 9 0.427615
3 1 7 0.316443
4 1 11 0.339777
4 1 9 0.660223
5 0 8 0.336915
6 0 4 0.446622
8 0 8 0.738993
8 1 0 0.804313
8 1 9 0.195687
9 1 11 0.538796
9 1 1 0.461204
10 1 6 0.882807
10 1 11 0.117193
11 0 11 0.482136
3 0 2 0.510973
