70 24
0 0 10 0.155223
1 0 22 1.000000
2 0 14 1.000000
3 0 0 0.274290
4 0 10 0.428432
5 0 17 1.000000
6 0 19 0.606902
7 0 9 0.127886
8 0 3 0.326926
9 0 23 0.344487
10 0 15 1.000000
11 0 12 1.000000
12 0 15 0.423246
13 0 18 0.902290
14 0 5 0.002170
15 0 5 1.000000
16 0 10 0.346838
17 0 8 1.000000
18 0 5 0.458849
19 0 18 0.681807
20 0 5 0.056329
21 0 10 0.258349
22 0 18 0.243130
23 0 1 0.218931
0 0 21 0.844777
1 1 6 0.536143
1 1 1 0.463857
2 1 20 0.640026
2 1 9 0.359974
3 1 12 1.000000
3 0 8 0.725710
4 0 19 0.329720
4 1 9 1.000000
4 0 11 0.241848
6 1 8 1.000000
6 0 0 0.393098
7 0 11 0.872114
8 0 18 0.673074
8 1 4 0.503564
8 1 23 0.496436
9 0 4 0.413150
9 1 19 1.000000
9 0 21 0.242363
10 1 13 0.713630
10 1 21 0.286370
11 1 13 0.995711
11 1 18 0.004289
12 1 3 1.000000
12 0 22 0.576754
13 0 23 0.097710
14 0 15 0.997830
14 1 17 0.842545
14 1 22 0.157455
15 1 8 0.334765
15 1 2 0.665235
16 0 7 0.653162
16 1 19 0.554343
16 1 5 0.445657
18 0 14 0.541151
18 1 9 0.416314
18 1 19 0.583686
19 1 8 1.000000
19 0 16 0.318193
20 1 4 1.000000
20 0 2 0.943671
21 0 19 0.741651
21 1 21 0.505052
21 1 2 0.494948
22 0 10 0.756870
23 0 0 0.781069
