36 14
10 0 12 0.838325
1 0 5 1.000000
2 0 11 1.000000
3 0 7 0.865062
4 0 13 0.358111
5 0 0 0.502714
6 0 3 1.000000
7 0 6 0.119647
8 0 7 1.000000
9 0 0 0.019453
10 0 8 0.161675
11 0 5 1.000000
12 0 5 0.686837
13 0 6 0.415299
9 0 4 0.676714
1 1 11 0.568616
1 1 2 0.431384
3 0 10 0.134938
4 0 5 0.360656
4 1 2 1.000000
4 0 1 0.281233
5 1 8 1.000000
5 0 6 0.497286
6 1 0 0.698205
6 1 9 0.301795
7 1 5 1.000000
7 0 13 0.880353
8 1 3 0.918687
8 1 1 0.081313
9 0 3 0.303833
10 1 8 0.105250
10 1 2 0.894750
12 0 10 0.313163
13 0 10 0.584701
13 1 6 0.521988
13 1 10 0.478012
