47 18
0 0 15 0.528289
1 0 11 1.000000
2 0 14 1.000000
3 0 13 1.000000
4 0 7 1.000000
5 0 7 1.000000
6 0 16 1.000000
7 0 11 0.526475
8 0 2 1.000000
9 0 3 0.667889
10 0 4 0.460188
11 0 3 1.000000
12 0 16 0.188143
13 0 9 0.370153
14 0 13 0.235597
15 0 2 0.217723
16 0 3 0.866467
17 0 13 0.418346
0 1 8 1.000000
0 0 12 0.471711
16 1 15 0.390353
12 1 0 0.320521
5 1 10 0.167297
5 1 8 0.832703
7 0 12 0.473524
8 1 2 0.867407
8 1 1 0.132593
9 0 5 0.332111
9 1 6 0.829133
9 1 2 0.170867
10 0 17 0.011054
10 1 13 1.000000
10 0 11 0.528758
12 1 14 0.679479
12 0 11 0.811857
13 0 6 0.629847
13 1 2 0.807139
13 1 16 0.192861
14 0 5 0.483050
14 1 16 1.000000
14 0 14 0.281353
15 0 13 0.782277
15 1 4 0.672469
15 1 7 0.327531
16 1 13 0.609647
16 0 2 0.133533
17 0 12 0.581654
