60 21
8 0 18 0.409897
1 0 15 0.289215
2 0 14 0.051282
19 0 17 0.977822
4 0 19 1.000000
5 0 0 0.040387
6 0 16 1.000000
7 0 2 1.000000
8 0 6 0.256865
9 0 8 1.000000
10 0 12 0.731419
11 0 4 1.000000
12 0 13 0.624358
13 0 9 0.219483
14 0 1 0.473929
15 0 5 1.000000
16 0 13 0.707094
17 0 18 0.008595
18 0 8 0.144865
19 0 12 0.022178
20 0 15 0.368972
0 1 13 1.000000
2 1 7 0.264880
1 0 11 0.710785
1 1 4 0.328784
1 1 6 0.671216
2 0 19 0.948718
2 1 15 0.175317
2 1 3 0.559803
3 1 4 1.000000
20 1 5 0.824261
4 1 9 0.495477
4 1 8 0.504523
5 0 10 0.909989
5 1 16 1.000000
5 0 6 0.049624
7 1 5 0.618229
7 1 7 0.381771
8 0 20 0.333238
8 1 6 0.217047
8 1 16 0.782953
10 0 14 0.268581
10 1 15 0.207138
10 1 0 0.792862
12 0 8 0.375642
12 1 8 0.572479
12 1 10 0.427521
13 0 3 0.433699
13 1 1 1.000000
13 0 0 0.346818
14 0 0 0.054114
14 1 20 1.000000
14 0 12 0.471957
16 1 5 1.000000
16 0 20 0.292906
17 1 3 1.000000
17 0 6 0.991405
18 0 14 0.855135
20 0 4 0.631028
20 1 2 0.175739
