40 14
0 0 2 1.000000
1 0 6 1.000000
2 0 4 0.330820
3 0 4 0.481921
4 0 6 1.000000
5 0 1 0.471497
6 0 11 0.945766
7 0 4 0.216744
8 0 11 0.535486
9 0 11 0.794446
10 0 4 0.717455
11 0 6 0.934488
11 1 10 0.466085
13 0 9 1.000000
1 1 9 0.411168
1 1 3 0.588832
2 1 8 1.000000
2 0 5 0.669180
3 0 6 0.295656
3 1 11 1.000000
3 0 13 0.222423
5 0 7 0.528503
6 0 3 0.054234
7 0 8 0.264450
7 1 6 1.000000
7 0 6 0.518805
8 0 2 0.464514
8 1 12 0.946069
8 1 11 0.053931
9 0 2 0.205554
9 1 9 0.274112
9 1 0 0.725888
10 0 5 0.282545
10 1 13 0.359800
10 1 1 0.640200
11 0 4 0.065512
11 1 6 0.295955
11 1 7 0.237960
12 1 0 0.643352
12 1 11 0.356648
