39 14
0 0 6 1.000000
1 0 3 0.518074
2 0 10 1.000000
3 0 5 0.074688
4 0 6 0.649261
5 0 3 0.913742
6 0 10 1.000000
7 0 3 0.686216
8 0 12 0.038036
9 0 1 1.000000
10 0 5 1.000000
11 0 12 0.725801
12 0 2 0.486781
13 0 7 0.613687
1 0 0 0.481926
3 1 12 1.000000
3 0 6 0.925312
4 0 1 0.350739
4 1 1 0.722972
4 1 10 0.277028
5 0 13 0.086258
13 0 8 0.047584
13 1 0 1.000000
6 1 7 0.538675
6 1 1 0.461325
7 0 10 0.255000
7 1 12 1.000000
7 0 6 0.058784
8 0 2 0.961964
8 1 11 0.093560
8 1 2 0.906440
9 1 8 0.240038
9 1 4 0.759962
10 1 13 0.718983
10 1 3 0.281017
11 0 9 0.274199
12 1 12 1.000000
12 0 6 0.513219
13 0 13 0.338729
