60 20
0 0 14 0.025749
1 0 0 1.000000
2 0 5 0.283150
3 0 18 0.054152
4 0 7 1.000000
5 0 8 0.383304
6 0 18 1.000000
7 0 13 0.373469
8 0 14 0.654073
9 0 18 1.000000
10 0 5 0.040218
11 0 7 0.723684
12 0 14 0.761376
13 0 14 0.455095
14 0 6 0.908001
15 0 7 1.000000
16 0 4 1.000000
17 0 16 0.411391
18 0 8 0.377433
19 0 4 0.114678
0 0 10 0.974251
2 0 14 0.374549
2 1 1 1.000000
2 0 11 0.342301
3 0 6 0.945848
3 1 2 0.602852
3 1 15 0.397148
4 1 10 0.103618
4 1 1 0.896382
5 1 10 1.000000
5 0 13 0.616696
6 1 15 0.508984
6 1 16 0.491016
7 0 18 0.260568
7 1 5 1.000000
7 0 6 0.164801
8 0 9 0.345927
8 1 15 0.617696
8 1 14 0.382304
10 0 11 0.535969
10 1 3 1.000000
10 0 1 0.423814
11 1 16 1.000000
11 0 3 0.276316
12 1 8 1.000000
12 0 7 0.238624
13 0 2 0.544905
13 1 6 0.520627
13 1 9 0.479373
14 0 0 0.091999
14 1 14 0.428444
14 1 11 0.571556
15 1 19 0.891399
15 1 8 0.108601
17 0 14 0.270996
17 1 12 1.000000
17 0 11 0.317612
18 0 12 0.622567
19 0 11 0.885322
7 0 17 0.201163
