38 15
0 0 1 0.849246
1 0 4 0.419233
2 0 9 0.533304
3 0 0 1.000000
4 0 13 1.000000
13 0 10 0.336043
6 0 3 0.495799
7 0 6 1.000000
8 0 7 1.000000
9 0 12 0.321978
10 0 4 1.000000
11 0 5 0.656411
12 0 14 1.000000
13 0 0 0.293928
14 0 9 0.715559
0 0 11 0.150754
1 1 2 1.000000
1 0 5 0.580767
2 1 1 0.736882
2 1 7 0.263118
4 1 3 0.382573
4 1 12 0.617427
2 0 8 0.466696
6 0 5 0.504201
6 1 13 0.699192
6 1 5 0.300808
8 1 6 0.241063
8 1 0 0.758937
9 0 2 0.357773
9 1 13 1.000000
9 0 6 0.320248
11 1 1 1.000000
11 0 11 0.343589
13 0 6 0.370030
13 1 14 0.475698
13 1 13 0.524302
14 1 0 1.000000
14 0 11 0.284441
