47 18
0 0 9 0.760563
1 0 9 0.263119
2 0 12 0.935953
3 0 4 0.469134
4 0 8 1.000000
5 0 2 1.000000
6 0 8 0.481411
7 0 13 0.725310
8 0 12 1.000000
9 0 3 0.751429
10 0 13 0.304793
11 0 10 1.000000
12 0 11 0.938675
13 0 14 1.000000
14 0 16 0.475513
15 0 12 0.867947
16 0 4 0.928436
17 0 4 0.589704
0 1 5 1.000000
0 0 5 0.239437
1 1 11 1.000000
1 0 8 0.736881
2 0 4 0.064047
3 0 5 0.388637
3 1 3 1.000000
3 0 8 0.142229
4 1 7 0.966645
4 1 8 0.033355
6 1 3 1.000000
6 0 17 0.518589
7 0 7 0.274690
8 1 2 0.510589
8 1 10 0.489411
9 0 14 0.248571
9 1 1 1.000000
17 0 2 0.410296
10 0 0 0.695207
11 1 10 0.543204
11 1 15 0.456796
12 1 0 1.000000
12 0 13 0.061325
14 1 0 1.000000
14 0 14 0.524487
15 0 6 0.132053
16 0 11 0.071564
16 1 13 0.436799
16 1 6 0.563201
