68 24
0 0 17 0.617142
1 0 8 1.000000
2 0 15 0.514374
3 0 12 1.000000
4 0 14 0.357851
5 0 8 0.691468
6 0 21 0.570319
7 0 13 0.383445
8 0 16 0.381511
9 0 13 1.000000
10 0 20 0.204489
11 0 15 0.491929
12 0 18 0.414890
15 0 11 0.291032
14 0 19 0.257516
15 0 4 0.708968
16 0 22 1.000000
17 0 3 0.164249
18 0 22 1.000000
19 0 21 1.000000
20 0 23 1.000000
21 0 12 1.000000
22 0 10 0.418618
23 0 12 0.354605
0 0 13 0.382858
0 1 10 0.840952
0 1 15 0.159048
3 1 14 0.625781
3 1 15 0.374219
4 0 4 0.642149
4 1 8 0.583863
4 1 13 0.416137
5 1 8 1.000000
5 0 19 0.308532
6 0 17 0.429681
6 1 6 0.590798
6 1 18 0.409202
7 0 1 0.356165
7 1 9 1.000000
7 0 18 0.260391
8 0 4 0.618489
9 1 14 0.520382
9 1 8 0.479618
10 1 16 1.000000
10 0 10 0.795511
11 1 11 1.000000
11 0 23 0.508071
12 1 0 1.000000
12 0 23 0.585110
13 0 15 1.000000
13 1 0 1.000000
2 0 5 0.485626
14 1 4 1.000000
14 0 6 0.742484
15 1 19 0.480308
15 1 2 0.519692
16 1 6 0.317975
16 1 3 0.682025
17 0 18 0.835751
19 1 7 0.334488
19 1 17 0.665512
20 1 10 0.548043
20 1 19 0.451957
22 0 23 0.581382
22 1 14 0.007465
22 1 4 0.992535
23 1 19 1.000000
23 0 2 0.645395
