42 13
0 0 10 1.000000
1 0 2 0.438998
2 0 6 1.000000
3 0 0 0.126173
4 0 2 0.539047
5 0 1 0.256239
6 0 8 0.561924
7 0 4 0.632961
8 0 1 0.272961
9 0 7 0.325353
10 0 11 0.497409
11 0 0 0.428453
12 0 7 1.000000
1 0 4 0.561002
2 1 3 0.738108
2 1 2 0.261892
3 0 1 0.873827
3 1 6 0.670616
3 1 11 0.159353
4 0 3 0.318886
4 1 3 0.809906
4 0 10 0.142066
5 0 10 0.743761
6 0 7 0.069458
6 1 0 1.000000
6 0 1 0.368618
7 0 8 0.367039
8 0 6 0.320832
8 1 7 1.000000
8 0 5 0.406206
9 0 1 0.066282
9 1 11 1.000000
9 0 8 0.608365
10 1 2 1.000000
10 0 7 0.502591
11 0 11 0.571547
11 1 0 0.657946
11 1 8 0.342054
12 1 6 0.475095
12 1 1 0.524905
4 1 9 0.190094
3 1 12 0.170031
