65 24
0 0 19 1.000000
1 0 6 0.389105
2 0 12 0.339851
3 0 22 1.000000
4 0 9 0.193353
5 0 15 0.776596
6 0 5 1.000000
7 0 4 0.427408
8 0 23 0.235644
9 0 2 0.472834
10 0 8 1.000000
11 0 8 0.274727
12 0 3 0.635801
23 0 10 0.588544
14 0 13 0.467847
15 0 13 0.390748
16 0 5 1.000000
17 0 23 0.491230
18 0 12 0.320069
19 0 4 1.000000
20 0 5 0.448857
21 0 23 1.000000
22 0 18 0.280019
23 0 21 0.411456
0 1 2 0.450679
0 1 11 0.549321
1 0 14 0.610895
1 1 17 0.115770
1 1 1 0.884230
2 0 14 0.660149
4 1 20 1.000000
4 0 22 0.806647
5 0 16 0.223404
5 1 13 0.139725
5 1 6 0.860275
7 0 8 0.572592
7 1 14 0.460188
7 1 13 0.539812
8 0 13 0.655350
8 1 6 1.000000
8 0 7 0.109006
9 1 11 1.000000
9 0 16 0.527166
11 0 22 0.505729
11 1 18 1.000000
11 0 14 0.219543
12 0 7 0.364199
13 0 5 1.000000
13 1 11 1.000000
23 1 16 1.000000
14 0 1 0.532153
14 1 2 0.570160
14 1 15 0.429840
15 0 7 0.609252
17 1 20 1.000000
17 0 20 0.508770
18 0 14 0.532179
18 1 0 1.000000
18 0 1 0.147753
20 0 11 0.551143
20 1 22 0.720600
20 1 2 0.279400
21 1 21 0.442643
21 1 17 0.557357
22 0 10 0.719981
