68 23
0 0 3 0.435528
1 0 15 0.405088
2 0 13 0.147321
3 0 19 0.685075
4 0 2 0.612104
5 0 12 0.067266
6 0 10 1.000000
7 0 6 0.416226
8 0 7 0.005684
9 0 20 1.000000
10 0 0 0.236218
11 0 2 1.000000
12 0 14 0.398455
13 0 11 1.000000
14 0 10 0.506568
15 0 18 1.000000
16 0 17 0.994694
17 0 4 1.000000
18 0 5 1.000000
19 0 12 0.231297
20 0 21 0.110143
21 0 22 0.117430
22 0 8 0.929099
0 1 19 1.000000
0 0 0 0.564472
1 0 5 0.570158
1 1 17 1.000000
1 0 2 0.024754
2 0 1 0.852679
2 1 4 0.186433
2 1 12 0.813567
3 0 15 0.314925
4 0 3 0.053802
4 1 1 1.000000
4 0 0 0.334094
5 1 0 1.000000
5 0 13 0.932734
7 0 14 0.583774
7 1 8 0.374078
7 1 11 0.625922
8 0 1 0.994316
9 1 15 0.632471
9 1 16 0.367529
10 0 10 0.405501
10 1 20 1.000000
10 0 11 0.358281
11 1 4 0.548058
11 1 5 0.451942
12 0 18 0.468776
12 1 4 1.000000
12 0 1 0.132769
14 1 14 1.000000
14 0 4 0.493432
15 1 0 0.601449
15 1 12 0.398551
16 1 2 1.000000
16 0 3 0.005306
22 0 9 0.070901
22 1 6 1.000000
18 1 16 0.512918
18 1 19 0.487082
19 1 8 1.000000
19 0 2 0.768703
20 1 18 1.000000
20 0 3 0.889857
21 0 3 0.391010
21 1 10 1.000000
21 0 14 0.491560
