63 22
0 0 17 1.000000
1 0 5 0.229949
2 0 3 0.334163
3 0 17 0.353429
4 0 9 0.302298
5 0 16 0.545183
6 0 16 0.342959
7 0 5 0.396806
8 1 7 0.369290
9 0 11 0.367248
10 0 18 1.000000
11 0 14 0.463879
12 0 8 0.346609
13 0 15 0.809963
14 0 11 1.000000
15 0 21 0.473174
16 0 6 1.000000
17 0 12 1.000000
8 1 4 0.348879
19 0 15 0.067331
20 0 8 0.187960
21 0 9 1.000000
1 0 13 0.770051
1 1 19 0.886788
1 1 14 0.113212
2 1 21 1.000000
2 0 6 0.665837
3 0 12 0.251169
3 1 16 1.000000
3 0 18 0.395402
4 0 3 0.697702
4 1 10 0.567782
4 1 3 0.432218
5 0 18 0.454817
5 1 20 0.561643
5 1 12 0.438357
6 0 9 0.657041
20 0 19 0.460645
20 1 6 1.000000
7 0 12 0.291320
7 1 7 1.000000
7 0 8 0.311874
20 0 17 0.351395
8 1 18 0.085055
8 1 8 0.196776
9 0 2 0.361014
9 1 16 1.000000
9 0 17 0.271737
10 1 18 0.409811
10 1 10 0.590189
11 1 9 1.000000
11 0 15 0.536121
12 0 16 0.653391
13 0 10 0.190037
19 0 6 0.126347
19 1 6 1.000000
15 1 1 1.000000
15 0 13 0.526826
16 1 5 0.227983
16 1 17 0.772017
18 0 14 1.000000
18 1 20 1.000000
19 0 0 0.806322
