72 28
27 0 20 0.278206
1 0 0 1.000000
2 0 22 0.179310
3 0 25 1.000000
4 0 11 1.000000
5 0 7 0.765091
6 0 4 0.620101
7 0 2 0.464894
8 0 15 1.000000
9 0 24 0.869775
10 0 9 0.497044
11 0 19 1.000000
14 0 17 0.183089
13 0 5 0.444687
14 0 12 0.816911
15 0 10 0.712629
16 0 19 0.693020
5 0 1 0.234909
27 0 21 0.544092
19 0 13 0.081163
20 0 12 0.114705
21 0 24 0.534173
22 0 4 0.018306
23 0 13 0.029516
24 0 7 1.000000
25 0 2 1.000000
26 0 4 0.237697
27 0 22 0.177703
26 0 26 0.617155
2 0 24 0.051767
2 1 13 1.000000
2 0 6 0.768922
3 1 23 0.487319
3 1 24 0.512681
4 1 16 0.384041
4 1 26 0.615959
6 1 25 1.000000
6 0 26 0.379899
7 0 13 0.535106
7 1 23 0.548380
7 1 12 0.451620
9 1 9 1.000000
9 0 6 0.130225
10 0 2 0.502956
11 1 26 0.529113
11 1 9 0.470887
12 1 16 1.000000
26 1 19 1.000000
13 0 18 0.555313
13 1 22 0.389026
13 1 18 0.610974
15 1 7 1.000000
15 0 13 0.287371
16 0 0 0.306980
17 0 11 1.000000
17 1 17 1.000000
26 0 19 0.145149
18 1 7 1.000000
25 1 25 0.440041
19 0 12 0.658286
19 1 4 1.000000
19 0 6 0.260552
20 0 25 0.885295
21 0 2 0.465827
21 1 9 0.807414
21 1 12 0.192586
22 1 3 1.000000
22 0 14 0.981694
23 0 15 0.970484
24 1 9 0.518664
24 1 8 0.481336
25 1 27 0.559959
