52 23
0 0 4 0.443377
1 0 21 0.695396
2 0 17 0.415883
3 0 6 1.000000
4 0 17 0.278405
5 0 15 1.000000
6 0 18 0.457504
20 0 3 0.686220
8 0 1 0.190183
9 0 10 0.731093
10 0 6 1.000000
11 0 0 1.000000
12 0 20 1.000000
13 0 4 1.000000
14 0 18 1.000000
15 0 7 0.415422
16 0 8 0.529738
17 0 5 1.000000
18 0 16 1.000000
19 0 2 0.812296
20 0 12 0.313780
21 0 13 0.299606
22 0 19 0.832498
0 0 19 0.556623
0 1 15 0.319644
0 1 11 0.680356
1 0 19 0.304605
1 1 14 0.454973
1 1 15 0.545027
2 0 21 0.290621
2 1 9 1.000000
2 0 22 0.293496
3 1 10 0.516030
3 1 22 0.483970
4 0 22 0.721595
22 0 22 0.167502
21 0 12 0.700394
6 0 15 0.542496
7 0 0 1.000000
7 1 18 1.000000
20 1 16 0.245059
8 1 12 1.000000
8 0 5 0.809817
9 1 14 1.000000
9 0 1 0.268907
20 1 18 0.754941
11 1 9 1.000000
19 0 18 0.187704
15 0 19 0.584578
15 1 6 0.592252
15 1 17 0.407748
16 0 9 0.470262
