61 24
0 0 6 1.000000
1 0 9 0.449772
2 0 14 0.337465
3 0 7 1.000000
4 0 12 0.253998
5 0 7 1.000000
6 0 9 0.591504
7 0 20 0.535557
8 0 23 0.556672
9 0 17 0.919048
10 0 3 1.000000
11 0 4 1.000000
12 0 16 0.255950
13 0 17 1.000000
14 0 22 0.100376
15 0 8 0.308884
16 0 1 0.271452
17 0 10 1.000000
18 0 5 0.320078
19 0 20 0.042084
20 0 22 0.777743
21 0 18 0.513340
22 0 19 0.522567
23 0 21 0.324364
0 1 9 0.503358
0 1 2 0.496642
1 0 1 0.132163
4 1 1 1.000000
4 0 20 0.746002
6 1 17 1.000000
6 0 15 0.408496
7 1 15 1.000000
7 0 8 0.464443
8 1 1 1.000000
8 0 2 0.443328
9 0 6 0.080952
10 1 20 0.252270
10 1 3 0.747730
11 1 3 0.069560
11 1 4 0.930440
12 1 17 1.000000
12 0 8 0.744050
14 0 16 0.677362
14 1 22 1.000000
14 0 8 0.222262
15 1 19 1.000000
15 0 2 0.691116
16 0 19 0.372061
16 1 12 1.000000
16 0 10 0.356486
18 0 0 0.679922
19 0 4 0.957916
20 0 0 0.222257
21 0 6 0.486660
22 0 9 0.477433
22 1 4 0.506135
22 1 23 0.493865
23 1 23 1.000000
23 0 10 0.675636
2 0 11 0.662535
1 0 13 0.418065
