48 15
0 0 5 0.050329
1 0 4 1.000000
2 0 4 0.185225
3 0 14 0.184331
4 0 5 1.000000
14 0 8 0.546707
6 0 7 0.368623
7 0 2 1.000000
8 0 13 0.421250
9 0 14 0.073439
10 0 12 0.343785
11 0 7 0.240118
12 0 9 0.866971
13 0 1 0.913304
14 1 8 1.000000
0 1 1 1.000000
0 0 10 0.949671
1 1 2 0.978233
1 1 7 0.021767
2 0 2 0.814775
2 1 6 0.483496
2 1 2 0.516504
3 0 6 0.375728
3 1 2 1.000000
3 0 12 0.439941
4 1 1 0.731745
4 1 8 0.268255
14 0 14 0.453293
5 1 4 1.000000
5 0 12 1.000000
6 0 4 0.631377
6 1 11 0.746739
6 1 0 0.253261
8 1 14 1.000000
8 0 7 0.578750
9 0 8 0.926561
9 1 1 0.213771
9 1 10 0.786229
10 1 8 1.000000
10 0 4 0.656215
11 0 12 0.759882
11 1 5 0.150764
11 1 9 0.849236
12 1 5 1.000000
12 0 8 0.133029
13 0 4 0.086696
13 1 11 0.901336
13 1 4 0.098664
