34 11
0 0 2 0.608994
1 0 7 1.000000
2 0 1 1.000000
3 0 8 0.311058
4 0 5 0.555786
5 0 4 1.000000
6 0 3 0.791952
7 0 5 0.344493
8 0 2 0.847000
9 0 0 0.501356
10 0 5 1.000000
0 0 6 0.391006
0 1 3 0.370723
0 1 10 0.629277
1 1 8 0.646878
1 1 5 0.353122
2 1 3 0.833197
2 1 1 0.166803
3 0 4 0.182172
3 1 10 1.000000
3 0 7 0.506770
4 0 2 0.444214
5 1 9 0.044866
5 1 3 0.955134
6 1 10 1.000000
6 0 10 0.208048
7 1 9 1.000000
7 0 4 0.655507
8 0 7 0.153000
8 1 9 0.740655
8 1 8 0.259345
9 0 1 0.498644
10 1 9 0.887370
10 1 8 0.112630
