69 24
0 0 16 1.000000
1 0 16 0.585345
2 0 22 0.116970
5 1 18 0.503567
4 0 20 0.499329
5 0 20 1.000000
6 0 8 0.104633
7 0 19 0.473066
8 0 4 1.000000
9 0 15 0.274977
10 0 21 1.000000
11 0 5 0.131729
12 0 23 0.984863
13 0 12 0.080451
14 0 8 0.697824
15 0 5 0.527348
16 0 2 0.355980
17 0 20 0.567784
18 0 21 0.336437
19 0 14 0.536378
20 0 4 0.191356
21 1 13 0.743973
22 0 7 0.475544
2 0 12 0.554435
0 1 4 0.462614
0 1 21 0.537386
1 0 7 0.414655
1 1 22 0.838814
1 1 19 0.161186
2 0 14 0.095874
2 1 3 1.000000
2 0 21 0.232720
9 0 1 0.270780
4 0 22 0.500671
5 1 0 0.196687
5 1 4 0.299746
6 1 7 1.000000
6 0 0 0.895367
7 1 6 1.000000
7 0 15 0.526934
9 0 19 0.454244
11 0 7 0.383802
11 1 11 1.000000
11 0 9 0.484469
12 1 6 1.000000
12 0 2 0.015137
13 0 5 0.705570
13 1 3 1.000000
13 0 3 0.213979
14 0 3 0.302176
14 1 19 0.165782
14 1 17 0.834218
15 0 20 0.472652
15 1 7 0.996819
15 1 4 0.003181
16 0 5 0.644020
17 0 16 0.100783
17 1 3 1.000000
17 0 17 0.331433
18 0 11 0.091378
18 1 14 1.000000
18 0 18 0.572185
19 0 15 0.463622
20 0 3 0.808644
21 1 10 0.256027
23 0 23 1.000000
22 1 23 1.000000
22 0 19 0.524456
23 1 20 1.000000
