44 16
0 0 13 0.452314
1 0 2 1.000000
2 0 15 0.598033
3 0 4 1.000000
4 0 10 0.647843
5 0 9 1.000000
6 0 13 0.503388
7 0 3 1.000000
8 0 3 0.282858
9 0 5 1.000000
10 0 2 1.000000
11 0 14 1.000000
12 0 14 0.667897
13 0 12 0.306662
14 0 5 0.433240
15 0 4 1.000000
0 1 1 1.000000
0 0 12 0.547686
1 1 4 0.524599
1 1 8 0.475401
2 0 11 0.401967
2 1 2 0.096894
2 1 13 0.903106
4 0 8 0.352157
4 1 12 0.540234
4 1 0 0.459766
5 1 15 0.054466
5 1 6 0.945534
6 0 14 0.190084
6 1 5 1.000000
6 0 10 0.306528
7 1 1 0.515028
7 1 2 0.484972
8 0 15 0.363203
8 1 15 1.000000
8 0 7 0.353939
10 1 11 0.906034
10 1 4 0.093966
14 0 7 0.566760
11 1 0 1.000000
13 0 4 0.693338
12 0 13 0.332103
12 1 12 0.083378
12 1 3 0.916622
