82 27
0 0 2 1.000000
1 0 18 0.991216
2 0 3 0.437893
3 0 19 0.070544
4 0 11 1.000000
5 0 25 1.000000
6 0 11 1.000000
7 0 25 0.310112
8 0 19 0.517748
9 0 7 0.306075
10 0 6 0.527331
11 0 5 1.000000
12 0 1 0.580411
13 0 6 0.264761
14 0 15 1.000000
15 0 20 0.640914
16 0 21 1.000000
17 0 24 0.253242
18 0 22 1.000000
19 0 12 0.346343
20 0 25 0.195362
21 0 4 1.000000
22 0 1 0.789979
23 0 14 0.351254
24 0 4 0.498607
25 0 17 0.864458
26 0 22 0.595118
1 1 12 1.000000
1 0 21 0.008784
2 0 13 0.328278
2 1 17 1.000000
2 0 8 0.233829
3 0 16 0.929456
4 1 1 0.011011
4 1 25 0.776350
4 1 10 0.212639
26 1 22 0.491558
6 1 19 0.194949
6 1 11 0.805051
7 0 9 0.689888
7 1 20 0.391840
7 1 14 0.608160
8 0 13 0.473107
8 1 20 1.000000
8 0 14 0.009146
9 1 3 1.000000
9 0 3 0.693925
10 0 9 0.091873
10 1 19 1.000000
10 0 17 0.380796
11 1 25 0.666430
11 1 11 0.333570
12 0 24 0.419589
12 1 25 0.356589
12 1 3 0.643411
13 1 24 1.000000
13 0 1 0.735239
14 1 24 0.749971
14 1 4 0.250029
15 0 17 0.359086
17 0 3 0.746758
17 1 9 0.642283
17 1 23 0.357717
19 0 0 0.034111
19 1 19 1.000000
19 0 25 0.619546
20 1 8 1.000000
20 0 2 0.804638
21 1 8 0.550979
21 1 14 0.449021
22 1 26 1.000000
22 0 9 0.210021
23 0 11 0.453983
23 1 14 1.000000
23 0 12 0.194763
24 0 18 0.501393
24 1 20 0.202998
24 1 21 0.797002
25 1 12 1.000000
25 0 1 0.135542
26 0 19 0.404882
26 1 15 0.508442
