70 25
0 0 11 0.527116
1 0 12 1.000000
2 0 23 0.314874
3 0 1 0.227290
4 0 7 0.457551
5 0 13 0.471397
6 0 22 0.340361
7 0 17 1.000000
8 0 15 1.000000
9 0 15 1.000000
10 0 18 1.000000
11 0 22 0.478826
12 0 19 0.100204
13 0 17 0.428969
14 0 8 1.000000
15 0 23 0.045740
16 0 5 0.953694
2 1 20 0.659251
18 0 7 0.345695
19 0 16 0.734045
20 0 8 0.138510
21 0 1 1.000000
22 0 18 1.000000
23 0 12 0.295106
24 0 4 0.855078
0 0 7 0.472884
2 0 18 0.383873
2 1 19 0.340749
2 0 16 0.301253
3 0 3 0.772710
4 0 22 0.542449
4 1 13 0.075684
4 1 4 0.924316
5 1 0 1.000000
5 0 21 0.528603
6 0 14 0.659639
6 1 10 0.951793
6 1 0 0.048207
10 1 4 0.630964
10 1 23 0.369036
11 1 23 1.000000
11 0 11 0.521174
12 0 11 0.899796
12 1 2 0.019869
12 1 1 0.434521
13 0 12 0.188351
13 1 2 1.000000
13 0 13 0.382681
14 1 22 0.980263
14 1 18 0.019737
15 0 16 0.494090
15 1 24 1.000000
15 0 5 0.460170
16 1 15 0.374984
16 0 4 0.046306
17 1 21 1.000000
19 1 10 0.514945
18 0 22 0.654305
19 1 14 0.485055
19 0 22 0.265955
20 0 9 0.861490
20 1 12 0.508759
20 1 24 0.491241
23 0 1 0.704894
24 0 17 0.144922
24 1 18 0.355065
24 1 12 0.374116
12 1 3 0.545609
24 1 6 0.270820
16 1 9 0.625016
