81 29
0 0 8 0.296472
1 0 28 0.449283
2 0 8 0.487036
3 0 17 1.000000
4 0 16 0.243004
5 0 14 0.260726
6 0 3 1.000000
7 0 20 0.491901
8 0 21 0.382158
9 0 1 0.497083
10 0 14 1.000000
11 0 19 0.305766
12 0 7 0.239686
13 0 24 0.211100
14 0 6 0.280309
15 0 3 0.572836
16 0 21 0.148405
17 0 4 0.593140
18 0 21 0.936857
19 0 17 1.000000
20 0 22 0.329595
21 0 10 0.743202
22 0 3 0.987933
23 0 28 0.832794
24 0 20 1.000000
25 0 19 1.000000
26 0 16 0.475128
27 0 1 0.165544
28 0 21 0.309597
0 0 18 0.703528
0 1 21 0.533998
0 1 1 0.466002
1 0 25 0.550717
2 0 5 0.237986
2 1 8 1.000000
2 0 14 0.274978
4 1 13 1.000000
4 0 21 0.756996
5 0 2 0.739274
6 1 24 0.317834
6 1 25 0.682166
7 0 27 0.508099
7 1 4 0.764073
7 1 27 0.235927
8 0 2 0.617842
9 0 10 0.502917
28 0 1 0.344389
28 1 7 1.000000
11 0 13 0.694234
12 1 15 1.000000
12 0 12 0.760314
13 1 15 1.000000
13 0 6 0.788900
14 0 13 0.719691
15 0 23 0.427164
15 1 23 0.323499
15 1 22 0.676501
16 0 15 0.851595
16 1 26 0.073638
16 1 2 0.926362
17 0 5 0.406861
18 1 7 1.000000
18 0 18 0.063143
19 1 26 0.191450
19 1 4 0.808550
20 0 11 0.670405
21 0 20 0.256798
22 1 20 1.000000
22 0 25 0.012067
23 0 20 0.167206
24 1 0 0.283226
24 1 24 0.716774
25 1 12 0.170321
25 1 6 0.829679
26 0 14 0.333849
26 1 3 1.000000
26 0 0 0.191023
27 0 24 0.834456
27 1 20 0.069244
27 1 9 0.930756
28 0 4 0.346014
