47 19
0 0 11 0.888909
1 0 10 0.736185
2 0 6 1.000000
3 0 5 0.079494
4 0 6 1.000000
5 0 0 0.452391
6 0 1 1.000000
7 0 16 0.946223
8 0 7 0.159973
9 0 18 0.460288
10 0 18 0.515928
11 0 5 0.465335
12 0 0 0.450194
13 0 14 1.000000
1 0 17 0.102872
15 0 16 1.000000
16 0 8 1.000000
17 0 3 0.786526
18 0 14 1.000000
0 0 14 0.111091
0 1 12 0.526582
0 1 13 0.473418
1 0 0 0.160943
2 1 13 0.362380
2 1 3 0.637620
3 0 12 0.920506
3 1 4 0.183521
3 1 1 0.816479
4 1 2 0.508526
4 1 18 0.491474
7 0 13 0.053777
8 1 3 1.000000
8 0 16 0.840027
9 0 7 0.539712
10 0 2 0.484072
11 0 4 0.534665
12 0 8 0.549806
12 1 18 0.046705
12 1 5 0.953295
5 0 15 0.547609
14 1 1 1.000000
14 0 2 1.000000
15 1 6 0.267430
15 1 9 0.732570
17 0 10 0.213474
18 1 8 0.731990
18 1 9 0.268010
