75 24
0 0 11 0.572448
1 0 10 0.430868
2 0 11 0.337671
3 0 16 0.702017
4 0 5 0.640996
5 0 6 0.758513
6 0 0 0.510463
7 0 4 0.136922
8 0 4 0.410277
9 0 11 0.506742
10 0 1 0.612121
11 0 12 0.367068
12 0 8 0.399349
13 0 6 0.338760
14 0 19 0.553491
15 0 8 0.388115
16 0 17 0.442535
17 0 19 0.200085
18 0 12 1.000000
19 0 20 0.428163
20 0 15 1.000000
21 0 9 0.630358
22 0 10 0.937104
23 0 18 1.000000
0 0 3 0.427552
1 1 6 1.000000
1 0 14 0.569132
2 1 4 0.836936
2 0 7 0.662329
3 0 15 0.297983
4 0 13 0.359004
5 0 21 0.102233
5 1 11 1.000000
5 0 0 0.139254
6 1 16 1.000000
6 0 8 0.489537
7 1 15 1.000000
7 0 11 0.571069
8 1 14 1.000000
8 0 11 0.589723
9 0 19 0.493258
9 1 19 0.311057
9 1 10 0.688943
10 0 0 0.045522
10 1 18 1.000000
10 0 13 0.342357
11 0 7 0.377821
11 1 1 1.000000
11 0 13 0.255111
12 0 17 0.600651
13 0 21 0.474430
13 1 17 1.000000
13 0 2 0.186810
14 0 5 0.446509
14 1 6 0.693168
14 1 5 0.306832
15 0 7 0.243595
15 1 10 1.000000
15 0 20 0.368290
16 1 11 1.000000
16 0 1 0.557465
17 0 3 0.799915
19 0 6 0.571837
19 1 9 0.586004
19 1 20 0.413996
20 1 7 0.936757
20 1 6 0.063243
21 0 1 0.369642
21 1 11 0.812329
21 1 15 0.187671
22 0 5 0.062896
23 1 5 0.622146
23 1 18 0.377854
2 1 22 0.163064
7 0 23 0.292010
