52 19
0 0 6 0.832316
1 0 9 0.566001
2 0 17 1.000000
3 0 2 0.739887
4 0 1 0.370215
5 0 12 1.000000
18 0 18 0.356656
7 0 17 1.000000
8 0 1 0.258845
9 0 16 0.227086
10 0 5 0.415762
11 0 10 0.575057
12 0 1 0.596453
13 0 14 0.480459
14 0 16 1.000000
15 0 7 0.378125
16 0 15 1.000000
17 0 1 0.445057
18 0 7 0.328659
0 1 5 1.000000
0 0 12 0.167684
1 0 13 0.433998
1 1 5 0.746138
1 1 8 0.253862
3 0 18 0.260113
3 1 7 0.318399
3 1 9 0.681601
4 0 6 0.629785
18 1 18 1.000000
18 0 15 0.314685
17 0 13 0.554943
8 0 17 0.741155
8 1 5 0.952295
8 1 2 0.047705
9 0 13 0.772914
9 1 14 0.045208
9 1 11 0.954792
10 0 0 0.124165
10 1 12 1.000000
10 0 4 0.460073
11 0 14 0.424943
11 1 8 0.569865
11 1 4 0.430135
12 1 11 1.000000
12 0 18 0.403547
13 0 11 0.387451
13 1 8 1.000000
13 0 1 0.132089
14 1 16 0.347186
14 1 17 0.652814
15 1 12 1.000000
15 0 3 0.621875
