55 19
0 0 15 1.000000
1 0 8 0.873917
2 0 8 1.000000
3 0 8 0.645223
4 0 3 1.000000
5 0 11 1.000000
6 0 17 0.192939
7 0 0 0.712356
8 0 4 0.742879
9 0 10 1.000000
10 0 7 0.247124
11 0 7 1.000000
12 0 7 1.000000
13 0 11 1.000000
14 0 15 0.621279
15 0 11 0.544929
16 0 13 0.425660
17 0 7 1.000000
18 0 5 0.408583
0 1 3 0.441365
0 1 0 0.558635
1 0 16 0.126083
8 1 9 0.632145
2 1 18 1.000000
18 0 1 0.446620
3 0 0 0.354777
5 1 0 0.227335
5 1 17 0.772665
6 0 15 0.714913
6 1 4 1.000000
6 0 18 0.092149
7 0 14 0.287644
7 1 0 0.495112
7 1 11 0.504888
8 1 4 0.367855
8 0 5 0.257121
9 1 18 0.434451
9 1 11 0.565549
10 0 6 0.316914
10 1 17 1.000000
10 0 8 0.435963
12 1 15 0.510689
12 1 10 0.489311
13 1 4 0.137004
13 1 2 0.862996
14 0 16 0.378721
14 1 14 0.674469
14 1 11 0.325531
15 1 12 1.000000
15 0 14 0.455071
16 1 2 1.000000
16 0 14 0.574340
17 1 17 0.248873
17 1 0 0.751127
18 0 13 0.144798
