51 18
0 0 3 0.894757
1 0 9 1.000000
2 0 5 0.564816
3 0 0 1.000000
4 0 8 0.577442
5 0 14 0.373287
6 0 13 0.053526
7 0 11 0.207359
8 0 17 0.210736
9 0 1 0.463009
10 0 0 0.521056
11 0 3 1.000000
12 0 3 0.268443
13 0 2 0.879145
14 0 7 0.542651
15 0 3 0.387438
16 0 6 0.878340
17 0 10 1.000000
0 0 2 0.105243
2 1 16 1.000000
2 0 9 0.435184
4 1 7 1.000000
4 0 2 0.422558
5 0 5 0.135254
5 1 3 1.000000
5 0 1 0.491459
6 0 4 0.237618
6 1 11 0.626091
6 1 4 0.373909
7 0 8 0.305767
7 1 11 1.000000
7 0 15 0.486874
8 0 8 0.405283
8 1 16 1.000000
8 0 9 0.383981
9 0 17 0.536991
9 1 11 0.920946
9 1 14 0.079054
10 0 11 0.478944
12 1 13 1.000000
12 0 6 0.731557
13 0 6 0.120855
14 0 2 0.078840
14 1 6 1.000000
14 0 4 0.378510
15 0 14 0.516538
15 1 15 1.000000
15 0 6 0.096025
16 1 10 1.000000
16 0 3 0.121660
6 0 12 0.708857
