55 19
0 0 2 0.110482
1 0 0 1.000000
2 0 1 0.269963
3 0 17 0.337973
4 0 17 1.000000
5 0 18 0.429150
18 1 12 0.092159
7 0 3 1.000000
8 0 9 1.000000
9 0 12 0.639531
10 0 7 0.231067
11 0 5 1.000000
12 0 1 0.636120
13 0 15 1.000000
14 0 6 0.648328
15 0 13 0.649963
16 0 13 0.668654
17 0 1 0.266106
18 0 16 0.468367
0 0 14 0.889518
0 1 14 0.834519
0 1 9 0.165481
2 0 2 0.730037
2 1 3 0.748660
2 1 12 0.251340
3 0 13 0.487474
3 1 3 1.000000
3 0 9 0.174553
4 1 9 0.758144
4 1 10 0.241856
5 1 5 1.000000
5 0 3 0.570850
18 1 9 0.907841
6 1 16 1.000000
18 0 12 0.531633
8 1 4 0.709698
8 1 9 0.290302
9 0 5 0.360469
9 1 10 0.055290
9 1 11 0.944710
10 0 0 0.638360
10 1 18 1.000000
10 0 8 0.130574
12 1 17 1.000000
12 0 5 0.363880
14 0 7 0.351672
14 1 11 0.717107
14 1 15 0.282893
15 1 12 1.000000
15 0 7 0.350037
16 1 11 1.000000
16 0 16 0.331346
17 0 2 0.479139
17 1 9 1.000000
17 0 18 0.254755
