76 26
0 0 13 1.000000
1 0 6 0.078259
2 0 14 0.665446
3 0 0 0.595716
4 0 12 1.000000
5 0 17 0.172394
6 0 4 1.000000
7 0 17 1.000000
8 0 3 1.000000
9 0 10 1.000000
10 0 12 0.644475
11 0 9 0.205809
12 0 13 0.345255
13 0 12 0.382390
14 0 19 0.687559
15 0 24 0.169346
16 0 21 0.619923
17 0 14 0.506770
25 0 25 0.787361
19 0 21 1.000000
20 0 24 0.415912
21 0 18 0.736421
22 0 7 1.000000
23 0 18 0.458134
24 0 1 1.000000
25 0 1 0.212639
0 1 20 0.442765
0 1 13 0.557235
1 0 13 0.415319
1 1 4 1.000000
1 0 25 0.506422
2 0 15 0.334554
2 1 22 0.603594
2 1 11 0.396406
25 1 11 1.000000
3 1 11 1.000000
3 0 20 0.404284
5 0 12 0.827606
8 1 8 0.834795
8 1 6 0.165205
9 1 23 0.122185
9 1 8 0.877815
10 0 14 0.355525
10 1 13 0.348653
10 1 12 0.651347
11 0 11 0.200344
11 1 8 1.000000
11 0 14 0.593848
12 1 3 1.000000
12 0 1 0.654746
13 0 19 0.115576
13 1 16 1.000000
13 0 13 0.502035
14 0 22 0.312441
14 1 11 0.694763
14 1 4 0.305237
15 0 11 0.414385
15 1 11 1.000000
15 0 14 0.416269
16 0 3 0.380077
17 0 24 0.290734
17 1 8 1.000000
17 0 18 0.202496
18 0 5 1.000000
18 1 4 1.000000
24 1 21 0.019167
19 1 6 0.649341
19 1 15 0.350659
20 1 12 1.000000
20 0 2 0.584088
21 1 3 1.000000
21 0 5 0.263579
23 0 7 0.541866
23 1 8 0.517999
23 1 22 0.482001
24 1 1 0.980833
