91 29
0 0 24 1.000000
1 0 20 0.420936
2 0 18 0.602188
3 0 23 0.428891
4 0 27 0.599545
5 0 10 1.000000
6 0 4 1.000000
7 0 4 0.429577
8 0 6 0.678563
9 0 4 0.726005
10 0 0 0.479871
11 0 16 0.680979
12 0 14 1.000000
13 0 23 0.031169
14 0 4 0.720181
15 0 10 0.783692
16 0 27 0.856487
17 0 16 0.766273
18 0 9 0.898926
19 0 14 0.111900
20 0 6 1.000000
21 0 24 0.157267
22 0 4 1.000000
23 0 5 0.373517
24 0 23 0.420582
25 0 4 0.628110
26 0 25 0.305143
27 0 28 0.424634
28 0 15 0.703322
0 1 17 0.910985
0 1 14 0.089015
1 0 17 0.112025
1 1 19 1.000000
1 0 15 0.467039
2 1 4 1.000000
2 0 19 0.397813
3 0 1 0.571109
3 1 10 0.421131
3 1 5 0.395003
4 0 9 0.400455
4 1 20 0.259887
4 1 16 0.740113
5 1 24 0.995879
5 1 19 0.004121
6 1 18 0.847305
6 1 3 0.152695
7 1 11 1.000000
7 0 19 0.570423
8 0 17 0.321437
9 0 22 0.273995
9 1 17 0.529321
9 1 5 0.470679
10 0 25 0.520129
11 0 4 0.319021
11 1 10 0.618274
11 1 22 0.381726
13 0 27 0.479952
14 0 23 0.279819
14 1 6 0.458988
14 1 20 0.541012
15 0 3 0.216308
15 1 15 0.128564
15 1 1 0.871436
16 0 4 0.143513
18 0 3 0.101074
19 0 17 0.225041
19 1 13 1.000000
19 0 23 0.663059
20 1 20 0.567505
20 1 19 0.432495
21 0 6 0.842733
21 1 6 0.374931
21 1 3 0.625069
22 1 28 0.311084
22 1 5 0.688916
23 1 14 1.000000
23 0 12 0.626483
24 0 11 0.579418
24 1 8 0.387857
24 1 3 0.612143
25 1 3 1.000000
25 0 12 0.371890
26 0 6 0.694857
26 1 1 0.389134
26 1 15 0.610866
27 1 23 1.000000
27 0 26 0.575366
28 0 22 0.296678
17 0 2 0.233727
13 0 7 0.488879
3 1 21 0.183866
