66 21
0 0 13 0.237968
1 0 13 0.654285
2 0 13 0.438690
3 0 20 0.766954
4 0 1 0.123941
5 0 2 0.490972
6 0 4 0.557548
7 0 11 0.507065
8 0 11 1.000000
9 0 0 0.342709
10 0 8 1.000000
11 0 10 0.600228
12 0 11 0.234789
13 0 11 0.181597
14 0 15 0.921409
15 0 5 1.000000
16 0 0 1.000000
17 0 3 0.828566
18 0 10 0.422954
19 0 3 0.200246
20 0 4 0.570630
0 0 7 0.657011
1 0 1 0.162255
1 1 4 1.000000
1 0 18 0.183460
2 1 20 1.000000
2 0 12 0.561310
3 0 8 0.233046
3 1 7 0.610163
3 1 17 0.389837
4 0 0 0.237033
4 1 3 1.000000
4 0 10 0.639026
5 1 7 1.000000
5 0 7 0.509028
6 1 4 1.000000
6 0 6 0.442452
7 0 13 0.492935
0 0 6 0.105021
20 1 9 0.710565
9 0 3 0.177430
9 1 5 1.000000
9 0 5 0.479861
10 1 9 0.579229
10 1 5 0.420771
11 1 18 1.000000
11 0 8 0.399772
12 1 12 1.000000
12 0 18 0.765211
13 0 20 0.623451
13 1 16 1.000000
13 0 18 0.194952
14 0 8 0.078591
15 1 7 0.419208
15 1 17 0.580792
17 0 20 0.010290
17 1 19 1.000000
17 0 10 0.161144
18 0 14 0.008455
18 1 12 1.000000
18 0 1 0.568590
19 0 14 0.591415
19 1 7 1.000000
19 0 2 0.208339
20 0 0 0.429370
20 1 11 0.289435
