88 29
0 0 8 1.000000
1 0 22 0.524091
2 0 16 0.375994
3 0 13 0.532475
4 0 13 0.373778
5 0 6 0.538417
6 0 23 0.353308
7 0 28 0.375019
8 0 11 0.629056
13 0 27 0.371766
10 0 8 1.000000
11 0 7 0.459721
12 0 28 0.835349
13 0 0 0.082697
14 0 12 0.015960
15 0 19 0.368371
16 0 17 0.457220
17 0 14 0.527421
18 0 5 0.037089
19 0 8 0.806702
20 0 11 0.375368
21 0 13 1.000000
22 0 13 1.000000
23 0 26 0.493190
24 0 14 1.000000
25 0 21 1.000000
26 0 14 0.453048
27 0 0 0.437438
28 0 4 0.944060
0 1 11 0.295729
0 1 15 0.320245
1 0 6 0.475909
2 0 12 0.604405
2 1 14 1.000000
2 0 9 0.019601
3 1 16 1.000000
3 0 0 0.467525
4 0 9 0.141871
4 1 7 1.000000
4 0 16 0.484352
5 0 17 0.395635
5 1 23 1.000000
5 0 20 0.065948
6 0 6 0.431427
6 1 28 1.000000
6 0 5 0.215265
7 1 18 1.000000
7 0 7 0.624981
8 0 21 0.370944
9 0 20 1.000000
9 1 8 1.000000
19 0 24 0.055525
10 1 23 0.484116
10 1 2 0.515884
11 1 9 1.000000
11 0 2 0.540279
12 0 7 0.164651
13 0 15 0.181702
13 1 16 1.000000
13 0 11 0.363835
14 0 19 0.984040
15 0 6 0.631629
16 0 25 0.542780
16 1 9 0.481910
16 1 25 0.518090
17 0 4 0.472579
17 1 10 0.370382
17 1 13 0.629618
18 1 18 1.000000
18 0 12 0.962911
19 1 15 1.000000
19 0 21 0.137773
20 0 18 0.624632
21 1 16 0.868693
21 1 12 0.131307
22 1 18 0.126409
22 1 19 0.873591
23 1 25 1.000000
23 0 1 0.506810
26 0 23 0.546952
26 1 19 0.627848
26 1 11 0.372152
27 0 28 0.101517
27 1 5 1.000000
27 0 23 0.461045
28 1 9 1.000000
28 0 2 0.055940
0 1 3 0.384026
