67 25
0 0 20 1.000000
1 0 20 0.508253
2 0 12 0.512600
3 0 23 0.268498
4 0 21 1.000000
5 0 14 0.567076
6 0 0 1.000000
21 0 19 0.456702
8 0 5 1.000000
9 0 8 1.000000
10 0 7 0.643433
11 0 18 0.215520
12 0 9 0.286163
13 0 16 1.000000
14 0 21 0.342660
15 0 2 1.000000
16 0 6 0.392406
17 0 12 1.000000
18 0 20 0.646729
19 0 5 0.099532
20 0 7 1.000000
21 0 12 0.543298
22 0 8 1.000000
3 0 10 0.439090
24 0 12 0.114806
1 0 16 0.470227
1 1 9 1.000000
1 0 15 0.021520
2 1 11 1.000000
2 0 4 0.487399
3 0 0 0.292413
3 1 11 0.534636
3 1 3 0.465364
24 0 23 0.322783
24 1 0 1.000000
5 1 15 1.000000
5 0 2 0.432924
7 1 1 1.000000
24 0 18 0.562411
9 1 15 0.020252
9 1 22 0.979748
10 0 24 0.356567
10 1 23 0.634735
10 1 14 0.365265
11 1 22 1.000000
11 0 11 0.784480
12 0 11 0.251076
12 1 2 1.000000
12 0 14 0.462760
23 1 9 0.627378
13 1 20 1.000000
23 1 8 0.372622
14 0 17 0.657340
14 1 5 0.319392
14 1 17 0.680608
15 1 1 0.430263
15 1 8 0.569737
16 0 8 0.146280
16 1 3 1.000000
16 0 16 0.461314
18 1 13 1.000000
18 0 17 0.353271
19 0 10 0.900468
21 1 17 0.638372
21 1 3 0.361628
22 1 17 0.583619
22 1 11 0.416381
