60 20
0 0 10 1.000000
1 0 9 0.556816
2 0 11 0.338779
3 0 8 0.203450
4 0 3 0.986375
5 0 19 0.703042
6 0 2 1.000000
7 0 8 1.000000
8 0 11 1.000000
9 0 1 0.089679
10 0 18 1.000000
11 0 10 1.000000
12 0 15 1.000000
13 0 14 0.137375
14 0 13 0.394179
15 0 8 0.604567
16 0 2 0.885125
17 0 16 1.000000
18 0 7 0.611110
11 1 12 0.283419
1 1 18 1.000000
1 0 0 0.443184
2 0 18 0.376737
2 1 5 1.000000
2 0 13 0.284484
3 0 11 0.619374
3 1 4 1.000000
3 0 19 0.177176
4 0 17 0.013625
4 1 0 0.469283
4 1 15 0.530717
5 1 1 1.000000
5 0 5 0.296958
13 0 6 0.502754
6 1 5 1.000000
19 1 14 0.616806
7 1 11 0.024754
7 1 15 0.975246
8 1 10 0.357689
8 1 5 0.642311
9 0 9 0.910321
11 1 10 0.681024
11 1 18 0.035557
12 1 14 0.548756
12 1 19 0.451244
13 0 5 0.359871
13 1 10 0.345589
13 1 5 0.654411
14 0 17 0.605821
14 1 18 0.448480
14 1 4 0.551520
15 0 15 0.173622
15 1 0 1.000000
15 0 14 0.221812
16 0 10 0.114875
17 1 18 0.501439
17 1 13 0.498561
18 1 5 1.000000
18 0 13 0.388890
19 1 9 0.383194
