46 14
0 0 2 1.000000
1 0 10 1.000000
2 0 6 1.000000
3 0 0 0.728920
4 0 6 0.767829
5 0 11 0.285410
6 0 0 0.648560
7 0 11 0.618409
8 0 1 0.422937
9 0 10 0.545756
10 0 7 0.100685
11 0 10 0.433962
12 0 8 0.174778
13 0 11 1.000000
0 1 10 0.428408
0 1 7 0.571592
2 1 6 0.348608
2 1 11 0.210213
3 1 3 1.000000
3 0 3 0.271080
4 0 5 0.232171
11 0 13 0.555085
7 1 12 0.683864
5 0 7 0.347925
5 1 12 1.000000
5 0 10 0.366664
6 0 8 0.351440
6 1 7 0.550742
6 1 2 0.449258
7 1 11 0.316136
7 0 0 0.381591
8 0 9 0.110292
8 1 2 1.000000
8 0 11 0.466771
9 1 7 1.000000
9 0 8 0.454244
10 1 9 1.000000
10 0 3 0.899315
11 0 5 0.010953
11 1 1 1.000000
2 1 4 0.441179
12 0 10 0.325654
12 1 9 1.000000
12 0 3 0.499568
13 1 6 0.713660
13 1 2 0.286340
