83 25
0 0 1 0.986758
1 0 5 0.372053
2 0 22 0.597913
3 0 15 0.546600
4 0 2 1.000000
5 0 19 0.680492
6 0 3 0.139429
7 0 23 0.330664
8 0 7 0.416890
9 0 6 1.000000
10 0 18 1.000000
11 0 22 0.501490
12 0 18 0.318546
13 0 10 0.508433
14 0 8 0.071220
15 0 8 1.000000
16 0 23 0.948645
17 0 21 0.432045
18 0 15 1.000000
19 0 18 1.000000
20 0 17 0.027808
21 0 20 0.474245
22 0 8 0.436760
23 0 8 0.257660
24 0 21 0.302475
0 0 8 0.013242
1 0 16 0.627947
2 0 16 0.051440
2 1 17 0.747267
2 1 24 0.252733
3 1 18 1.000000
3 0 18 0.453400
4 1 1 0.412832
4 1 10 0.587168
5 0 0 0.319508
5 1 16 0.401314
5 1 15 0.598686
6 0 24 0.034249
6 1 10 1.000000
6 0 6 0.826322
7 0 2 0.669336
7 1 21 0.353029
7 1 24 0.646971
8 1 20 1.000000
8 0 2 0.583110
2 0 4 0.350646
24 0 7 0.488370
10 1 21 0.821168
10 1 3 0.178832
11 0 6 0.498510
11 1 13 0.699420
11 1 6 0.300580
12 0 13 0.681454
12 1 9 0.460690
12 1 1 0.539310
13 0 20 0.491567
13 1 14 0.732049
13 1 20 0.267951
14 0 20 0.928780
14 1 5 0.607376
14 1 20 0.392624
16 0 10 0.051355
16 1 6 0.270895
16 1 23 0.729105
17 0 20 0.470503
17 1 21 1.000000
17 0 7 0.097452
18 1 1 0.546358
18 1 19 0.453642
19 1 24 0.470144
19 1 14 0.529856
20 0 7 0.030711
20 1 3 1.000000
20 0 0 0.941480
21 1 17 1.000000
21 0 12 0.525755
22 0 9 0.260063
22 1 8 1.000000
22 0 11 0.303177
23 1 9 1.000000
23 0 12 0.742340
24 0 0 0.209155
24 1 24 1.000000
