75 25
0 0 1 0.353711
1 0 12 1.000000
2 0 22 0.797678
3 0 10 1.000000
4 0 24 0.568660
5 0 19 0.378154
6 0 15 0.730200
7 0 6 0.913471
8 0 20 0.089932
9 0 17 0.226033
10 0 19 1.000000
11 0 20 0.519474
12 0 23 1.000000
13 0 3 0.380895
14 0 16 0.838280
15 0 2 1.000000
16 0 5 1.000000
17 0 7 1.000000
18 0 13 0.104000
19 0 5 0.181854
20 0 11 0.256954
24 1 14 0.279688
22 0 7 0.524246
23 0 1 0.209961
24 0 9 1.000000
0 0 19 0.291201
0 1 24 1.000000
0 0 13 0.355087
1 1 1 0.786266
1 1 2 0.213734
2 0 14 0.157700
2 1 14 1.000000
2 0 21 0.044622
3 1 7 0.505336
3 1 0 0.494664
4 1 4 1.000000
4 0 16 0.431340
5 0 9 0.621846
6 0 12 0.269800
6 1 4 0.429443
6 1 8 0.570557
7 0 5 0.086529
7 1 1 0.747290
7 1 20 0.252710
8 0 1 0.288739
8 1 5 1.000000
8 0 19 0.621329
9 0 21 0.773967
10 1 18 0.593133
10 1 5 0.406867
11 0 12 0.392481
11 1 1 1.000000
11 0 9 0.088045
12 1 17 0.650888
12 1 13 0.349112
13 0 12 0.619105
13 1 6 0.468219
13 1 22 0.531781
14 0 15 0.161720
15 1 7 0.426496
15 1 22 0.573504
17 1 1 0.509796
17 1 3 0.490204
18 0 24 0.211708
18 1 4 1.000000
18 0 1 0.684292
19 1 13 1.000000
19 0 16 0.818146
20 1 18 1.000000
20 0 2 0.743046
24 1 20 0.720312
21 1 7 1.000000
21 0 5 1.000000
22 0 8 0.475754
23 0 21 0.790039
