80 26
0 0 14 0.272359
1 0 24 0.428868
2 0 14 0.342533
3 0 5 0.548804
4 0 20 1.000000
5 0 16 0.431837
6 0 11 0.508661
7 0 6 1.000000
8 0 7 0.468078
9 0 14 0.717659
10 0 7 1.000000
11 0 4 0.216864
12 0 19 1.000000
13 0 4 0.799848
14 0 0 1.000000
15 0 7 0.754972
16 0 18 1.000000
17 0 25 0.224691
18 0 15 0.591378
19 0 7 0.237820
20 0 2 0.728507
21 0 13 0.308906
22 0 20 0.639650
23 0 19 0.251235
24 0 3 1.000000
25 0 3 1.000000
0 0 3 0.022834
0 1 1 1.000000
0 0 9 0.704807
1 0 11 0.571132
2 0 16 0.657467
2 1 3 0.771030
2 1 12 0.228970
3 0 0 0.451196
3 1 18 0.420234
3 1 17 0.092658
5 0 8 0.568163
6 1 22 1.000000
6 0 22 0.491339
7 1 1 0.761204
7 1 15 0.238796
8 0 8 0.531922
8 1 3 0.538343
8 1 10 0.461657
9 0 11 0.282341
9 1 16 0.854698
9 1 8 0.145302
11 0 10 0.205376
11 1 20 1.000000
11 0 0 0.577760
13 1 13 1.000000
13 0 5 0.200152
14 1 11 0.787780
14 1 23 0.212220
15 0 19 0.220435
15 1 20 1.000000
15 0 18 0.024593
17 0 8 0.578261
17 1 15 1.000000
17 0 7 0.197048
18 1 0 1.000000
18 0 12 0.408622
19 1 23 1.000000
19 0 24 0.762180
20 1 17 1.000000
20 0 16 0.271493
21 0 8 0.691094
21 1 11 0.774807
21 1 17 0.225193
22 0 7 0.114052
22 1 13 1.000000
22 0 18 0.246298
23 0 22 0.748765
23 1 17 0.088944
23 1 8 0.911056
24 1 7 0.783672
24 1 12 0.216328
25 1 24 0.528585
25 1 6 0.471415
3 1 21 0.487107
