45 17
0 0 13 0.032866
1 0 16 0.133786
2 0 13 0.369335
3 0 9 0.239998
4 0 9 1.000000
5 0 1 0.634507
6 0 8 0.553986
10 1 7 1.000000
8 0 9 0.547067
9 0 16 0.870608
10 0 13 0.692752
16 0 12 0.107013
16 1 5 1.000000
13 0 16 1.000000
14 0 9 0.063794
15 0 11 1.000000
16 0 4 0.309618
0 0 15 0.906328
0 1 11 1.000000
0 0 12 0.060805
1 0 3 0.866214
2 0 4 0.630665
3 0 6 0.135591
3 1 13 1.000000
3 0 11 0.624410
4 1 1 0.920743
4 1 0 0.079257
5 0 15 0.365493
5 1 12 0.900776
5 1 15 0.099224
6 0 14 0.446014
7 1 10 1.000000
16 0 2 0.583369
8 1 11 1.000000
8 0 8 0.452933
9 0 13 0.129392
9 1 10 0.858577
9 1 5 0.141423
10 0 8 0.307248
14 1 14 0.332959
14 1 10 0.667041
11 1 6 1.000000
14 0 15 0.936206
13 1 15 0.421593
13 1 12 0.578407
