58 23
0 0 4 0.599593
1 0 19 0.305030
2 0 3 0.518430
3 0 6 1.000000
4 0 18 0.730602
5 0 15 1.000000
6 0 21 1.000000
7 0 3 1.000000
8 0 7 0.342732
9 0 2 0.454079
10 0 11 0.359445
11 0 2 1.000000
12 0 0 0.322363
13 0 8 0.450820
14 0 19 0.024953
15 0 12 1.000000
16 0 10 0.279243
17 0 4 1.000000
18 0 1 0.384549
19 0 16 1.000000
20 0 1 1.000000
21 0 14 0.292228
22 0 16 0.178485
0 1 7 1.000000
0 0 1 0.400407
1 0 1 0.328491
1 1 4 1.000000
1 0 13 0.366479
2 0 22 0.481570
2 1 7 0.848753
2 1 19 0.150140
4 1 12 1.000000
4 0 11 0.269398
8 0 18 0.657268
9 1 9 1.000000
9 0 0 0.545921
10 0 4 0.640555
12 0 18 0.380796
13 1 18 1.000000
13 0 19 0.549180
14 0 16 0.684935
14 1 3 1.000000
14 0 1 0.290112
15 1 17 0.540769
15 1 15 0.459231
16 0 16 0.220415
16 1 16 1.000000
16 0 12 0.500342
18 0 19 0.615451
19 1 2 0.151070
19 1 13 0.848930
21 1 1 1.000000
21 0 11 0.707772
22 0 15 0.821515
22 1 8 0.973236
22 1 20 0.026764
2 1 5 0.001106
12 0 9 0.296840
