44 15
0 0 9 0.533761
1 0 8 0.584362
2 0 5 0.554605
3 0 0 0.234924
4 0 12 1.000000
5 0 10 0.015410
6 0 5 0.515332
7 0 10 1.000000
8 0 9 0.336737
9 0 0 0.232215
10 0 2 0.691084
8 0 4 0.314893
12 0 3 0.248811
5 1 1 0.737397
14 0 6 0.507197
0 0 10 0.466239
0 1 10 0.714364
0 1 3 0.285636
1 0 3 0.084718
1 1 3 1.000000
1 0 6 0.330921
2 1 11 1.000000
2 0 7 0.445395
3 0 3 0.765076
14 0 14 0.183078
14 1 6 1.000000
4 1 9 0.444582
4 1 7 0.555418
5 1 7 0.262603
5 0 14 0.984590
6 0 9 0.484668
8 0 6 0.348369
9 0 10 0.551892
9 1 5 1.000000
9 0 12 0.215893
10 0 12 0.308916
10 1 12 0.319177
10 1 10 0.680823
11 0 13 1.000000
11 1 8 1.000000
14 0 5 0.309726
12 0 8 0.751189
13 0 14 1.000000
13 1 9 1.000000
