33 10
0 0 6 0.381455
1 0 9 0.259161
2 0 7 0.097735
5 0 4 0.925985
4 0 0 0.348076
5 0 2 0.074015
6 0 1 0.451048
7 0 9 1.000000
8 0 5 1.000000
9 0 7 0.593846
0 0 9 0.167733
0 1 3 1.000000
0 0 8 0.450812
1 0 0 0.361847
1 1 9 1.000000
1 0 7 0.378992
2 0 8 0.380302
2 1 0 1.000000
2 0 6 0.521962
9 1 7 0.659984
3 1 1 0.076879
3 1 3 0.923121
4 1 0 1.000000
4 0 2 0.651924
5 1 7 0.522586
5 1 0 0.477414
6 0 2 0.548953
7 1 5 0.650442
7 1 9 0.349558
8 1 1 0.399080
8 1 2 0.600920
9 0 6 0.406154
9 1 6 0.340016
