69 22
0 0 11 0.232973
1 0 4 1.000000
2 0 7 0.459627
3 0 16 0.354449
4 0 18 0.939850
5 0 13 0.028634
6 0 12 0.097405
7 0 4 0.077358
8 0 15 1.000000
9 0 21 1.000000
10 0 16 1.000000
11 0 14 1.000000
12 0 2 1.000000
13 0 4 0.543155
14 0 11 0.828646
15 0 16 0.392050
16 0 3 0.662845
17 0 8 0.531917
18 0 4 0.549989
19 0 10 1.000000
20 0 13 1.000000
21 0 7 0.987694
0 0 6 0.338287
0 1 7 1.000000
0 0 14 0.428740
2 0 18 0.540373
3 0 3 0.645551
4 0 21 0.060150
4 1 3 0.199907
4 1 2 0.800093
5 0 14 0.678702
5 1 3 1.000000
5 0 5 0.292664
6 0 19 0.345775
6 1 13 0.013255
6 0 18 0.556820
7 0 12 0.219779
7 1 0 1.000000
7 0 2 0.702863
9 1 16 0.297214
9 1 8 0.702786
10 1 16 0.837653
10 1 21 0.162347
11 1 21 0.308263
11 1 11 0.691737
12 1 11 0.562947
12 1 9 0.437053
13 0 3 0.456845
13 1 6 0.601151
13 1 16 0.398849
14 1 11 0.767929
14 0 7 0.171354
15 0 11 0.447169
15 1 1 1.000000
15 0 15 0.160782
16 0 6 0.337155
17 1 6 1.000000
17 0 12 0.468083
18 0 1 0.426550
18 1 11 1.000000
18 0 2 0.023461
19 1 3 0.734656
19 1 4 0.265344
20 1 5 0.460259
20 1 3 0.539741
21 1 5 1.000000
21 0 21 0.012306
14 1 17 0.232070
6 1 20 0.986745
