67 23
0 0 15 0.329881
1 0 0 1.000000
2 0 10 0.320785
3 0 20 1.000000
4 0 11 0.586789
5 0 18 0.240725
6 0 11 0.426923
7 0 3 0.047216
8 0 6 1.000000
9 0 2 1.000000
10 0 1 1.000000
11 0 17 0.758059
12 0 20 0.315081
13 0 15 0.308577
14 0 8 1.000000
15 0 6 0.474025
16 0 20 1.000000
17 0 15 0.627961
18 0 1 0.899337
19 0 17 0.707694
20 0 19 1.000000
21 0 20 1.000000
22 0 5 0.339282
0 1 14 1.000000
0 0 6 0.670119
1 1 2 0.656081
1 1 15 0.343919
2 0 20 0.679215
3 1 10 0.228931
3 1 3 0.771069
4 1 9 1.000000
4 0 1 0.413211
5 0 1 0.209557
5 1 3 1.000000
5 0 9 0.109451
6 0 8 0.573077
6 1 14 0.340137
6 1 4 0.659863
7 0 18 0.952784
7 1 4 0.222944
7 1 8 0.777056
8 1 19 0.275076
8 1 5 0.724924
11 0 18 0.124654
11 1 17 1.000000
11 0 12 0.117287
12 1 8 1.000000
12 0 15 0.188430
13 0 10 0.370358
13 1 14 1.000000
13 0 7 0.321065
15 1 11 1.000000
15 0 7 0.525975
16 1 9 0.554648
16 1 18 0.445352
17 0 4 0.372039
17 1 18 0.682813
17 1 12 0.317187
18 0 4 0.100663
19 0 18 0.292306
19 1 21 0.923802
19 1 16 0.076198
5 0 22 0.440266
12 0 13 0.496488
22 0 12 0.660718
22 1 3 0.730536
22 1 10 0.269464
