71 24
0 0 5 0.862677
1 0 16 0.390547
2 0 17 0.563622
3 0 2 0.319506
4 0 21 1.000000
5 0 13 0.557794
6 0 15 0.376540
7 0 8 0.427534
8 0 2 1.000000
9 0 2 1.000000
10 0 6 0.393578
11 0 20 1.000000
12 0 11 0.303013
13 0 14 1.000000
14 0 18 0.562880
15 0 9 0.468535
16 0 7 0.524855
17 0 4 0.592232
18 0 2 0.780610
19 0 6 0.062402
20 0 4 0.619858
14 0 19 0.028471
22 0 0 1.000000
23 0 1 1.000000
0 0 2 0.137323
1 0 17 0.233149
1 1 7 1.000000
1 0 12 0.376305
2 0 15 0.436378
2 1 5 0.134911
2 1 12 0.865089
3 0 5 0.074157
3 1 15 1.000000
3 0 10 0.606336
5 0 21 0.442206
6 0 7 0.339537
6 1 18 1.000000
6 0 5 0.283922
7 0 10 0.289067
7 1 2 1.000000
7 0 12 0.283399
21 0 11 1.000000
8 1 11 1.000000
21 1 21 1.000000
10 1 16 1.000000
10 0 5 0.606422
11 1 5 0.159674
11 1 10 0.840326
12 0 22 0.696987
12 1 8 0.820812
12 1 6 0.179188
13 1 23 0.352294
13 1 14 0.647706
14 0 2 0.408650
14 1 3 0.611598
14 1 7 0.388402
15 1 18 1.000000
15 0 3 0.531465
16 0 9 0.117606
16 1 3 1.000000
16 0 17 0.357539
17 0 11 0.407768
17 1 2 0.707113
17 1 4 0.292887
18 0 16 0.219390
19 0 1 0.937598
19 1 3 0.603350
19 1 12 0.396650
20 0 16 0.380142
20 1 16 0.981086
20 1 7 0.018914
