57 21
0 0 14 1.000000
1 0 0 1.000000
2 0 17 1.000000
3 0 19 0.375978
4 0 2 0.055792
5 0 10 1.000000
6 0 5 1.000000
7 0 4 0.460563
8 0 4 1.000000
9 0 1 0.629046
10 0 19 1.000000
14 0 13 0.225325
19 0 7 0.414523
13 0 3 0.573159
14 0 1 0.619327
15 0 10 0.786242
16 0 19 1.000000
17 0 2 0.494280
18 0 15 1.000000
19 0 18 0.384120
20 0 0 1.000000
0 1 18 0.649218
0 1 1 0.350782
1 1 18 0.202300
1 1 20 0.797700
2 1 5 0.537564
2 1 2 0.462436
3 0 20 0.624022
4 0 4 0.944208
4 1 10 0.466474
4 1 8 0.533526
5 1 7 0.795342
5 1 17 0.204658
7 0 11 0.398715
7 1 12 1.000000
7 0 14 0.140722
8 1 3 0.449345
8 1 8 0.550655
9 0 4 0.370954
10 1 12 0.382693
10 1 14 0.617307
19 1 4 1.000000
11 1 12 0.971640
11 1 11 0.028360
12 0 12 1.000000
12 1 15 1.000000
19 0 12 0.201357
13 1 0 1.000000
13 0 18 0.426841
14 0 8 0.155349
14 1 20 0.320068
14 1 1 0.679932
15 1 9 1.000000
15 0 6 0.213758
17 0 12 0.505720
18 1 3 0.094169
18 1 14 0.905831
