66 24
0 0 21 0.172139
1 0 20 1.000000
2 0 22 1.000000
3 0 10 1.000000
7 0 0 0.586916
5 0 16 0.396725
6 0 10 0.378697
7 0 1 0.164414
8 0 19 0.394296
9 0 2 1.000000
10 0 15 1.000000
11 0 15 0.366467
12 0 14 1.000000
13 0 6 0.633598
14 0 16 1.000000
15 0 13 0.698449
16 0 17 0.278493
17 0 16 1.000000
18 0 21 1.000000
19 0 21 0.698103
20 0 17 1.000000
21 0 7 0.648562
22 0 9 0.304411
23 0 8 1.000000
0 0 23 0.406117
0 1 11 1.000000
0 0 15 0.421744
2 1 16 0.525963
2 1 22 0.474037
15 1 3 0.371436
4 1 17 0.443607
4 1 13 0.556393
5 0 4 0.338262
5 1 13 1.000000
5 0 11 0.265013
6 0 12 0.621303
6 1 6 0.378759
6 1 13 0.621241
7 0 12 0.248670
7 1 11 0.379585
7 1 7 0.620415
8 0 1 0.605704
8 1 7 0.648872
8 1 17 0.351128
11 0 16 0.401835
11 1 20 1.000000
11 0 11 0.231698
12 1 8 0.163531
12 1 16 0.836469
13 0 16 0.366402
14 1 2 0.749840
14 1 10 0.250160
15 0 5 0.301551
15 1 17 0.406213
15 1 13 0.222351
16 0 9 0.533308
16 1 14 1.000000
16 0 6 0.188199
19 0 17 0.301897
19 1 21 0.717324
19 1 18 0.282676
21 1 11 1.000000
21 0 23 0.351438
22 0 13 0.695589
22 1 23 0.754361
22 1 6 0.245639
