85 28
0 0 2 1.000000
1 0 0 0.382060
2 0 0 0.419563
3 0 27 0.604554
4 0 23 1.000000
5 0 18 0.601538
6 0 27 0.383053
7 0 23 0.183560
8 0 15 0.029184
9 0 19 1.000000
10 0 23 0.020088
11 0 22 0.882048
12 0 1 1.000000
13 0 16 0.644632
14 0 8 0.869646
15 0 22 1.000000
16 0 23 1.000000
17 0 25 1.000000
18 0 21 0.467104
19 0 21 0.975156
20 0 22 0.012130
21 0 16 0.222192
22 0 8 0.561513
23 0 13 0.476780
24 0 21 0.478026
25 0 27 0.446116
26 0 0 0.549181
27 0 8 0.353091
1 0 3 0.160663
1 1 24 1.000000
1 0 7 0.457277
2 0 23 0.580437
3 1 11 1.000000
3 0 21 0.395446
10 0 17 0.040583
7 1 12 0.503132
5 0 10 0.398462
5 1 19 0.260924
5 1 23 0.739076
6 0 25 0.616947
7 1 21 0.496868
7 0 2 0.816440
8 1 25 0.859305
8 0 19 0.970816
9 1 7 0.293176
9 1 22 0.706824
10 0 25 0.517785
10 1 16 1.000000
10 0 13 0.421544
11 0 9 0.117952
13 1 10 1.000000
13 0 11 0.355368
14 1 9 0.368561
14 1 26 0.631439
15 1 0 0.401433
15 1 7 0.598567
16 1 14 0.801035
16 1 21 0.198965
17 1 5 0.857597
17 1 17 0.142403
18 1 9 0.260608
18 1 23 0.739392
20 0 14 0.624318
20 1 24 1.000000
20 0 23 0.363552
21 0 22 0.777808
22 0 15 0.438487
22 1 14 0.568961
22 1 24 0.431039
23 0 11 0.523220
23 1 27 0.611866
23 1 22 0.388134
24 0 22 0.521974
25 0 10 0.553884
25 1 6 0.511555
25 1 18 0.488445
26 0 10 0.450819
26 1 20 0.924164
26 1 8 0.075836
27 1 16 1.000000
27 0 27 0.646909
14 0 1 0.130354
19 0 3 0.024844
8 1 4 0.140695
18 0 5 0.532896
