39 12
0 0 2 0.254244
1 0 2 0.487314
2 0 10 0.691542
3 0 8 0.911887
4 0 11 1.000000
5 0 0 0.439448
6 0 4 0.018521
7 0 5 1.000000
8 0 1 0.403840
9 0 2 0.564985
10 0 6 0.147764
11 0 7 0.080262
0 0 7 0.202420
0 1 7 1.000000
0 0 6 0.543336
1 0 1 0.512686
1 1 0 0.163003
1 1 11 0.836997
2 0 7 0.308458
3 0 10 0.088113
3 1 10 0.317731
3 1 11 0.682269
5 1 9 1.000000
5 0 5 0.560552
6 0 6 0.981479
6 1 6 0.390203
6 1 10 0.609797
7 1 6 0.166186
7 1 2 0.833814
8 1 1 1.000000
8 0 3 0.596160
9 1 6 1.000000
9 0 1 0.435015
10 0 5 0.852236
10 1 2 0.919984
10 1 3 0.080016
11 0 8 0.919738
11 1 7 0.575359
11 1 11 0.424641
