43 14
0 0 2 0.243249
1 0 11 0.489443
2 0 3 0.188853
3 0 0 0.584913
4 0 3 1.000000
5 0 13 1.000000
6 0 0 0.219175
7 0 13 0.335116
8 0 2 0.384610
9 0 12 0.635046
10 0 7 0.293241
11 0 0 0.331954
12 0 5 1.000000
13 0 5 1.000000
0 1 8 1.000000
0 0 12 0.756751
1 1 8 1.000000
1 0 13 0.510557
2 0 2 0.582026
2 1 4 1.000000
2 0 4 0.229122
3 0 5 0.382157
4 1 1 0.299060
4 1 0 0.700940
6 0 5 0.485988
7 1 3 1.000000
7 0 10 0.664884
8 0 0 0.423328
8 1 3 1.000000
8 0 11 0.192062
9 0 0 0.364954
10 0 9 0.460748
10 1 5 1.000000
10 0 1 0.246011
11 1 4 1.000000
11 0 12 0.085295
12 1 13 0.437327
12 1 11 0.562673
13 1 9 0.707326
13 1 13 0.292674
3 0 6 0.032929
6 0 7 0.294836
11 0 10 0.582751
