70 26
0 0 6 1.000000
1 0 4 0.974302
2 0 7 0.479793
3 0 23 0.396762
4 0 5 0.512217
5 0 9 1.000000
6 0 13 0.481296
7 0 12 0.529684
8 0 21 1.000000
9 0 25 0.651197
10 0 20 0.407838
11 0 7 0.554578
25 1 23 0.501507
13 0 11 1.000000
25 1 22 0.498493
15 0 24 0.526135
16 0 24 1.000000
17 0 22 1.000000
18 0 8 0.433373
19 0 8 0.424197
20 0 4 0.477402
21 0 18 1.000000
22 0 19 0.197532
23 0 11 0.352411
24 0 0 0.693847
25 0 18 0.850112
0 1 8 0.283258
0 1 14 0.716742
1 1 5 1.000000
1 0 15 0.025698
2 1 3 1.000000
2 0 12 0.520207
3 0 18 0.312416
3 1 22 1.000000
3 0 17 0.290822
4 0 22 0.487783
25 0 20 0.149888
24 0 18 0.306152
5 1 3 0.665933
5 1 22 0.334067
6 0 25 0.518704
7 0 16 0.470316
8 1 11 0.503688
8 1 6 0.496312
9 1 1 1.000000
9 0 16 0.348803
10 0 0 0.204507
10 1 22 1.000000
10 0 2 0.387654
11 0 25 0.445422
23 0 10 0.283775
14 0 10 1.000000
14 1 18 1.000000
23 1 16 1.000000
15 1 4 1.000000
15 0 23 0.473865
17 1 11 0.453433
17 1 23 0.546567
18 0 21 0.204228
18 1 7 1.000000
18 0 20 0.362399
19 0 7 0.108086
19 1 14 1.000000
19 0 6 0.467718
20 1 21 1.000000
20 0 8 0.522598
22 0 0 0.172627
22 1 18 1.000000
22 0 15 0.629842
23 0 19 0.363814
