39 14
0 0 13 1.000000
1 0 2 0.711309
2 0 13 1.000000
3 0 9 0.894955
4 0 7 0.488328
5 0 2 0.953037
6 0 9 0.467500
7 0 8 0.331330
8 0 3 0.880896
9 0 3 0.471383
10 0 13 0.294241
11 0 0 0.376398
10 0 11 0.109011
13 0 1 1.000000
0 1 2 0.193669
0 1 8 0.806331
1 0 9 0.288691
2 1 5 0.740729
2 1 1 0.259271
3 0 7 0.105045
4 1 4 1.000000
4 0 1 0.511672
5 0 3 0.046963
6 0 4 0.025401
6 1 6 1.000000
6 0 7 0.507099
7 1 0 0.511625
7 1 12 0.488375
8 0 12 0.119104
9 0 1 0.528617
10 0 8 0.596748
10 1 1 0.708376
10 1 4 0.291624
11 0 13 0.623602
11 1 1 0.463534
11 1 7 0.536466
12 0 2 1.000000
12 1 13 1.000000
7 0 6 0.668670
