83 27
0 0 22 0.567455
1 0 12 0.525851
2 0 16 1.000000
3 0 15 0.558448
4 0 7 0.219407
5 0 22 0.018116
6 0 0 0.442359
7 0 1 0.971734
8 0 12 0.803191
9 0 16 0.819095
10 0 1 0.777409
11 0 1 0.087360
12 0 20 0.831560
13 0 14 1.000000
14 0 20 1.000000
15 0 11 0.513151
16 0 11 0.551128
17 0 21 1.000000
18 0 9 0.276046
19 0 25 1.000000
20 0 0 1.000000
21 0 13 0.337540
22 0 8 1.000000
23 0 9 0.219008
24 0 16 0.060994
25 0 14 0.566705
26 0 16 1.000000
1 0 10 0.474149
3 0 5 0.287295
3 1 25 1.000000
3 0 7 0.154257
4 0 15 0.780593
4 1 6 0.755848
4 1 10 0.244152
5 0 17 0.450630
5 1 9 1.000000
5 0 21 0.531254
6 0 20 0.226615
6 1 20 1.000000
6 0 21 0.331027
7 0 4 0.028266
7 1 5 0.196256
7 1 0 0.803744
8 0 15 0.196809
9 0 3 0.180905
9 1 22 0.736678
9 1 14 0.263322
10 0 8 0.222591
11 0 19 0.443083
11 1 12 1.000000
11 0 7 0.469557
12 0 17 0.168440
12 1 23 0.358978
12 1 13 0.641022
13 1 21 0.752136
13 1 1 0.247864
14 1 14 0.518007
14 1 22 0.481993
15 1 12 1.000000
15 0 16 0.486849
16 0 12 0.448872
16 1 21 0.191062
16 1 6 0.808938
17 1 5 0.941059
17 1 21 0.058941
18 0 11 0.723954
19 1 14 0.478024
19 1 11 0.521976
21 0 11 0.321965
21 1 24 1.000000
21 0 3 0.340494
22 1 14 0.962958
22 1 23 0.037042
23 1 5 0.814117
23 1 15 0.185883
24 0 12 0.939006
25 1 19 0.974311
25 1 23 0.025689
26 1 6 0.461336
26 1 13 0.538664
25 0 2 0.433295
23 0 18 0.780992
0 0 26 0.432545
