66 22
0 0 21 0.389492
1 0 16 0.213971
2 0 17 0.018264
3 0 5 1.000000
4 0 11 0.752980
5 0 15 0.263707
6 0 0 0.652710
7 0 20 0.176941
8 0 17 0.113733
9 0 19 0.924732
10 0 2 1.000000
11 0 2 1.000000
12 0 10 1.000000
13 0 5 1.000000
14 0 18 1.000000
15 0 9 0.509239
16 0 8 1.000000
17 0 21 0.096642
18 0 4 1.000000
19 0 17 0.338300
20 0 2 0.274099
21 0 7 1.000000
0 0 12 0.154375
0 1 21 1.000000
0 0 14 0.456132
1 1 13 1.000000
1 0 6 0.786029
2 0 2 0.735928
2 1 6 1.000000
2 0 10 0.245808
14 1 3 0.278754
3 1 3 1.000000
21 1 8 0.899031
4 1 6 1.000000
4 0 14 0.247020
5 0 7 0.736293
6 1 8 1.000000
6 0 21 0.347290
7 0 9 0.454899
7 1 1 1.000000
7 0 13 0.368160
8 1 21 1.000000
8 0 12 0.886267
9 1 12 1.000000
9 0 0 0.075268
10 1 8 0.450447
10 1 0 0.549553
11 1 14 0.731009
11 1 18 0.268991
12 1 6 0.271551
12 1 20 0.728449
14 1 12 0.590913
14 1 15 0.130333
15 0 17 0.450336
15 1 20 1.000000
15 0 1 0.040425
21 1 9 0.100969
20 0 19 0.521048
17 1 14 1.000000
17 0 13 0.903358
18 1 20 0.777202
18 1 16 0.222797
19 1 21 1.000000
19 0 21 0.661699
20 0 21 0.204853
20 1 2 1.000000
