34 12
0 0 5 1.000000
1 0 9 0.518629
2 0 8 0.218941
3 0 11 0.697922
4 0 3 1.000000
5 0 10 0.451424
6 0 2 0.524074
7 0 1 0.000959
8 0 10 1.000000
9 0 0 1.000000
10 0 7 0.376561
11 0 6 0.433918
0 1 0 0.709972
0 1 6 0.290028
1 1 10 1.000000
1 0 7 0.481371
2 1 0 1.000000
2 0 1 0.781059
3 0 6 0.302078
3 1 11 0.032932
3 1 2 0.967068
5 1 0 1.000000
5 0 5 0.548576
6 0 6 0.169338
6 1 4 1.000000
6 0 4 0.306588
7 0 2 0.999041
7 1 8 0.649877
7 1 7 0.350123
9 1 0 0.780966
9 1 5 0.219034
10 1 1 1.000000
10 0 4 0.623439
11 0 5 0.566082
