41 17
0 0 12 1.000000
1 0 13 1.000000
2 0 10 0.476786
3 0 5 1.000000
4 0 11 0.225595
5 0 2 1.000000
6 0 14 1.000000
7 0 3 0.456578
8 0 0 0.959612
9 0 15 0.646362
10 0 15 0.429231
11 0 10 1.000000
12 0 5 0.112309
13 0 15 0.667043
14 0 11 0.489024
15 0 0 0.744527
16 0 9 0.499368
2 0 1 0.523214
4 0 16 0.774405
4 1 5 0.681181
4 1 6 0.318819
5 1 10 0.677451
5 1 0 0.322549
6 1 11 0.232157
6 1 0 0.388943
7 0 10 0.543422
8 0 7 0.040388
9 0 8 0.344391
9 1 1 1.000000
9 0 10 0.009248
13 0 14 0.332957
14 0 8 0.510976
15 0 6 0.255473
15 1 7 0.431904
15 1 15 0.568096
16 0 7 0.500632
16 1 7 0.503316
16 1 8 0.496684
12 0 4 0.887691
10 0 9 0.570769
6 1 16 0.378900
