75 26
0 0 1 1.000000
1 0 17 0.208446
2 0 18 1.000000
3 0 18 0.379592
4 0 5 0.299031
5 0 23 0.143907
6 0 14 0.165688
7 0 6 1.000000
8 0 20 1.000000
9 0 3 0.653029
10 0 9 0.420465
11 0 24 0.607228
12 0 21 1.000000
13 0 19 0.584501
14 0 23 0.168454
15 0 12 1.000000
16 0 2 1.000000
17 0 12 0.221999
18 0 15 1.000000
1 0 4 0.282006
20 0 21 0.512250
21 0 11 0.856592
22 0 17 0.109408
23 0 14 0.907401
24 0 12 0.403696
25 0 5 0.168297
1 0 19 0.509548
3 1 11 1.000000
3 0 1 0.620408
4 0 9 0.700969
5 1 2 1.000000
5 0 10 0.856093
6 0 9 0.834312
7 1 25 0.512554
7 1 20 0.487446
8 1 25 0.691864
8 1 17 0.308136
9 0 16 0.346971
10 0 21 0.579535
10 1 25 0.561391
10 1 13 0.438609
11 0 14 0.127091
11 1 8 1.000000
11 0 20 0.265681
12 1 1 0.030699
12 1 0 0.969301
13 0 11 0.415499
13 1 24 0.695962
13 1 5 0.304038
14 0 2 0.196367
14 1 2 1.000000
14 0 13 0.635179
15 1 5 0.631388
15 1 19 0.368612
16 1 9 0.443510
16 1 10 0.556490
17 0 5 0.778001
17 1 1 0.836403
17 1 12 0.163597
18 1 1 0.552636
18 1 3 0.447364
19 0 23 1.000000
19 1 0 1.000000
25 0 21 0.449048
20 0 20 0.487750
20 1 1 0.019488
20 1 20 0.980512
21 1 22 1.000000
21 0 20 0.143408
22 0 21 0.890592
23 0 20 0.092599
24 1 6 1.000000
24 0 20 0.596304
25 0 23 0.382655
25 1 7 1.000000
