60 23
0 0 22 1.000000
1 0 0 1.000000
2 0 20 0.354416
3 0 9 0.786011
4 0 22 0.151776
5 0 0 0.739726
6 0 18 0.900368
7 0 19 0.834536
8 0 12 0.340648
9 0 17 1.000000
10 0 3 0.525313
11 0 16 0.577837
12 0 22 0.508220
13 0 12 0.761621
14 0 10 1.000000
15 0 12 1.000000
16 0 11 0.133682
17 0 12 0.425834
18 0 4 1.000000
19 0 13 0.194980
20 0 13 0.439981
21 0 2 0.207073
22 0 10 0.593545
2 0 21 0.375753
2 1 22 1.000000
2 0 3 0.269830
3 0 1 0.213989
3 1 9 0.224776
3 1 15 0.775224
4 0 10 0.848224
5 1 0 1.000000
5 0 12 0.260274
6 0 20 0.099632
6 1 15 0.289406
6 1 4 0.710594
7 0 13 0.165464
8 0 11 0.659352
9 1 19 0.224212
9 1 3 0.775788
10 1 16 1.000000
10 0 18 0.474687
11 0 14 0.422163
12 0 6 0.477055
12 1 14 1.000000
12 0 16 0.014725
13 0 21 0.238379
13 1 19 0.321227
13 1 18 0.569494
13 1 7 0.109279
22 0 5 0.406455
16 0 9 0.866318
17 0 19 0.574166
17 1 11 0.187057
17 1 10 0.812943
19 0 8 0.805020
20 0 6 0.494140
20 1 21 1.000000
20 0 18 0.065879
21 0 1 0.792927
21 1 12 1.000000
