72 26
0 0 12 0.181309
1 0 0 0.593994
2 0 12 0.201009
3 0 18 0.531755
4 0 15 0.308794
5 0 13 1.000000
6 0 23 0.656726
7 0 21 0.377274
8 0 3 0.482951
9 0 5 1.000000
10 0 4 0.782220
11 0 18 0.109601
12 0 19 1.000000
13 0 3 1.000000
1 0 22 0.327654
15 0 2 0.535843
16 0 6 0.411402
17 0 4 0.109337
18 0 5 1.000000
19 0 1 0.523284
20 0 3 1.000000
21 0 9 0.311471
22 0 24 0.304428
23 0 1 0.243383
24 0 17 1.000000
25 0 13 0.375295
0 1 14 1.000000
0 0 1 0.818691
1 1 14 1.000000
1 0 2 0.078352
2 1 0 1.000000
2 0 25 0.798991
3 0 2 0.468245
3 1 25 0.297682
3 1 8 0.702318
4 0 9 0.691207
5 1 14 0.488133
5 1 3 0.511867
6 0 7 0.343274
6 1 23 0.121066
6 1 24 0.878934
7 0 25 0.622726
25 0 15 0.624705
25 1 24 1.000000
8 0 11 0.517049
8 1 21 0.297496
8 1 1 0.702504
10 1 16 1.000000
10 0 9 0.217780
11 1 7 1.000000
11 0 21 0.890399
12 1 15 0.498139
12 1 3 0.501861
13 1 16 0.335838
13 1 2 0.664162
14 0 4 1.000000
14 1 25 1.000000
23 0 11 0.527545
15 0 20 0.464157
16 0 0 0.516482
16 1 17 1.000000
16 0 19 0.072116
17 0 2 0.890663
19 0 19 0.476716
19 1 16 0.629627
19 1 10 0.370373
21 0 15 0.295705
21 1 11 1.000000
21 0 11 0.392824
22 0 17 0.695572
23 0 3 0.229071
23 1 7 1.000000
