60 19
0 0 15 0.768577
1 0 7 0.481303
10 0 14 0.302149
3 0 9 0.381217
4 0 8 1.000000
5 0 4 0.400333
6 0 0 0.681463
7 0 16 1.000000
8 0 17 0.409600
9 0 17 0.374570
10 0 11 0.386075
11 0 15 0.325917
12 0 1 0.520572
13 0 10 0.440597
14 0 16 0.113221
15 0 16 1.000000
16 0 6 0.292162
17 0 3 0.627071
18 0 5 1.000000
0 1 0 1.000000
0 0 2 0.231423
1 0 5 0.518698
17 1 4 0.616532
2 1 12 0.463120
2 1 15 0.536880
3 1 16 1.000000
3 0 1 0.618783
5 0 1 0.351652
5 1 12 1.000000
5 0 3 0.248015
6 0 7 0.245363
6 1 3 1.000000
6 0 8 0.073174
7 1 11 0.041641
7 1 17 0.958359
8 0 13 0.590400
9 1 6 1.000000
9 0 2 0.625430
10 0 5 0.192847
10 1 7 1.000000
10 0 0 0.118929
11 0 5 0.222722
11 1 1 1.000000
11 0 13 0.451361
12 0 5 0.404577
12 1 3 1.000000
12 0 9 0.074851
13 0 12 0.053365
13 1 2 1.000000
13 0 17 0.506038
14 0 0 0.259270
14 1 13 1.000000
14 0 10 0.627509
15 1 4 0.453286
15 1 0 0.546714
16 0 15 0.707838
16 1 17 0.359961
16 1 18 0.640039
17 0 8 0.372929
17 1 0 0.383468
