73 24
0 0 2 0.521703
20 0 21 0.454414
2 0 1 0.299473
3 0 16 0.504555
4 0 11 0.124354
5 0 19 1.000000
6 0 3 0.094475
7 0 6 0.488460
8 0 13 1.000000
9 0 6 1.000000
10 0 7 0.786989
11 0 15 0.019585
12 0 13 1.000000
13 0 11 0.116878
14 0 21 0.455891
15 0 23 1.000000
16 0 10 0.868963
17 0 20 0.096547
18 0 5 1.000000
19 0 5 0.534872
20 0 8 0.275097
21 0 13 1.000000
22 0 4 0.044939
23 0 19 0.895526
0 0 18 0.478297
0 1 7 0.931521
0 1 22 0.068479
1 1 6 1.000000
6 0 14 0.276126
2 0 4 0.165776
2 1 20 1.000000
2 0 5 0.534752
3 0 0 0.495445
4 1 11 1.000000
4 0 16 0.875646
5 1 5 0.567711
5 1 6 0.432289
6 0 18 0.274360
6 1 22 1.000000
6 0 1 0.355039
7 1 4 1.000000
7 0 0 0.511540
8 1 7 0.003974
8 1 13 0.996026
9 1 9 0.470917
9 1 3 0.529083
10 0 23 0.213011
11 0 3 0.463868
11 1 15 0.547148
11 0 5 0.516547
12 1 2 0.719944
12 1 0 0.280056
13 1 0 1.000000
13 0 18 0.883122
14 1 6 1.000000
14 0 0 0.544109
15 1 7 0.106941
15 1 11 0.893059
16 1 0 1.000000
16 0 13 0.131037
17 0 8 0.260025
19 1 19 1.000000
19 0 8 0.465128
20 1 18 1.000000
20 0 11 0.270490
21 1 23 0.522006
21 1 17 0.477994
22 0 17 0.955061
22 1 5 0.515598
22 1 8 0.484402
23 0 10 0.104474
17 0 9 0.643428
11 1 12 0.452852
