82 28
0 0 2 1.000000
1 0 11 0.319348
2 0 15 0.293038
3 0 24 0.182106
4 0 26 0.177522
5 0 4 0.277016
6 0 13 0.445159
7 0 9 0.178601
8 0 21 1.000000
9 0 7 0.840694
10 0 8 1.000000
11 0 24 0.440212
12 0 15 0.102445
13 0 22 0.325003
14 0 3 0.132771
15 0 20 0.370741
25 0 17 0.255024
17 0 4 1.000000
18 0 26 0.294985
19 0 23 1.000000
20 0 4 0.458360
21 0 26 0.672843
22 0 3 0.882356
23 0 11 0.144295
24 0 11 1.000000
25 0 2 0.090315
26 0 10 0.429718
27 0 14 0.367240
0 1 0 0.105148
0 1 7 0.894852
1 0 27 0.680652
2 1 16 1.000000
2 0 12 0.706962
3 0 22 0.817894
3 1 8 0.560099
3 1 15 0.439901
4 1 16 1.000000
4 0 2 0.822478
5 1 1 0.107100
5 0 14 0.722984
6 0 0 0.432364
6 1 17 1.000000
6 0 5 0.122477
7 1 4 1.000000
7 0 1 0.821399
8 1 10 0.579995
8 1 25 0.420005
9 0 1 0.159306
5 1 13 0.892900
16 1 6 0.421321
11 0 7 0.385774
11 1 10 1.000000
11 0 23 0.174014
12 0 3 0.897555
13 0 9 0.674997
13 1 14 0.701761
13 1 24 0.298239
14 0 5 0.750339
14 1 20 1.000000
14 0 10 0.116890
15 1 23 1.000000
15 0 23 0.629259
16 1 18 0.578679
27 0 20 0.632760
18 0 14 0.409989
18 1 19 1.000000
18 0 3 0.295027
20 1 0 1.000000
20 0 25 0.541640
21 0 0 0.327157
22 1 24 1.000000
22 0 11 0.117644
23 0 14 0.286953
23 1 12 1.000000
23 0 2 0.568751
25 0 1 0.331277
25 1 7 1.000000
25 0 8 0.323384
26 0 20 0.478662
26 1 16 1.000000
26 0 1 0.091620
27 1 5 1.000000
