42 14
0 0 5 0.642476
1 0 10 0.707178
2 0 0 0.200104
3 0 7 0.121974
13 0 6 0.859937
5 0 8 1.000000
6 0 5 1.000000
7 0 8 0.003128
8 0 7 1.000000
9 0 12 1.000000
10 0 13 0.183439
11 0 0 1.000000
12 0 3 1.000000
13 0 0 0.003938
0 0 0 0.202834
0 1 11 1.000000
0 0 3 0.154690
1 0 6 0.157330
1 1 1 1.000000
1 0 5 0.135492
2 0 13 0.343048
2 1 4 1.000000
2 0 9 0.456847
3 1 13 1.000000
3 0 10 0.878026
4 0 13 1.000000
4 1 12 1.000000
13 1 0 1.000000
5 1 0 0.528107
5 1 4 0.471893
7 1 0 1.000000
7 0 0 0.996872
8 1 12 0.347242
8 1 8 0.652758
10 0 6 0.348899
10 1 0 1.000000
10 0 3 0.467662
11 1 4 0.342953
11 1 1 0.657047
12 1 1 0.621108
12 1 2 0.378892
13 0 8 0.136125
