53 17
0 0 1 0.414935
1 0 15 1.000000
2 0 1 1.000000
3 0 16 0.372868
4 0 0 0.032929
5 0 12 0.469043
6 0 15 1.000000
7 0 3 1.000000
8 0 12 0.567009
9 0 13 1.000000
10 0 15 0.612948
11 0 3 0.433516
12 0 11 0.829866
13 0 2 0.209664
14 0 3 0.411223
15 0 1 0.635778
16 0 4 0.591753
0 0 0 0.585065
1 1 0 0.457742
1 1 16 0.542258
2 1 11 0.603325
2 1 5 0.396675
3 0 5 0.187475
3 1 9 1.000000
3 0 12 0.189246
4 0 10 0.708978
4 1 3 1.000000
4 0 5 0.258093
5 0 5 0.530957
5 1 13 0.569314
5 1 1 0.430686
7 1 0 0.557817
7 1 5 0.442183
8 0 10 0.432991
8 1 2 0.278116
8 1 15 0.721884
9 1 14 0.547266
9 1 5 0.452734
3 0 8 0.250411
10 1 13 1.000000
10 0 16 0.387052
11 0 4 0.197428
11 1 6 1.000000
11 0 7 0.369056
12 0 0 0.170134
13 0 12 0.269972
13 1 4 1.000000
13 0 3 0.520364
14 0 0 0.429058
14 1 15 1.000000
14 0 5 0.159719
15 0 9 0.364222
16 0 10 0.408247
