42 15
0 0 7 1.000000
1 0 14 0.534929
2 0 10 1.000000
3 0 10 1.000000
4 0 2 0.217184
5 0 0 1.000000
6 0 3 0.516865
7 0 14 0.060213
8 0 11 1.000000
9 0 14 1.000000
10 0 11 0.707600
11 0 4 1.000000
12 0 9 0.441791
13 0 1 1.000000
14 0 3 0.442521
0 1 12 0.796970
0 1 14 0.203030
1 0 2 0.465071
1 1 3 0.594969
1 1 12 0.405031
12 0 13 0.558209
14 0 11 0.557478
4 0 8 0.244019
4 1 7 1.000000
4 0 1 0.538797
5 1 11 0.884096
5 1 8 0.115904
6 0 7 0.286210
6 1 6 1.000000
6 0 5 0.196925
7 0 6 0.518344
7 1 10 1.000000
7 0 3 0.421443
8 1 10 0.564626
8 1 14 0.435374
9 1 2 0.376249
9 1 12 0.623751
10 0 7 0.292400
10 1 12 0.368105
10 1 8 0.631895
13 1 10 0.505473
13 1 2 0.494527
