72 26
0 0 2 0.866956
1 0 22 1.000000
2 0 13 1.000000
3 0 11 0.699021
4 0 19 1.000000
5 0 24 1.000000
25 0 15 0.787309
7 0 19 0.214455
8 0 13 1.000000
9 0 21 1.000000
10 0 2 0.703981
11 0 12 0.785743
12 0 23 0.380801
13 0 8 0.215518
14 0 15 0.521948
15 0 24 0.303166
24 1 21 0.588939
17 0 5 0.355891
18 0 2 0.859601
19 0 22 0.728409
20 0 10 0.521597
21 0 6 0.647876
22 0 21 1.000000
23 0 12 0.617506
24 0 21 0.710099
25 0 8 0.212691
0 0 25 0.133044
1 1 8 0.642915
1 1 9 0.357085
3 1 12 1.000000
3 0 14 0.300979
4 1 2 0.671704
4 1 15 0.328296
5 1 2 0.581269
5 1 24 0.418731
6 0 1 1.000000
6 1 5 1.000000
24 1 13 0.411061
7 0 10 0.363258
7 1 10 1.000000
7 0 1 0.422287
9 1 7 0.194187
9 1 22 0.805813
10 0 10 0.296019
10 1 22 0.285555
10 1 15 0.714445
11 0 9 0.214257
12 1 11 1.000000
12 0 22 0.619199
13 0 23 0.784482
24 0 16 0.289901
23 1 22 0.457831
14 1 15 1.000000
14 0 23 0.478052
15 0 22 0.337423
15 1 10 1.000000
15 0 3 0.359411
23 1 22 0.542169
17 0 16 0.354285
17 1 5 1.000000
17 0 22 0.289824
18 0 14 0.140399
18 1 9 0.853293
18 1 3 0.146707
19 0 19 0.271591
19 1 19 0.253507
19 1 15 0.746493
20 0 17 0.478403
21 1 2 1.000000
21 0 20 0.352124
23 0 4 0.382494
22 1 6 1.000000
