70 25
0 0 22 1.000000
2 0 7 0.196016
2 0 17 0.341893
3 0 17 1.000000
4 0 11 0.952158
5 0 10 0.941529
6 0 20 0.563144
7 0 14 0.860403
8 0 15 1.000000
9 0 2 1.000000
10 0 1 0.080927
11 0 18 0.391519
12 0 17 1.000000
13 0 16 0.482860
14 0 0 1.000000
15 0 23 1.000000
16 0 9 0.489287
17 0 3 1.000000
18 0 2 1.000000
19 0 1 0.205494
20 0 19 0.331074
21 0 8 1.000000
22 0 2 1.000000
23 0 2 0.056373
24 0 20 1.000000
0 1 11 0.508940
0 1 14 0.491060
23 0 8 0.187889
1 1 5 1.000000
1 0 13 1.000000
2 0 0 0.199810
2 1 6 1.000000
2 0 13 0.262281
3 1 15 0.517606
3 1 9 0.482394
4 1 4 1.000000
4 0 1 0.047842
5 1 1 1.000000
5 0 16 0.058471
6 0 4 0.436856
7 0 6 0.139597
8 1 6 0.573476
8 1 1 0.426524
9 1 13 0.764216
9 1 22 0.235784
10 0 24 0.919073
11 0 0 0.608481
11 1 21 0.451865
11 1 17 0.548135
13 1 21 1.000000
13 0 1 0.517140
15 1 3 0.783405
15 1 0 0.216595
16 0 16 0.510713
16 1 10 0.619068
16 1 8 0.380932
17 1 3 0.359278
17 1 9 0.640722
18 1 22 0.653878
18 1 15 0.346122
19 0 2 0.060051
19 1 9 1.000000
19 0 13 0.734456
20 0 12 0.270147
20 1 4 1.000000
20 0 0 0.398779
21 1 2 0.120008
21 1 1 0.879992
23 0 23 0.755738
23 1 8 1.000000
