34 12
0 0 7 1.000000
1 0 8 0.420198
2 0 8 1.000000
3 0 1 1.000000
4 0 5 1.000000
5 0 7 0.671205
6 0 0 1.000000
7 0 6 0.332223
11 0 6 0.867449
9 0 2 0.479775
10 0 7 0.569562
11 0 5 0.132551
0 1 4 0.268405
0 1 2 0.731595
1 0 11 0.579802
1 1 10 0.009040
1 1 6 0.990960
3 1 6 0.881910
3 1 4 0.118090
4 1 2 0.544535
4 1 11 0.455465
5 0 9 0.328795
5 1 5 0.247364
5 1 8 0.752636
6 1 5 0.314807
6 1 3 0.685193
7 1 10 1.000000
7 0 4 0.667777
10 1 5 0.944511
8 1 6 0.239561
8 1 11 0.760439
9 0 10 0.520225
10 0 9 0.430438
10 1 4 0.055489
