45 14
13 1 10 0.619223
1 0 6 0.272902
2 0 6 0.520992
3 0 1 1.000000
4 0 0 1.000000
5 0 7 0.355450
6 0 13 1.000000
7 0 11 0.302726
8 0 9 0.044345
9 0 2 0.010159
10 0 2 0.509993
11 0 12 0.172744
12 0 9 0.470383
13 0 0 0.292467
13 0 5 0.158041
0 1 0 1.000000
0 0 2 1.000000
1 1 7 1.000000
1 0 2 0.727098
2 0 1 0.479008
4 1 5 0.384683
4 1 2 0.615317
5 0 6 0.644550
5 1 0 0.984928
5 1 3 0.015072
7 0 7 0.328957
7 1 9 1.000000
7 0 9 0.368317
8 0 1 0.684837
8 1 13 1.000000
8 0 0 0.270818
9 0 9 0.187946
9 1 6 1.000000
9 0 11 0.801896
10 0 6 0.490007
10 1 5 0.347350
10 1 7 0.652650
11 0 2 0.313895
11 1 4 1.000000
11 0 8 0.513362
12 0 12 0.349374
12 1 2 1.000000
12 0 0 0.180243
13 0 8 0.549492
13 1 3 0.380777
