76 30
0 0 7 0.934639
1 0 23 0.812219
2 0 0 1.000000
3 0 11 1.000000
4 0 19 0.605868
5 0 26 0.113027
6 0 16 0.355973
7 0 23 0.567990
8 0 27 1.000000
9 0 25 0.330770
10 0 17 1.000000
11 0 0 1.000000
12 0 22 0.198382
13 0 19 0.064867
14 0 17 1.000000
15 0 27 0.454664
16 0 28 1.000000
17 0 7 1.000000
18 0 3 0.363000
19 0 23 1.000000
20 0 3 0.437424
21 0 3 0.017213
22 0 21 0.366624
23 0 20 1.000000
24 0 9 0.251889
25 0 12 0.088703
26 0 18 0.132892
27 0 9 1.000000
28 0 22 1.000000
29 0 26 0.772150
0 0 28 0.065361
0 1 24 0.635234
0 1 20 0.364766
1 1 18 1.000000
1 0 28 0.187781
4 0 24 0.394132
5 1 11 1.000000
5 0 28 0.886973
6 0 8 0.426012
6 1 7 1.000000
6 0 14 0.218015
9 0 14 0.669230
11 1 7 0.121595
11 1 6 0.878405
12 1 3 1.000000
12 0 0 0.801618
13 0 23 0.312472
13 1 28 1.000000
13 0 13 0.622661
15 0 6 0.507285
15 1 29 1.000000
15 0 7 0.038051
17 1 1 0.278026
17 1 19 0.721974
18 1 19 1.000000
18 0 16 0.242911
19 1 29 0.589491
19 1 26 0.410509
20 0 15 0.562576
20 1 9 0.444610
20 1 28 0.555390
21 0 24 0.286985
21 1 19 1.000000
21 0 1 0.464125
22 1 22 1.000000
22 0 28 0.633376
24 0 12 0.748111
25 0 15 0.911297
26 0 26 0.507231
29 0 3 0.227850
29 1 16 0.646994
29 1 5 0.353006
18 0 2 0.394089
26 0 4 0.359877
21 0 10 0.231677
7 0 13 0.432010
