46 15
0 0 8 0.871698
1 0 3 1.000000
2 0 12 1.000000
3 0 0 0.397671
4 0 6 0.945918
5 0 2 0.144629
6 0 12 1.000000
7 0 11 0.157875
8 0 11 1.000000
9 0 14 0.709249
10 0 12 0.465629
11 0 4 0.621943
12 0 4 1.000000
13 0 5 0.395382
14 0 10 1.000000
0 0 1 0.128302
0 1 3 0.784848
0 1 1 0.215152
12 1 13 0.146697
1 1 10 1.000000
3 0 5 0.288752
2 1 4 0.318661
2 1 7 0.681339
3 0 10 0.313577
4 1 3 1.000000
4 0 3 0.054082
5 1 5 1.000000
5 0 3 0.855371
6 1 11 0.707001
6 1 10 0.292999
7 1 8 1.000000
7 0 9 0.842125
8 1 14 0.323421
8 1 9 0.676579
9 0 6 0.290751
9 1 6 0.811197
9 1 3 0.188803
10 0 14 0.134615
10 1 2 1.000000
10 0 8 0.399756
11 1 8 1.000000
11 0 3 0.378057
12 1 9 0.142145
12 1 12 0.711159
13 0 1 0.604618
13 1 7 1.000000
