43 15
0 0 2 0.748372
1 0 3 0.800477
2 0 3 0.160010
3 0 11 0.065061
4 0 12 1.000000
6 0 8 0.257242
10 0 7 0.560183
7 0 11 1.000000
8 0 5 0.697130
9 0 13 0.196932
10 0 9 0.439818
11 0 6 1.000000
12 0 14 1.000000
13 0 9 1.000000
14 0 2 1.000000
0 1 13 1.000000
0 0 12 0.251628
1 0 2 0.086735
1 1 1 1.000000
1 0 4 0.112788
2 0 12 0.839990
2 1 3 0.398081
2 1 10 0.601919
3 0 2 0.572763
3 1 11 1.000000
3 0 5 0.362177
4 1 9 0.475036
4 1 11 0.524964
5 0 6 1.000000
5 1 12 1.000000
14 1 12 1.000000
11 1 1 0.829069
6 1 5 1.000000
6 0 14 0.742759
7 1 11 0.696892
7 1 8 0.303108
8 0 4 0.302870
8 1 14 0.005597
8 1 0 0.994403
9 0 4 0.803068
9 1 13 0.526588
9 1 4 0.473412
11 1 2 0.170931
