78 29
0 0 26 0.477443
1 0 27 0.640630
2 0 17 1.000000
3 0 17 0.102089
4 0 2 0.426232
5 0 16 0.206623
6 0 9 1.000000
7 0 5 1.000000
8 0 6 1.000000
9 0 17 1.000000
10 0 28 0.962350
11 0 21 0.526031
12 0 13 1.000000
13 0 23 1.000000
14 0 10 1.000000
15 0 25 0.151520
16 0 6 0.616871
17 0 3 1.000000
18 0 22 1.000000
19 0 4 1.000000
20 0 26 1.000000
21 0 16 0.123760
22 0 25 0.232214
23 0 19 0.341476
24 0 26 0.010654
25 0 14 0.305456
26 0 11 1.000000
27 0 10 1.000000
28 0 22 1.000000
0 0 5 0.522557
0 1 8 0.978234
0 1 26 0.021766
1 0 16 0.359370
1 1 7 0.258547
1 1 16 0.741453
3 0 10 0.897911
4 0 9 0.104272
4 1 28 0.447520
4 1 3 0.552480
5 1 27 1.000000
5 0 10 0.793377
6 1 21 0.228467
6 1 25 0.771532
7 1 1 0.182677
7 1 22 0.817323
8 1 12 0.452461
8 1 11 0.547539
9 1 22 0.822040
9 1 24 0.177960
10 0 26 0.037650
11 1 2 1.000000
11 0 9 0.473969
12 1 8 0.428571
12 1 19 0.571429
14 1 16 0.322295
14 1 19 0.677705
15 0 11 0.848480
15 1 8 0.919010
15 1 19 0.080990
16 0 11 0.383129
18 1 19 0.459684
18 1 18 0.540316
21 0 3 0.679009
21 1 26 1.000000
21 0 26 0.197231
22 0 24 0.352394
22 1 15 1.000000
22 0 18 0.415392
23 0 13 0.105541
23 1 15 1.000000
23 0 24 0.552982
24 0 6 0.989346
25 0 2 0.191807
25 1 6 1.000000
25 0 0 0.502737
26 1 1 0.634770
26 1 11 0.365230
4 0 20 0.469495
