49 18
0 0 8 0.580699
1 0 2 0.752105
2 0 3 0.297071
3 0 10 1.000000
4 0 2 1.000000
5 0 11 0.437571
6 0 9 0.565614
7 0 0 0.463725
8 0 7 1.000000
9 0 17 0.901541
10 0 11 0.212790
11 0 13 1.000000
12 0 5 1.000000
13 0 7 0.478060
14 0 15 0.560119
15 0 13 0.080645
16 0 11 0.431948
17 0 3 1.000000
0 0 2 0.419301
0 1 8 0.528760
0 1 0 0.471240
1 0 8 0.247895
1 1 11 0.397414
1 1 10 0.602586
2 0 7 0.458975
2 1 16 1.000000
2 0 12 0.243954
5 0 3 0.562429
5 1 4 0.549087
5 1 5 0.450913
6 0 14 0.434386
6 1 3 0.364294
6 1 1 0.635706
7 1 0 1.000000
7 0 7 0.536275
9 1 3 1.000000
9 0 1 0.098459
10 1 2 1.000000
10 0 6 0.787210
11 1 13 0.650013
11 1 10 0.349987
16 1 2 0.387011
16 1 0 0.612989
13 1 8 1.000000
13 0 4 0.521940
14 0 7 0.439881
15 1 7 1.000000
15 0 12 0.919355
16 0 2 0.568052
