47 16
0 0 2 0.905521
1 0 11 0.657284
2 0 15 0.606385
3 0 13 0.304296
4 0 7 0.322113
5 0 3 0.321652
6 0 14 0.748092
7 0 15 1.000000
8 0 5 0.560048
9 0 13 0.591331
1 0 9 0.131524
11 0 10 0.450833
12 0 0 0.930627
13 0 7 1.000000
14 0 10 0.061538
15 0 12 1.000000
0 0 5 0.081874
0 1 4 1.000000
0 0 6 0.012605
1 0 4 0.211192
2 0 14 0.393615
2 1 6 0.391491
2 1 0 0.608509
3 0 1 0.378208
3 1 15 1.000000
3 0 11 0.317496
4 0 15 0.677887
5 0 12 0.214422
5 1 2 0.442756
5 1 11 0.557244
6 0 11 0.251908
8 0 7 0.439952
9 0 7 0.081200
9 1 12 1.000000
9 0 15 0.327469
10 0 14 1.000000
10 1 5 1.000000
5 0 8 0.463926
11 0 6 0.214183
11 1 12 1.000000
11 0 7 0.334984
12 0 5 0.069374
12 1 4 0.564618
12 1 15 0.435382
13 1 7 0.774729
13 1 4 0.225271
14 0 3 0.938462
