42 16
0 0 9 0.251836
1 0 2 1.000000
2 0 10 1.000000
3 0 1 1.000000
4 0 1 0.445783
5 0 8 0.538952
6 0 10 0.799490
7 0 14 0.364707
8 0 13 1.000000
9 0 3 0.254133
10 0 11 1.000000
11 0 9 1.000000
12 0 2 1.000000
13 0 10 0.287032
14 0 1 0.169541
15 0 10 0.581723
0 1 7 1.000000
0 0 4 0.128660
0 0 12 0.619503
14 0 4 0.372569
4 1 14 0.407859
4 1 11 0.592141
5 0 10 0.461048
5 1 2 0.011548
5 1 9 0.988452
6 1 15 1.000000
6 0 6 0.200510
7 0 5 0.626419
9 0 7 0.745867
9 1 1 0.307038
9 1 9 0.692962
10 1 8 0.087116
10 1 15 0.912884
12 1 1 0.974786
12 1 10 0.025214
13 0 13 0.419898
13 1 14 1.000000
13 0 3 0.293069
15 0 13 0.418277
14 0 6 0.457890
4 0 12 0.554217
7 0 0 0.008874
