63 23
0 0 18 0.063892
1 0 5 0.193264
2 0 13 0.051924
3 0 17 0.834001
4 0 12 0.842115
5 0 19 0.430849
6 0 7 1.000000
7 0 22 1.000000
8 0 3 1.000000
21 1 16 0.304031
10 0 21 1.000000
11 0 21 1.000000
12 0 11 0.293773
13 0 21 0.506279
14 0 7 0.702156
15 0 10 0.268172
16 0 6 0.782044
17 0 19 1.000000
18 0 20 0.194068
19 0 22 0.499632
20 0 17 0.190920
21 0 3 0.752350
22 0 5 1.000000
0 1 4 1.000000
0 0 6 0.936108
1 0 2 0.806736
2 0 8 0.948076
2 1 3 0.235082
2 1 20 0.764918
3 0 4 0.165999
4 1 0 1.000000
4 0 14 0.157885
5 0 1 0.569151
6 1 3 0.493546
6 1 8 0.506454
9 0 18 1.000000
9 1 6 1.000000
21 0 7 0.247650
11 1 9 0.415996
11 1 15 0.584004
12 0 10 0.557105
12 1 22 1.000000
12 0 1 0.149122
13 0 12 0.493721
13 1 2 0.721244
13 1 17 0.278756
14 0 15 0.297844
15 0 3 0.731828
16 0 20 0.217956
16 1 20 0.306368
16 1 3 0.693632
17 1 3 0.126305
17 1 6 0.873695
18 0 5 0.423135
18 1 9 1.000000
18 0 0 0.382797
19 0 6 0.500368
19 1 8 0.206467
19 1 2 0.793533
20 0 1 0.330452
20 1 21 1.000000
20 0 4 0.478628
21 1 18 0.695969
