50 16
0 0 2 0.453431
1 0 5 1.000000
2 0 5 0.412071
3 0 7 1.000000
4 0 6 0.988227
5 0 4 0.445507
6 0 0 0.263831
7 0 3 0.471309
8 0 15 1.000000
9 0 0 0.347560
10 0 5 0.128333
11 0 0 0.491704
12 0 1 0.255601
13 0 8 0.310584
14 0 7 0.051352
15 0 7 0.376341
0 0 6 0.268745
0 1 11 1.000000
0 0 9 0.277824
1 1 6 0.365184
1 1 3 0.634816
2 0 11 0.587929
2 1 7 0.533991
2 1 14 0.466009
3 1 12 0.314354
3 1 3 0.685646
4 0 0 0.011773
15 0 12 0.623659
15 1 4 1.000000
5 1 3 1.000000
5 0 9 0.554493
6 1 4 1.000000
6 0 13 0.736169
7 0 9 0.528691
7 1 12 0.492271
7 1 9 0.507729
9 0 11 0.269853
9 1 0 1.000000
9 0 13 0.382587
10 1 8 1.000000
10 0 8 0.871667
11 0 5 0.508296
11 1 1 0.519367
11 1 6 0.480633
12 1 0 1.000000
12 0 6 0.744399
13 0 6 0.689416
14 0 9 0.948648
14 1 1 0.607471
14 1 10 0.392529
