38 14
0 0 6 1.000000
13 1 5 0.927508
2 0 1 0.349068
3 0 0 1.000000
4 0 6 1.000000
5 0 1 1.000000
6 0 8 1.000000
7 0 8 0.711643
13 1 7 0.072492
9 0 0 0.630383
10 0 6 1.000000
11 0 3 1.000000
12 0 2 1.000000
13 0 10 0.203451
0 1 1 0.549578
0 1 13 0.450422
13 0 11 0.796549
1 1 11 1.000000
1 0 9 1.000000
2 0 9 0.320090
2 1 4 1.000000
2 0 6 0.330842
3 1 13 0.579039
3 1 4 0.420961
4 1 12 0.123830
4 1 13 0.876170
7 0 3 0.288357
7 1 0 0.062816
7 1 10 0.937184
8 0 9 1.000000
8 1 5 1.000000
12 1 2 0.491345
9 0 9 0.369617
10 1 12 0.505939
10 1 0 0.494061
11 1 7 0.098806
11 1 6 0.901194
12 1 8 0.508655
