57 18
0 0 4 0.952905
1 0 4 0.520294
17 0 1 0.559950
3 0 16 0.483161
4 0 14 0.812620
5 0 8 1.000000
6 0 7 1.000000
7 0 0 1.000000
8 0 10 0.672774
9 0 5 0.298730
10 0 11 0.994153
11 0 0 0.335189
12 0 13 0.247057
13 0 4 0.292779
14 0 5 0.379421
15 0 3 0.368929
16 0 5 0.474738
17 0 6 0.440050
0 0 12 0.047095
0 1 7 0.703491
0 1 4 0.296509
1 0 5 0.384144
1 1 16 1.000000
1 0 2 0.095562
17 1 2 1.000000
2 1 5 0.504332
2 1 9 0.495668
3 0 4 0.516839
3 1 10 0.562913
3 1 12 0.437087
4 0 9 0.187380
16 0 0 0.525262
15 0 10 0.510201
6 1 14 0.547828
6 1 15 0.452172
7 1 10 0.206349
7 1 4 0.793651
8 1 2 1.000000
8 0 0 0.327226
9 0 11 0.322606
9 1 14 1.000000
9 0 12 0.378664
10 0 14 0.005847
10 1 0 0.223470
10 1 4 0.776530
11 1 7 1.000000
11 0 15 0.664811
12 0 16 0.446259
12 1 8 1.000000
12 0 6 0.306683
13 1 9 1.000000
13 0 17 0.707221
14 0 14 0.311173
14 1 11 1.000000
14 0 1 0.309406
15 0 8 0.120870
15 1 7 1.000000
