74 27
0 0 15 1.000000
1 0 16 0.369905
2 0 7 1.000000
3 0 18 0.675162
4 0 18 0.501765
5 0 16 0.423002
6 0 11 0.030868
7 0 20 0.039907
8 0 20 0.756940
9 0 11 0.037417
10 0 9 0.504098
11 0 19 0.288676
12 0 1 0.307231
21 0 17 0.324068
14 0 4 1.000000
15 0 12 0.400858
16 0 20 1.000000
17 0 19 1.000000
18 0 1 1.000000
19 0 6 0.419227
20 0 8 0.618965
21 0 9 0.125050
22 0 21 0.162602
23 0 14 0.771956
24 0 1 0.319109
25 0 0 0.546490
26 0 6 1.000000
1 1 22 1.000000
1 0 22 0.630095
3 1 21 1.000000
3 0 13 0.324838
4 1 12 1.000000
4 0 14 0.119076
5 0 23 0.576998
6 1 21 1.000000
6 0 25 0.969132
7 0 7 0.424466
7 1 7 1.000000
7 0 13 0.535627
8 0 12 0.243060
9 1 16 1.000000
9 0 25 0.962583
10 0 18 0.495902
4 0 10 0.377308
4 0 3 0.001851
11 1 15 1.000000
11 0 24 0.711324
12 0 26 0.183994
12 1 23 1.000000
12 0 21 0.508774
23 0 2 0.113035
13 1 8 1.000000
13 0 22 1.000000
14 1 22 0.273494
14 1 12 0.726506
15 0 16 0.599142
15 1 20 0.539430
15 1 12 0.460570
17 1 5 0.087725
17 1 2 0.912275
19 0 14 0.102618
19 1 22 1.000000
19 0 22 0.478155
20 1 24 1.000000
20 0 23 0.381035
21 0 7 0.550882
22 1 8 1.000000
22 0 24 0.837398
23 0 11 0.115009
24 0 5 0.402846
24 1 14 1.000000
24 0 14 0.278045
25 1 22 1.000000
25 0 20 0.453510
