73 26
0 0 14 0.433675
1 0 4 1.000000
2 0 21 0.624205
3 0 22 0.155083
4 0 8 0.404730
5 0 4 0.813251
6 0 25 1.000000
7 0 10 1.000000
8 0 5 1.000000
9 0 22 1.000000
10 0 25 1.000000
11 0 19 0.011335
12 0 0 0.572265
13 0 19 1.000000
14 0 22 0.764860
15 0 19 0.191750
16 0 4 0.537713
17 0 1 0.666334
18 0 2 1.000000
19 0 5 0.497940
25 0 1 0.822892
21 0 12 0.927942
22 0 18 1.000000
23 0 6 1.000000
24 0 11 0.527218
25 1 18 1.000000
0 1 1 1.000000
0 0 22 0.566325
2 0 13 0.375795
3 0 13 0.198582
3 1 13 1.000000
3 0 12 0.646336
4 1 8 1.000000
4 0 5 0.595270
5 1 24 1.000000
5 0 6 0.186749
6 1 18 0.082524
6 1 22 0.917476
8 1 20 0.408275
8 1 5 0.591725
9 1 25 0.622052
9 1 22 0.377948
10 1 3 0.602749
10 1 17 0.397251
11 0 20 0.797018
11 1 6 1.000000
11 0 10 0.191647
12 0 21 0.427735
12 1 16 0.949158
12 1 9 0.050842
13 1 19 0.187099
13 1 20 0.812901
14 0 24 0.235140
15 0 15 0.808250
16 1 13 1.000000
16 0 2 0.462287
17 0 15 0.235013
17 1 14 1.000000
17 0 7 0.098653
19 1 2 1.000000
19 0 1 0.502060
25 0 4 0.177108
20 1 21 1.000000
20 0 23 1.000000
21 1 11 1.000000
21 0 7 0.072058
22 1 6 0.856389
22 1 19 0.143611
23 1 0 0.664917
23 1 25 0.335083
24 0 7 0.472782
24 1 18 0.449901
24 1 11 0.550099
