62 21
0 0 4 0.532991
1 0 15 0.062485
2 0 11 0.423882
3 0 16 0.074507
4 0 0 1.000000
5 0 12 0.087179
6 0 0 0.395510
7 0 13 0.398797
8 0 13 1.000000
9 0 7 1.000000
10 0 20 1.000000
11 0 3 0.579097
12 0 17 0.377775
13 0 14 0.493923
14 0 16 0.459445
15 0 16 0.661843
16 0 11 1.000000
17 0 13 1.000000
18 0 5 0.558159
19 0 10 0.103296
20 0 1 1.000000
0 0 13 0.467009
1 1 12 1.000000
1 0 14 0.937515
2 0 20 0.576118
2 1 15 0.523296
2 1 7 0.476704
3 0 2 0.657900
3 1 10 1.000000
3 0 3 0.267593
4 1 19 0.415128
4 1 10 0.584872
5 1 2 0.831999
5 0 6 0.912821
6 0 2 0.604490
7 0 3 0.601203
7 1 0 0.217839
7 1 12 0.782161
8 1 4 0.124834
8 1 20 0.875166
9 1 15 0.089291
9 1 16 0.910709
10 1 8 0.462416
10 1 16 0.537584
11 0 7 0.420903
11 1 3 0.819070
11 1 12 0.180930
12 0 20 0.622225
12 1 19 0.713212
12 1 0 0.286788
13 0 12 0.506077
13 1 1 0.405826
13 1 14 0.594174
14 1 6 1.000000
14 0 11 0.540555
15 0 1 0.338157
16 1 7 0.207372
16 1 18 0.792628
18 0 14 0.441841
19 1 19 1.000000
19 0 2 0.896704
5 1 9 0.168001
