59 21
0 0 14 0.675374
1 0 17 1.000000
2 0 8 0.336188
3 0 11 0.798846
4 0 15 0.457013
5 0 3 0.618466
6 0 3 0.226514
7 0 3 1.000000
8 0 16 0.784512
9 0 12 1.000000
10 0 17 0.009147
11 0 0 0.696924
12 0 20 1.000000
13 0 6 0.277483
14 0 4 0.983010
15 0 7 1.000000
16 0 10 0.834999
17 0 18 0.056434
18 0 11 0.388672
19 0 8 0.052675
2 0 5 0.399075
0 0 2 0.324626
0 1 7 0.350418
0 1 2 0.649582
2 0 6 0.264737
2 1 7 0.396735
2 1 16 0.603265
3 1 19 1.000000
3 0 3 0.201154
4 1 9 1.000000
4 0 17 0.542987
5 1 2 1.000000
5 0 5 0.381534
6 1 19 1.000000
6 0 7 0.773486
8 1 0 1.000000
8 0 2 0.215488
9 1 19 0.479788
9 1 2 0.520212
10 0 8 0.990853
11 0 17 0.303076
11 1 7 0.615126
11 1 18 0.384874
13 1 13 1.000000
13 0 14 0.722517
14 0 6 0.016990
15 1 3 0.535219
15 1 9 0.464781
16 0 1 0.165001
17 0 16 0.562250
17 1 16 1.000000
17 0 13 0.381317
18 0 3 0.377926
18 1 12 1.000000
18 0 4 0.233402
19 0 10 0.841148
19 1 12 1.000000
19 0 3 0.106177
20 1 1 1.000000
