63 21
0 0 4 0.147105
1 0 13 0.069077
2 0 9 0.369311
3 0 5 1.000000
4 0 5 0.164316
5 0 20 1.000000
6 0 17 1.000000
7 0 16 0.475754
8 0 14 1.000000
9 0 5 1.000000
10 0 17 0.378797
11 0 12 0.464302
12 0 16 0.370715
13 0 3 0.395207
14 0 16 0.082132
15 0 10 1.000000
16 0 13 0.203790
17 0 19 0.039785
18 0 17 0.785942
19 0 5 1.000000
20 0 3 1.000000
0 0 12 0.257103
0 1 2 1.000000
0 0 3 0.595791
1 0 17 0.930923
1 1 17 0.420858
1 1 19 0.579142
2 0 8 0.297014
2 1 15 1.000000
2 0 13 0.333675
4 0 6 0.659654
4 1 6 1.000000
4 0 4 0.176030
5 1 18 0.677896
5 1 17 0.322104
7 0 19 0.524246
7 1 14 0.492005
7 1 20 0.507995
9 1 14 0.421900
9 1 11 0.578100
10 0 5 0.621203
10 1 12 0.599567
10 1 0 0.400433
11 0 5 0.535698
12 0 1 0.629285
12 1 3 0.422178
12 1 4 0.577822
13 0 6 0.604793
13 1 4 0.395965
13 1 6 0.604035
14 0 2 0.917868
14 1 0 0.462452
14 1 16 0.537548
16 1 11 1.000000
16 0 1 0.796210
17 1 12 1.000000
17 0 14 0.960215
18 0 8 0.214058
18 1 0 0.624715
18 1 7 0.375285
19 1 5 0.166105
19 1 0 0.833895
20 1 16 1.000000
