64 19
0 0 2 0.391210
1 0 13 0.043844
2 0 11 0.770522
3 0 14 0.838598
4 0 8 0.338762
5 0 4 0.617889
6 0 10 0.338909
7 0 5 0.505319
8 0 15 1.000000
9 0 15 0.602685
10 0 4 0.814742
11 0 16 0.354976
12 0 1 1.000000
13 0 17 0.106346
14 0 8 0.296552
15 0 8 0.247584
16 0 11 1.000000
17 0 11 1.000000
18 0 4 1.000000
0 0 4 0.608790
0 1 0 0.195381
0 1 9 0.804619
1 0 2 0.287935
1 1 10 1.000000
1 0 14 0.668221
2 0 13 0.229478
2 1 9 0.592529
2 1 4 0.407471
3 0 12 0.161402
4 1 3 1.000000
4 0 18 0.661238
5 0 9 0.382111
5 1 11 0.478025
5 1 14 0.521975
6 0 6 0.001792
6 1 6 1.000000
6 0 3 0.659298
7 1 8 1.000000
7 0 17 0.494681
9 0 5 0.397315
9 1 1 0.639294
9 1 10 0.360706
10 0 17 0.185258
10 1 10 0.396377
10 1 12 0.603623
11 1 14 1.000000
11 0 17 0.645024
12 1 9 0.582550
12 1 16 0.417450
13 0 16 0.893654
13 1 5 0.798414
13 1 1 0.201586
14 0 9 0.703448
14 1 3 0.218297
14 1 4 0.781703
15 0 11 0.515347
15 1 3 1.000000
15 0 0 0.237070
16 1 13 0.506524
16 1 14 0.493476
17 1 16 0.325577
17 1 6 0.674423
18 1 13 0.432237
18 1 7 0.567763
