37 15
0 0 5 0.501945
1 0 11 1.000000
2 0 8 0.517381
3 0 2 1.000000
4 0 1 1.000000
5 0 10 1.000000
6 0 10 0.892821
14 1 12 0.977875
8 0 12 0.405804
9 0 5 0.108208
10 0 12 1.000000
11 0 7 0.574661
12 0 4 0.365070
14 1 9 0.022125
14 0 8 1.000000
0 0 13 0.498055
0 1 10 0.374135
0 1 4 0.625865
2 1 9 1.000000
2 0 6 0.482619
3 1 11 0.835886
3 1 12 0.164114
13 1 8 0.348165
13 1 7 0.651835
6 0 9 0.107179
6 1 2 0.694510
6 1 11 0.305490
13 0 1 1.000000
8 0 2 0.594196
8 1 11 0.388909
8 1 10 0.611091
9 1 8 1.000000
9 0 11 0.891792
11 1 9 1.000000
11 0 3 0.425339
12 1 3 1.000000
12 0 0 0.634930
