42 16
0 0 3 0.341965
1 0 11 0.540247
2 0 9 0.342984
3 0 15 0.535777
4 0 13 0.435299
5 0 1 1.000000
6 0 12 0.033503
7 0 13 1.000000
8 0 14 1.000000
9 0 15 0.566518
10 0 5 1.000000
11 0 10 0.076891
12 0 9 0.903494
13 0 15 1.000000
14 0 2 1.000000
15 0 12 1.000000
0 1 0 1.000000
0 0 5 0.658035
1 0 0 0.459753
1 1 1 0.367668
1 1 9 0.632332
2 1 13 1.000000
2 0 7 0.657016
3 0 2 0.464223
4 0 15 0.564701
5 1 14 0.728894
5 1 7 0.271106
6 0 5 0.412304
6 1 6 1.000000
6 0 13 0.554193
9 1 10 1.000000
9 0 14 0.433482
11 0 4 0.392832
11 1 0 1.000000
11 0 14 0.530276
12 0 6 0.096506
12 1 8 0.055902
12 1 2 0.944098
14 1 9 0.671644
14 1 3 0.328356
15 1 3 0.742186
15 1 5 0.257814
