47 18
0 0 17 0.319005
1 0 14 1.000000
2 0 9 1.000000
3 0 6 1.000000
4 0 5 0.498483
5 0 0 1.000000
6 0 7 0.181339
7 0 16 0.078539
8 0 4 0.479699
9 0 11 0.704376
10 0 12 1.000000
11 0 5 0.111697
12 0 4 0.213496
13 0 14 0.515335
14 0 0 0.284877
15 0 3 1.000000
16 0 4 0.352209
17 0 14 1.000000
0 0 2 0.277697
0 1 17 1.000000
0 0 8 0.403298
1 1 13 0.540063
1 1 6 0.459937
5 1 10 0.051229
5 1 11 0.948771
6 1 1 1.000000
6 0 8 0.649130
7 1 6 1.000000
7 0 0 0.921461
8 0 1 0.520301
9 0 14 0.295624
4 0 15 0.501517
6 0 3 0.169532
16 0 11 0.606358
16 1 12 1.000000
11 0 17 0.880457
11 1 14 1.000000
11 0 0 0.007846
12 0 16 0.786504
12 1 5 0.850941
12 1 17 0.149059
13 1 11 1.000000
13 0 6 0.484665
14 0 5 0.715123
15 1 0 0.313358
15 1 6 0.686642
16 0 7 0.041433
