37 11
0 0 2 0.429381
1 0 7 1.000000
2 0 1 0.711231
3 0 7 0.515815
4 0 0 0.517021
5 0 10 0.251902
6 0 4 0.808425
7 0 4 0.169108
8 0 4 0.845426
9 0 2 0.590014
10 0 6 0.534484
0 0 10 0.570619
0 1 7 0.618112
0 1 10 0.381888
2 1 10 1.000000
2 0 7 0.288769
3 0 6 0.484185
3 1 9 0.051075
3 1 2 0.948925
4 0 6 0.482979
4 1 0 0.785115
4 1 9 0.214885
5 0 4 0.748098
5 1 0 0.446252
5 1 5 0.553748
6 1 5 1.000000
6 0 9 0.191575
7 1 1 1.000000
7 0 1 0.830892
8 0 6 0.011548
8 1 4 1.000000
8 0 5 0.143026
9 0 4 0.409986
9 1 2 0.300988
9 1 8 0.699012
10 0 4 0.324495
10 0 3 0.141021
