76 27
0 0 24 0.810625
1 0 10 1.000000
2 0 5 1.000000
3 0 19 1.000000
4 0 1 0.007277
21 1 26 0.533576
6 0 20 1.000000
7 0 6 1.000000
8 0 16 0.710796
9 0 24 1.000000
10 0 21 0.477584
11 0 25 0.459642
12 0 11 0.421583
13 0 25 1.000000
14 0 18 1.000000
15 0 9 1.000000
16 0 3 0.287752
17 0 9 1.000000
18 0 11 0.293832
19 0 12 0.991887
20 0 2 0.690236
21 0 22 0.120806
22 0 12 0.424515
23 0 0 1.000000
24 0 21 1.000000
25 0 14 0.512392
26 0 8 0.125958
0 0 14 0.189375
0 1 11 0.224876
0 1 24 0.775124
21 0 15 0.297920
26 0 12 0.244724
2 1 12 0.503096
2 1 3 0.496904
3 1 14 0.780447
3 1 6 0.219554
4 1 8 1.000000
4 0 13 0.992723
5 0 24 1.000000
5 1 10 1.000000
26 1 11 1.000000
8 0 19 0.289203
8 1 19 0.248505
8 1 7 0.751495
10 0 25 0.167318
10 1 5 1.000000
10 0 19 0.355097
11 0 1 0.540358
12 0 17 0.578417
12 1 14 0.768146
12 1 10 0.231854
13 1 23 0.534525
13 1 1 0.465475
14 1 8 0.344449
14 1 22 0.655551
16 1 2 1.000000
16 0 1 0.712248
17 1 17 0.087620
17 1 25 0.912380
18 0 24 0.084323
18 1 2 1.000000
18 0 19 0.621845
19 0 1 0.008113
20 0 22 0.309764
20 1 22 0.644649
20 1 4 0.355351
21 0 23 0.217461
21 1 17 0.466424
21 0 10 0.363814
22 0 4 0.575485
24 1 23 0.509908
24 1 6 0.490092
25 0 6 0.099612
25 1 13 1.000000
25 0 1 0.387995
26 0 0 0.629317
