77 28
0 0 26 0.276918
1 0 25 1.000000
2 0 23 0.589934
3 0 25 0.101649
4 0 3 0.438664
5 0 2 0.902405
6 0 25 1.000000
7 0 16 0.635859
8 0 19 1.000000
9 0 22 0.481738
10 0 23 0.237465
11 0 8 0.843522
12 0 4 1.000000
13 0 20 1.000000
14 0 20 1.000000
15 0 5 0.474168
16 0 17 1.000000
17 0 7 0.225412
18 0 10 1.000000
19 0 21 0.181485
20 0 0 0.365571
21 0 7 0.569591
22 0 13 0.860366
23 0 8 0.747190
24 1 27 1.000000
25 0 23 0.138781
26 0 24 0.047707
27 0 8 1.000000
0 0 20 0.723082
0 1 13 0.595312
0 1 21 0.404688
1 1 13 0.521703
1 1 25 0.478297
2 0 3 0.410066
2 1 18 0.491951
2 1 26 0.508049
3 0 13 0.608636
3 1 11 1.000000
3 0 23 0.289715
4 0 9 0.513674
4 1 3 1.000000
4 0 0 0.047662
5 0 3 0.097595
5 1 10 0.445107
5 1 13 0.554893
6 1 2 0.622341
6 1 6 0.377659
7 0 12 0.364141
9 0 24 0.518263
10 0 22 0.343012
10 1 0 1.000000
10 0 15 0.419523
11 1 22 1.000000
11 0 20 0.156478
12 1 7 0.716268
12 1 22 0.283732
15 0 26 0.525832
16 1 14 0.126992
16 1 3 0.873008
17 0 4 0.774588
17 1 25 0.636888
17 1 26 0.363112
19 0 15 0.387499
19 1 21 1.000000
19 0 23 0.431017
20 0 7 0.634429
20 1 12 0.220218
20 1 13 0.397971
21 1 0 1.000000
21 0 17 0.430409
22 0 4 0.139634
23 1 4 1.000000
23 0 23 0.252810
20 1 6 0.381811
25 0 1 0.556821
26 0 7 0.952293
25 0 25 0.304398
