82 30
0 0 21 0.642224
1 0 27 1.000000
2 0 6 0.353429
3 0 28 0.172313
4 0 6 0.473035
5 0 4 0.402933
6 0 1 1.000000
7 0 20 0.260048
8 0 24 0.165011
9 0 29 0.112398
10 0 26 1.000000
11 0 16 1.000000
12 0 9 1.000000
13 0 1 0.781652
14 0 10 1.000000
15 0 23 0.634230
16 0 3 0.292333
17 0 16 1.000000
18 0 27 0.462066
19 0 4 0.406454
20 0 25 0.320372
21 0 12 0.603885
22 0 18 0.220331
23 0 20 0.559230
18 0 0 0.537934
25 0 24 0.722835
26 0 19 0.408130
27 0 21 1.000000
28 0 13 1.000000
29 0 11 0.337440
0 0 13 0.357776
2 1 11 1.000000
2 0 25 0.646571
3 0 20 0.827687
3 1 7 0.564457
3 1 19 0.435543
5 0 5 0.192792
5 1 23 1.000000
5 0 29 0.404274
6 1 14 0.504175
6 1 7 0.495825
7 1 16 1.000000
7 0 29 0.739952
8 1 17 0.084981
8 1 20 0.915019
9 0 16 0.383365
9 1 6 1.000000
9 0 15 0.504237
11 1 18 0.476575
11 1 23 0.523425
13 0 9 0.218348
13 1 12 0.565574
13 1 20 0.434426
14 1 14 0.467952
14 1 21 0.532048
15 0 20 0.365770
15 1 1 0.943752
15 1 24 0.056248
16 0 9 0.707667
16 1 18 0.539009
16 1 9 0.460991
18 1 12 0.778329
18 1 24 0.221671
19 0 26 0.593546
20 0 21 0.385909
20 1 12 1.000000
20 0 1 0.293719
21 0 16 0.396115
21 1 18 0.264040
21 1 28 0.735960
23 0 1 0.440770
24 0 29 1.000000
24 1 22 1.000000
8 0 17 0.834989
25 0 18 0.129990
25 1 28 1.000000
25 0 29 0.147174
26 1 3 1.000000
26 0 15 0.591870
22 0 2 0.779669
4 0 5 0.526965
29 0 8 0.662560
