62 23
0 0 19 0.912221
1 0 16 0.512782
2 0 1 0.936629
3 0 22 0.330628
4 0 9 0.515792
5 0 7 1.000000
6 0 12 0.419737
7 0 20 1.000000
8 0 13 0.401876
9 0 12 0.420767
10 0 13 1.000000
11 0 13 0.554777
12 0 5 1.000000
13 0 1 0.685089
14 0 15 0.749731
15 0 13 1.000000
16 0 0 1.000000
22 1 4 0.825810
18 0 14 1.000000
19 0 12 0.259369
20 0 2 1.000000
21 0 20 0.716296
22 0 7 1.000000
0 0 8 0.087779
1 0 15 0.487218
1 1 19 1.000000
22 1 19 0.174190
2 0 10 0.063371
3 0 6 0.455003
3 1 20 1.000000
3 0 9 0.214369
4 0 3 0.484208
6 1 7 1.000000
6 0 11 0.580263
7 1 0 0.256097
7 1 8 0.743903
8 0 5 0.415845
8 1 3 1.000000
8 0 9 0.182278
9 0 2 0.579233
11 0 17 0.445223
11 1 20 0.489880
11 1 3 0.510120
12 1 7 0.739635
12 1 14 0.260365
13 0 9 0.045318
13 1 18 1.000000
13 0 7 0.269593
14 0 10 0.250269
14 1 8 0.019740
14 1 3 0.980260
15 1 21 0.320791
15 1 19 0.679209
17 0 7 1.000000
17 1 12 1.000000
21 0 0 0.283704
18 1 22 0.025280
18 1 19 0.974720
19 1 0 1.000000
19 0 19 0.740631
20 1 18 0.479471
20 1 14 0.520529
