77 27
0 0 25 0.678277
1 0 11 1.000000
2 0 24 0.409304
3 0 15 1.000000
4 0 24 1.000000
5 0 9 0.321172
6 0 2 0.699026
7 0 4 1.000000
8 0 22 0.504599
9 0 21 0.446382
10 0 21 0.513635
11 0 4 1.000000
12 0 9 0.520370
13 0 15 0.335079
14 0 6 0.150271
15 0 17 1.000000
16 0 6 0.296264
17 0 4 0.168107
18 0 15 0.729286
19 0 3 1.000000
20 0 5 1.000000
21 0 25 0.728249
22 0 11 0.396807
23 0 7 0.695604
24 0 7 0.457414
25 0 10 0.731559
26 0 23 0.316067
0 0 8 0.321723
0 1 25 0.513366
0 1 26 0.486634
1 1 6 0.659664
1 1 24 0.340336
2 0 14 0.366870
2 1 3 1.000000
2 0 17 0.223825
5 1 17 1.000000
5 0 17 0.325184
6 0 21 0.300974
7 1 26 0.290101
7 1 15 0.709899
8 0 10 0.495401
9 0 10 0.553618
10 1 18 1.000000
10 0 8 0.486365
11 1 25 0.952639
11 1 6 0.047361
12 1 20 1.000000
12 0 6 0.479630
13 0 11 0.664921
14 0 13 0.321256
14 1 24 1.000000
14 0 22 0.528473
16 1 11 1.000000
16 0 2 0.703736
17 1 12 1.000000
17 0 25 0.831893
18 0 8 0.270714
18 1 0 0.595389
18 1 19 0.404611
19 1 26 0.378854
19 1 12 0.621146
20 1 25 0.819737
20 1 4 0.180263
21 1 10 1.000000
21 0 11 0.271751
22 0 15 0.452580
22 1 8 1.000000
22 0 14 0.150613
23 0 16 0.304396
24 0 13 0.023065
24 1 6 1.000000
24 0 19 0.519521
25 1 23 1.000000
25 0 25 0.268441
26 1 12 1.000000
26 0 9 0.683933
5 0 1 0.353644
