38 16
0 0 5 1.000000
1 0 10 0.332126
15 0 7 0.227449
3 0 1 0.399106
4 0 3 1.000000
15 1 5 1.000000
6 0 1 1.000000
7 0 8 1.000000
8 0 0 0.974794
9 0 4 0.442894
10 0 14 1.000000
11 0 3 0.379569
12 0 15 0.344662
13 0 12 0.493786
15 0 5 0.192853
15 0 2 0.579698
1 0 4 0.667874
2 1 0 1.000000
14 0 3 0.357561
3 1 13 1.000000
3 0 7 0.600894
5 0 12 1.000000
5 1 11 1.000000
14 1 4 1.000000
7 1 10 0.508649
7 1 2 0.491351
8 0 15 0.025206
8 1 7 0.319186
8 1 15 0.680814
9 0 0 0.345381
9 1 6 1.000000
9 0 13 0.211725
11 0 15 0.620431
12 1 2 1.000000
12 0 5 0.655338
13 1 5 1.000000
13 0 2 0.506214
14 0 9 0.642439
