93 30
0 0 5 0.137082
1 0 0 0.662439
2 0 20 0.490305
3 0 7 1.000000
4 0 12 0.684964
5 0 9 0.152987
6 0 25 0.390016
7 0 4 0.507739
8 0 6 0.492110
9 0 22 0.413702
10 0 12 0.663325
11 0 4 1.000000
12 0 0 0.454699
13 0 27 0.655495
14 0 22 0.502708
15 0 29 0.977453
16 0 18 0.672255
17 0 13 0.030724
18 0 27 0.160248
11 1 21 0.394903
20 0 11 1.000000
21 0 24 1.000000
22 0 1 0.409232
23 0 24 0.394274
24 0 8 1.000000
25 0 14 0.682184
26 0 9 0.683258
27 0 22 1.000000
28 0 6 0.779842
29 0 28 1.000000
0 0 16 0.862918
0 1 29 0.408779
0 1 12 0.591220
1 0 12 0.296853
1 1 2 1.000000
1 0 5 0.040708
2 0 14 0.487014
2 1 3 1.000000
2 0 23 0.022681
4 0 6 0.315036
4 1 2 0.387526
4 1 3 0.612474
5 0 13 0.494733
5 1 5 1.000000
5 0 17 0.352281
6 0 12 0.609984
6 1 22 0.147236
6 1 19 0.852764
7 0 15 0.395989
7 1 4 1.000000
7 0 24 0.096272
8 0 9 0.507890
9 0 4 0.586298
9 1 29 0.588460
9 1 3 0.411540
10 0 19 0.102394
10 1 14 1.000000
10 0 28 0.234281
11 1 2 0.514831
11 1 1 0.090266
12 0 24 0.545301
12 1 25 0.645349
12 1 0 0.354651
13 0 19 0.344505
13 1 28 0.190431
13 1 6 0.809569
14 1 23 1.000000
14 0 19 0.497292
15 0 11 0.022547
15 1 20 0.733201
15 1 7 0.266799
16 0 29 0.327745
17 0 15 0.969276
18 0 15 0.839752
18 1 26 0.618858
18 1 8 0.381142
19 0 19 1.000000
19 1 22 1.000000
29 1 19 0.629551
20 1 12 0.553146
20 1 20 0.446854
22 1 16 1.000000
22 0 25 0.590768
23 0 14 0.605726
24 1 17 0.271199
24 1 19 0.728801
25 1 29 1.000000
25 0 19 0.317816
26 0 18 0.316742
26 1 1 0.481717
26 1 15 0.518283
28 0 28 0.220158
29 1 11 0.370449
