51 22
0 0 8 0.601727
6 0 19 0.864161
2 0 8 1.000000
3 0 17 0.922283
4 0 11 0.680378
1 0 13 1.000000
6 0 2 0.127214
7 0 11 1.000000
8 0 20 0.343057
9 0 16 1.000000
10 0 15 1.000000
11 0 12 0.343374
12 0 20 1.000000
13 0 9 1.000000
14 0 15 0.550911
15 0 0 1.000000
16 0 17 1.000000
17 0 20 1.000000
18 0 12 0.077078
19 0 13 1.000000
20 0 9 1.000000
21 0 5 1.000000
0 1 3 1.000000
0 0 4 0.398273
20 1 14 0.691083
2 1 21 0.286837
2 1 6 0.713163
3 1 18 1.000000
3 0 10 0.077716
4 1 15 1.000000
4 0 1 0.319622
5 1 21 1.000000
20 1 12 0.308917
6 1 5 1.000000
6 0 21 0.008626
7 1 8 0.164362
7 1 2 0.835638
8 1 5 1.000000
8 0 17 0.656943
11 0 16 0.656626
18 0 15 0.922922
18 1 0 1.000000
17 1 1 0.284814
17 1 21 0.715186
13 1 10 0.107686
13 1 3 0.892314
14 0 16 0.449089
14 1 4 0.470238
14 1 7 0.529762
15 1 9 0.097494
15 1 2 0.902506
