56 24
0 0 8 0.326958
1 0 11 0.482363
2 0 8 1.000000
3 0 6 1.000000
4 0 23 0.518636
5 0 13 1.000000
6 0 3 0.396729
7 0 4 0.434187
8 0 10 1.000000
9 0 7 0.322640
23 1 6 0.499220
11 0 3 1.000000
12 0 4 1.000000
13 0 8 0.903296
14 0 12 0.645523
15 0 1 1.000000
16 0 7 0.197929
17 0 15 0.534067
18 0 19 1.000000
19 0 17 0.330219
20 0 3 1.000000
21 0 7 1.000000
22 0 7 0.008093
23 0 0 1.000000
0 0 16 0.673042
1 0 0 0.517637
2 1 13 0.762419
2 1 23 0.237581
4 0 11 0.481364
5 1 23 0.471421
5 1 15 0.528579
6 1 2 1.000000
6 0 18 0.603271
7 1 5 1.000000
7 0 6 0.565813
9 0 16 0.272858
9 1 11 1.000000
9 0 9 0.404502
10 0 14 1.000000
10 1 15 1.000000
23 1 7 0.500780
13 0 17 0.096704
14 0 1 0.354477
16 0 15 0.280115
16 1 20 1.000000
16 0 11 0.521955
17 0 1 0.465933
18 1 10 0.168342
18 1 20 0.831658
19 0 2 0.669781
20 1 22 0.472707
20 1 11 0.527293
21 1 22 0.080302
21 1 7 0.919698
22 1 9 1.000000
22 0 9 0.991907
