45 17
0 0 1 1.000000
1 0 13 0.082426
2 0 5 0.153093
3 0 0 0.410842
4 0 9 0.647039
5 0 0 0.349530
6 0 14 0.558172
7 0 9 0.522449
8 0 9 1.000000
9 0 13 0.387611
10 0 3 0.655657
11 0 1 1.000000
10 0 6 0.344343
13 0 5 0.532017
14 0 7 0.301875
15 0 1 1.000000
16 0 11 1.000000
1 0 16 0.917574
9 0 4 0.612390
14 1 16 0.500592
2 0 12 0.571140
2 1 9 1.000000
2 0 9 0.275767
3 0 15 0.589158
3 1 2 0.069517
3 1 14 0.930483
4 1 14 1.000000
4 0 8 0.352962
5 1 14 1.000000
5 0 8 0.650470
6 0 4 0.441828
6 1 1 0.865366
6 1 16 0.134634
7 0 1 0.477551
7 1 11 0.365673
7 1 5 0.634327
9 1 2 0.372928
9 1 3 0.627072
12 0 11 1.000000
12 1 11 1.000000
14 1 16 0.499408
13 0 10 0.467983
13 1 2 0.650491
13 1 3 0.349509
14 0 9 0.698125
