75 22
0 0 1 0.631136
1 0 5 0.573381
2 0 9 0.613444
3 0 16 1.000000
4 0 12 0.506226
5 0 6 1.000000
6 0 0 1.000000
7 0 21 0.342605
8 0 7 0.816874
9 0 2 0.835379
10 0 11 0.404948
11 0 19 1.000000
12 0 8 0.298370
13 0 3 1.000000
14 0 0 0.565363
15 0 2 0.640527
16 0 18 0.625556
17 0 12 0.217126
18 0 21 0.713712
19 0 9 0.868094
20 0 4 0.471055
21 0 10 0.862534
0 1 5 1.000000
0 0 6 0.368864
1 0 11 0.426619
1 1 16 0.191074
1 1 14 0.808926
2 0 3 0.386556
2 1 10 0.844100
2 1 15 0.155900
3 1 21 0.357028
3 1 18 0.642972
4 0 17 0.493774
5 1 13 0.329363
5 1 11 0.670637
6 1 7 0.216756
6 1 17 0.783244
7 0 13 0.403255
7 1 14 1.000000
7 0 4 0.254140
8 0 3 0.183126
8 1 1 0.223116
8 1 13 0.776884
9 0 5 0.164621
9 1 8 0.361390
9 1 13 0.638610
10 0 1 0.595052
11 1 7 0.982942
11 1 9 0.017058
12 0 10 0.577605
12 1 7 1.000000
12 0 12 0.124025
13 1 18 0.566885
13 1 21 0.433115
14 0 18 0.434637
14 1 2 0.360632
14 1 8 0.639368
15 1 2 1.000000
15 0 17 0.359473
16 0 20 0.374444
16 1 3 0.582015
16 1 8 0.417985
17 0 13 0.782874
17 1 9 0.687416
17 1 11 0.312584
18 1 10 1.000000
18 0 19 0.286288
19 0 12 0.131906
19 1 7 0.448962
19 1 1 0.551038
20 0 0 0.528945
20 1 1 0.572269
20 1 4 0.427731
21 1 15 1.000000
21 0 19 0.137466
