55 19
0 0 14 0.759184
1 0 3 0.124096
2 0 1 0.425842
3 0 1 0.031475
4 0 14 0.616860
5 0 10 1.000000
6 0 7 1.000000
7 0 13 0.193389
8 0 13 0.966939
9 0 18 0.848618
10 0 3 0.396246
11 0 1 0.236144
12 0 0 0.053585
13 0 5 0.215074
14 0 2 1.000000
15 0 11 0.498864
16 0 3 0.110657
17 0 0 0.350706
18 0 17 1.000000
0 1 7 1.000000
0 0 15 0.240816
1 1 17 1.000000
1 0 6 0.875904
2 1 2 1.000000
2 0 0 0.574158
3 0 8 0.968525
17 0 10 0.649294
16 0 0 0.889343
4 0 13 0.383140
4 1 9 0.870929
4 1 12 0.129071
5 1 14 0.484326
5 1 6 0.515674
7 0 14 0.806611
7 1 7 0.466469
7 1 12 0.533531
8 0 18 0.033061
8 1 3 0.406596
8 1 11 0.593404
9 0 12 0.151382
10 1 16 1.000000
10 0 18 0.603754
11 0 17 0.394021
11 1 7 1.000000
11 0 10 0.369835
12 0 10 0.946415
12 1 1 0.335766
12 1 2 0.664234
13 0 15 0.487107
13 1 6 1.000000
13 0 8 0.297819
15 0 4 0.501136
15 1 18 0.671952
15 1 0 0.328048
16 1 14 1.000000
