67 22
0 0 9 1.000000
1 0 19 0.674011
2 0 11 0.358793
3 0 16 1.000000
4 0 7 1.000000
5 0 12 0.035999
6 0 17 0.902389
7 0 6 0.256051
8 0 21 1.000000
9 0 16 0.465067
11 0 3 0.518902
11 0 0 0.481098
12 0 8 0.361419
13 0 16 0.613640
14 0 2 0.567086
15 0 7 0.592702
16 0 18 1.000000
17 0 18 0.180756
18 0 15 0.418606
19 0 2 0.954713
20 0 2 1.000000
21 0 13 1.000000
0 1 1 0.843507
0 1 8 0.156493
1 0 2 0.325989
2 0 1 0.233240
2 1 5 1.000000
2 0 10 0.407967
3 1 14 0.561987
3 1 13 0.438013
4 1 6 0.041018
4 1 10 0.958982
5 0 2 0.637878
5 1 20 1.000000
5 0 10 0.326123
6 0 21 0.097611
6 1 20 0.400066
6 1 16 0.599934
7 1 16 1.000000
7 0 14 0.743949
8 1 0 0.494438
8 1 12 0.505562
9 0 20 0.534933
9 1 15 0.112018
9 1 0 0.887982
21 1 19 0.679815
10 1 7 1.000000
10 0 6 1.000000
12 0 18 0.638581
12 1 18 0.514409
12 1 4 0.485591
13 0 13 0.386360
14 0 4 0.124544
14 1 12 1.000000
14 0 5 0.308370
15 1 5 1.000000
15 0 13 0.407298
17 0 16 0.263696
17 1 5 1.000000
17 0 5 0.555548
18 0 6 0.581394
18 1 14 0.533208
18 1 8 0.466792
19 0 12 0.045287
20 1 1 0.501836
20 1 20 0.498164
21 1 15 0.320185
