49 15
0 0 7 0.261434
1 0 14 1.000000
2 0 11 0.936029
3 0 0 0.293960
4 0 6 0.346337
5 0 8 0.524201
6 0 8 1.000000
7 0 5 0.489278
8 0 10 0.120881
9 0 14 1.000000
10 0 1 0.598871
11 0 10 0.146139
11 0 9 0.853861
13 0 7 0.857997
14 0 6 0.260408
0 0 0 0.294128
0 1 3 1.000000
0 0 14 0.444438
1 1 3 0.492120
1 1 12 0.507880
2 1 7 1.000000
2 0 4 0.063971
3 0 5 0.706040
3 1 6 0.437465
3 1 3 0.562535
4 0 13 0.653663
4 1 7 0.314540
4 1 6 0.685460
5 0 5 0.475799
6 1 2 0.539768
6 1 1 0.460232
7 0 2 0.510722
8 0 8 0.642051
8 1 1 1.000000
8 0 0 0.237069
9 1 9 0.779349
9 1 14 0.220651
10 1 14 1.000000
10 0 13 0.401129
11 1 1 0.454811
11 1 14 0.545189
12 0 4 1.000000
12 1 8 1.000000
14 0 5 0.338753
13 0 10 0.142003
13 1 4 0.675537
13 1 5 0.324463
14 0 11 0.400838
14 1 13 1.000000
