75 26
0 0 12 0.707850
1 0 23 0.253859
21 0 3 0.366694
3 0 7 1.000000
4 0 21 0.833779
5 0 15 0.291426
6 0 12 1.000000
7 0 8 0.245960
8 0 7 1.000000
9 0 12 0.883722
10 0 13 1.000000
11 0 19 1.000000
25 1 13 0.486356
25 1 24 0.513644
14 0 19 0.716867
15 0 23 0.307957
16 0 1 0.542660
24 1 5 0.626533
18 0 11 0.296438
19 0 24 0.521715
20 0 9 0.587877
21 0 8 0.446926
22 0 23 0.827247
23 0 12 0.918323
24 0 12 1.000000
25 0 14 1.000000
0 0 2 0.292150
1 0 13 0.130174
1 1 0 1.000000
1 0 0 0.615968
24 1 20 0.373467
2 1 13 0.625059
2 1 21 0.374941
4 0 7 0.166221
4 1 9 0.036105
4 1 15 0.963895
5 0 16 0.429567
5 1 25 1.000000
5 0 9 0.279008
6 1 17 0.660010
6 1 10 0.339990
7 0 14 0.754040
7 1 10 0.425777
7 1 12 0.574223
9 1 22 1.000000
9 0 0 0.116278
23 0 14 0.000391
10 1 6 1.000000
23 1 8 1.000000
11 1 20 0.345857
11 1 17 0.654143
23 0 20 0.081286
12 1 2 0.392082
12 1 6 0.607918
22 0 15 0.172753
13 1 6 0.526551
13 1 13 0.473449
14 0 21 0.283133
14 1 14 0.284522
14 1 16 0.715478
15 1 17 1.000000
15 0 4 0.692043
16 1 2 1.000000
16 0 21 0.457340
17 0 6 1.000000
17 1 24 1.000000
21 0 18 0.186380
18 0 17 0.703562
18 1 12 0.417709
18 1 14 0.582291
19 0 9 0.478285
19 1 25 0.480179
19 1 19 0.519821
20 0 13 0.412123
21 1 6 1.000000
