38 14
0 0 5 0.262140
1 0 3 0.438075
2 0 3 1.000000
3 0 0 0.993875
4 0 7 0.892258
5 0 13 0.360554
6 0 11 0.272003
7 0 6 0.637909
8 0 6 1.000000
9 0 3 0.296921
10 0 9 0.545698
11 0 5 1.000000
12 0 9 1.000000
13 0 0 1.000000
0 0 7 0.737860
0 1 11 0.998099
0 1 10 0.001901
1 1 11 1.000000
1 0 8 0.561925
5 0 4 0.432400
2 1 13 1.000000
3 0 2 0.006125
4 0 0 0.107742
4 1 10 0.125888
4 1 12 0.874112
5 1 13 1.000000
5 0 11 0.207047
6 0 0 0.727997
6 1 1 0.586512
6 1 11 0.413488
7 1 9 1.000000
7 0 10 0.362091
8 1 9 0.628906
8 1 12 0.371094
9 0 11 0.703079
10 0 5 0.454302
11 1 6 0.755969
11 1 9 0.244031
