45 18
17 0 6 0.426847
1 0 5 1.000000
2 0 1 0.849689
3 0 8 0.345610
4 0 16 0.192312
5 0 0 1.000000
6 0 3 0.694713
7 0 2 0.372016
8 0 17 1.000000
9 0 12 0.769163
10 0 1 1.000000
15 1 11 0.498135
12 0 5 0.381786
13 0 0 0.702352
14 0 4 0.443907
15 0 1 0.203827
16 0 14 1.000000
17 0 13 0.573153
15 1 9 0.501865
0 1 7 0.219798
0 1 15 0.780202
1 1 6 0.522709
1 1 0 0.477291
2 1 8 1.000000
2 0 10 0.150311
3 0 10 0.307346
3 1 5 1.000000
3 0 13 0.347044
4 1 15 1.000000
4 0 17 0.807688
5 1 13 0.063205
5 1 12 0.936795
6 0 15 0.305287
7 1 9 1.000000
7 0 12 0.627984
9 1 13 1.000000
9 0 9 0.230837
15 0 10 0.796173
11 1 7 1.000000
11 0 15 1.000000
12 1 11 1.000000
12 0 1 0.618214
13 0 2 0.297648
14 1 8 1.000000
14 0 10 0.556093
