89 29
0 0 16 1.000000
1 0 5 0.831872
2 0 19 0.817820
3 0 14 0.533442
4 0 20 1.000000
5 0 20 0.969662
6 0 3 0.815548
7 0 9 0.447295
8 0 20 0.756663
9 0 28 1.000000
10 0 7 0.544747
11 0 19 0.615363
12 0 2 0.523439
13 0 26 0.969784
14 0 2 0.367063
15 0 26 1.000000
16 0 18 0.606124
17 0 9 0.188333
18 0 17 0.372670
19 0 15 1.000000
20 0 3 0.522737
21 0 14 0.824398
22 0 21 1.000000
23 0 19 0.598432
24 0 4 0.167115
25 0 20 1.000000
26 0 24 0.498207
27 0 28 0.608245
28 0 18 0.693252
23 0 12 0.401568
0 1 15 1.000000
28 1 5 0.382936
1 0 23 0.168128
1 1 1 0.014365
1 1 7 0.985635
2 0 0 0.182180
3 0 20 0.084407
3 1 11 1.000000
3 0 25 0.382151
5 1 28 1.000000
5 0 8 0.030338
6 1 7 1.000000
6 0 24 0.184452
7 0 10 0.552705
7 1 2 0.569255
7 1 9 0.430745
8 1 2 1.000000
8 0 13 0.243337
9 1 24 0.784345
9 1 21 0.215655
10 0 22 0.455253
10 1 16 0.258379
10 1 13 0.741621
11 1 21 1.000000
11 0 21 0.384637
12 0 20 0.046645
12 1 9 1.000000
12 0 28 0.429916
13 0 19 0.030216
14 0 28 0.632937
14 1 17 0.872082
14 1 7 0.127918
15 1 15 0.682165
15 1 25 0.317835
16 0 24 0.393876
16 1 25 0.491553
16 1 2 0.508447
17 0 0 0.209877
17 1 5 1.000000
17 0 11 0.601790
18 1 17 1.000000
18 0 1 0.627330
19 1 8 0.615434
19 1 14 0.384566
20 1 16 1.000000
20 0 26 0.477263
21 0 0 0.121295
21 1 19 1.000000
21 0 26 0.054307
24 0 7 0.832885
25 1 28 0.198414
25 1 11 0.801586
26 0 28 0.501793
26 1 16 0.596903
26 1 20 0.403097
27 1 4 1.000000
27 0 21 0.391755
28 0 27 0.306748
28 1 14 0.617064
