37 16
0 0 5 0.171639
1 0 9 0.501223
2 0 4 1.000000
3 0 8 1.000000
4 0 12 0.730008
5 0 13 0.436015
6 0 4 1.000000
7 0 2 1.000000
8 0 4 0.264673
9 0 4 1.000000
10 0 8 0.136705
11 0 0 0.599727
12 0 4 1.000000
13 0 5 0.145599
14 0 1 0.398332
15 0 0 0.192614
0 0 10 0.828361
1 1 11 1.000000
1 0 10 0.498777
4 0 15 0.269992
5 0 7 0.006842
5 1 1 1.000000
5 0 5 0.557143
6 1 1 0.968621
6 1 9 0.031379
7 1 5 0.946055
7 1 7 0.053945
8 0 0 0.735327
8 1 9 0.728657
8 1 14 0.271343
10 0 5 0.863295
11 0 10 0.400273
13 0 14 0.120712
14 1 1 1.000000
14 0 12 0.601668
15 0 3 0.807386
13 0 6 0.733689
