41 15
0 0 10 1.000000
1 0 3 1.000000
2 0 5 0.198411
3 0 1 0.923777
4 0 8 1.000000
5 0 3 0.684390
6 0 14 1.000000
7 0 14 1.000000
8 0 9 0.675963
9 0 2 0.263410
10 0 9 0.466639
11 0 2 0.356515
12 0 8 0.596061
13 0 1 1.000000
12 0 0 0.403939
1 1 7 0.255991
1 1 6 0.521083
2 0 8 0.394316
2 1 8 1.000000
2 0 3 0.407274
3 0 4 0.076223
3 1 2 0.495304
3 1 6 0.504696
5 1 5 1.000000
5 0 6 0.315610
6 1 7 0.791859
6 1 14 0.208141
8 1 2 1.000000
8 0 1 0.324037
9 0 8 0.490506
9 1 9 1.000000
9 0 1 0.246084
11 1 6 1.000000
11 0 3 0.643485
13 1 10 0.454539
13 1 5 0.545461
1 1 13 0.222926
14 1 6 1.000000
14 0 6 0.503754
10 0 11 0.533361
14 0 12 0.496246
