44 15
0 0 4 0.990201
1 0 12 0.203616
2 0 9 0.538580
3 0 0 0.386352
4 0 8 1.000000
5 0 0 0.520151
6 0 0 0.623304
12 1 14 0.369796
8 0 2 0.847396
9 0 8 1.000000
12 0 5 0.099559
11 0 13 1.000000
12 0 10 0.900441
13 0 0 0.755838
6 1 1 0.501971
0 1 2 1.000000
0 0 12 0.009798
1 0 6 0.274644
1 1 2 1.000000
1 0 10 0.521741
2 0 6 0.461420
3 0 4 0.057807
3 1 3 1.000000
3 0 2 0.555841
5 0 2 0.479849
6 0 11 0.376696
6 1 7 0.346162
6 1 0 0.151867
14 0 6 0.561945
8 0 7 0.152604
8 1 13 0.840547
8 1 11 0.159453
9 1 10 0.544640
9 1 4 0.455360
10 1 10 1.000000
14 1 0 1.000000
11 1 12 0.574862
11 1 2 0.425138
12 1 12 0.230461
12 1 9 0.399743
13 0 3 0.244162
13 1 11 0.506374
13 1 10 0.493626
14 0 13 0.438055
