37 15
0 0 1 1.000000
1 0 7 1.000000
0 1 5 0.137176
3 0 2 0.087684
4 0 3 1.000000
14 0 9 0.371473
6 0 0 1.000000
7 0 4 0.427942
8 0 14 0.489727
9 0 2 1.000000
10 0 3 0.074816
11 0 12 0.987385
12 0 0 0.704331
13 0 3 0.599053
14 1 0 1.000000
0 1 3 0.732658
0 1 4 0.130166
2 0 0 1.000000
2 1 9 1.000000
14 0 2 0.628527
3 0 11 0.912316
3 1 4 0.236244
3 1 14 0.763756
13 0 10 0.400947
5 1 10 1.000000
5 0 12 1.000000
12 0 6 0.295669
11 1 1 0.328126
7 0 14 0.572058
8 1 3 1.000000
8 0 1 0.510273
9 1 12 0.350519
9 1 11 0.649481
10 1 12 1.000000
10 0 14 0.925184
11 0 8 0.012615
11 1 13 0.671874
