63 19
0 0 9 0.306892
1 0 9 0.250018
2 0 7 0.202255
3 0 15 0.045455
4 0 5 1.000000
5 0 13 1.000000
6 0 12 0.583266
7 0 1 0.203813
8 0 18 0.161479
9 0 11 0.458834
10 0 13 0.311078
11 0 18 0.384627
12 0 15 0.285207
13 0 11 0.168009
14 0 11 1.000000
15 0 18 0.221127
16 0 11 0.585922
17 0 4 0.492260
18 0 16 0.420116
0 0 10 0.392206
0 1 17 0.730570
0 0 1 0.300902
1 0 15 0.749982
1 1 2 0.408751
1 1 9 0.591249
2 0 14 0.797745
2 1 11 0.636056
2 1 7 0.363944
3 0 5 0.954545
4 1 14 0.283370
4 1 10 0.716630
5 1 17 0.107898
5 1 4 0.892102
6 0 13 0.415665
6 1 0 1.000000
6 0 10 0.001070
7 0 8 0.796187
8 1 17 1.000000
8 0 4 0.838521
9 1 4 1.000000
9 0 18 0.541166
10 0 4 0.446054
10 1 8 1.000000
10 0 10 0.242868
11 1 12 1.000000
11 0 6 0.615373
12 0 16 0.514761
12 1 14 1.000000
12 0 0 0.200032
13 0 15 0.477224
13 1 5 1.000000
13 0 5 0.354768
15 0 17 0.743592
15 1 18 1.000000
15 0 16 0.035280
16 1 8 1.000000
16 0 6 0.414078
17 0 12 0.507740
17 1 10 0.362380
17 1 18 0.637620
18 1 15 1.000000
18 0 15 0.579884
0 1 3 0.269430
