58 21
0 0 17 1.000000
1 0 4 0.784044
2 0 14 1.000000
3 0 4 0.324595
4 0 12 1.000000
5 0 13 0.284648
6 0 1 0.068500
7 0 1 0.752380
8 0 2 0.183215
9 0 19 1.000000
10 0 12 0.176494
11 0 3 0.659059
12 0 5 1.000000
13 0 16 1.000000
14 0 12 0.452258
15 0 20 0.609807
16 0 11 0.011171
17 0 0 0.832153
18 0 14 1.000000
19 0 5 1.000000
20 0 2 0.629181
0 1 20 0.664120
0 1 10 0.335880
1 1 14 1.000000
1 0 20 0.215956
3 0 0 0.675405
3 1 12 0.304722
3 1 2 0.695278
4 1 8 0.708479
4 1 19 0.291521
5 0 1 0.715352
6 0 9 0.931500
9 1 7 0.370007
20 0 6 0.370819
7 0 7 0.144645
7 1 4 1.000000
7 0 17 0.102975
8 0 19 0.445406
8 1 15 1.000000
8 0 5 0.371379
9 1 0 0.465149
9 1 12 0.164843
10 0 11 0.823506
11 1 15 1.000000
11 0 5 0.340941
12 1 12 0.416921
12 1 3 0.583079
14 1 5 1.000000
14 0 18 0.547742
15 0 8 0.390193
16 0 10 0.988829
16 1 6 0.641919
16 1 4 0.358081
17 0 6 0.167847
18 1 15 0.695618
18 1 5 0.304382
19 1 19 0.751996
19 1 0 0.248004
