60 22
0 0 2 0.074994
1 0 10 0.345699
2 0 16 0.787694
3 0 21 0.503636
4 0 18 0.425464
5 0 16 0.494844
6 0 13 0.092898
7 0 13 0.654550
8 0 2 0.312572
9 0 14 0.119294
10 0 2 1.000000
11 0 17 0.633012
12 0 18 0.464201
13 0 10 1.000000
14 0 6 0.394807
15 0 7 0.439637
16 0 21 1.000000
17 0 6 0.582935
18 0 7 1.000000
19 0 5 1.000000
20 0 12 1.000000
21 0 14 0.906858
0 0 20 0.925006
1 0 7 0.654301
2 1 17 1.000000
2 0 17 0.212306
3 0 17 0.496364
3 1 6 0.789232
3 1 8 0.210767
4 1 9 1.000000
4 0 14 0.574536
5 0 15 0.505156
6 0 1 0.907102
7 0 7 0.345450
7 1 15 0.663599
7 1 1 0.336401
8 0 19 0.301980
8 1 7 0.466742
8 0 13 0.385448
9 0 2 0.468699
9 1 7 1.000000
9 0 10 0.412007
11 1 12 1.000000
11 0 13 0.366988
12 1 18 0.967103
12 0 10 0.535799
14 1 4 1.000000
14 0 2 0.605193
15 1 1 0.152594
15 1 20 0.847405
17 1 7 1.000000
17 0 17 0.417065
18 1 7 0.867757
18 1 8 0.132243
19 1 5 0.378750
19 1 9 0.621250
21 0 8 0.093142
12 1 3 0.032897
15 0 11 0.560363
8 1 0 0.533258
