42 15
14 0 9 0.667998
1 0 2 0.689356
2 0 13 0.351063
3 0 9 0.880675
4 0 6 0.341526
5 0 14 0.522473
6 0 11 0.987143
7 0 4 0.701291
8 0 14 0.182673
9 0 10 1.000000
10 0 11 0.828613
11 0 4 0.264599
12 0 0 0.417881
13 0 2 1.000000
14 0 4 0.307012
14 1 9 1.000000
1 0 11 0.310644
2 0 14 0.648937
3 0 7 0.119325
4 0 0 0.152874
4 1 12 1.000000
4 0 9 0.505601
5 0 6 0.477527
5 1 9 0.334790
5 1 13 0.665210
6 0 1 0.012857
6 1 4 0.609935
6 1 8 0.390065
7 1 8 1.000000
7 0 1 0.298709
8 1 3 1.000000
8 0 7 0.817327
10 1 9 1.000000
10 0 5 0.171387
11 0 7 0.064363
11 1 3 1.000000
11 0 11 0.671038
12 1 5 1.000000
12 0 9 0.582120
13 1 13 0.385634
13 1 9 0.614366
14 0 2 0.024990
