56 18
0 0 5 0.294863
1 0 9 1.000000
2 0 12 0.101084
3 0 1 1.000000
4 0 6 0.556188
5 0 8 1.000000
6 0 12 1.000000
7 0 6 0.712990
8 0 17 1.000000
9 0 1 0.229665
10 0 17 0.525858
11 0 14 0.539293
12 0 9 0.241591
13 0 12 0.560429
14 0 16 0.652869
15 0 17 0.281956
16 0 7 1.000000
17 0 6 1.000000
0 0 10 0.705137
0 1 3 0.446691
0 1 11 0.553309
1 1 3 0.369484
1 1 11 0.630516
2 0 3 0.898916
2 1 11 0.441590
2 1 13 0.558410
3 1 3 0.508065
3 1 4 0.491935
4 1 13 1.000000
4 0 17 0.443812
5 1 14 0.264386
5 1 11 0.735614
6 1 1 0.746371
6 1 6 0.253629
7 0 11 0.287010
7 1 17 0.661950
7 1 12 0.338050
9 0 12 0.770334
9 1 9 0.343208
9 1 2 0.656792
10 0 12 0.474142
11 0 10 0.460707
11 1 16 0.491465
11 1 9 0.508535
12 0 8 0.251898
12 1 11 1.000000
12 0 10 0.506510
13 0 0 0.439571
13 1 12 0.519649
13 1 4 0.480351
14 1 16 1.000000
14 0 15 0.347131
15 1 0 1.000000
15 0 2 0.718044
16 1 11 0.890161
16 1 7 0.109839
