58 19
0 0 1 0.488031
1 0 4 1.000000
2 0 12 0.187535
7 0 16 0.928790
4 0 6 0.377919
5 0 14 0.725418
6 0 13 1.000000
7 0 14 0.047782
8 0 0 1.000000
9 0 10 0.153225
10 0 8 0.645151
11 0 5 0.669128
12 0 11 1.000000
13 0 1 0.814890
14 0 3 0.795398
15 0 1 0.482627
16 0 6 1.000000
17 0 11 0.261509
18 0 4 1.000000
0 1 8 1.000000
0 0 17 0.511969
2 0 4 0.442050
2 1 17 0.911841
2 1 12 0.088159
4 0 12 0.622081
3 1 6 1.000000
3 0 13 1.000000
5 0 11 0.274582
5 1 8 0.559876
5 1 0 0.440124
6 1 15 0.190981
6 1 1 0.809019
7 0 0 0.023428
7 1 14 0.604914
7 1 15 0.395086
8 1 3 0.171832
8 1 15 0.828168
9 0 13 0.644018
9 1 0 1.000000
9 0 0 0.202756
10 0 14 0.354849
10 1 0 0.407523
10 1 13 0.592477
11 0 0 0.330872
11 1 7 0.622339
11 1 6 0.377661
12 1 12 0.865985
12 1 18 0.134015
13 0 10 0.185110
15 1 17 1.000000
15 0 3 0.517373
16 1 10 0.178255
16 1 15 0.821745
17 0 1 0.738491
17 1 8 0.551843
17 1 18 0.448157
14 0 2 0.204602
2 0 9 0.370415
