62 24
0 0 22 0.821183
1 0 12 0.381855
2 0 6 0.199933
22 0 13 0.889759
21 0 8 0.278387
5 0 16 0.537996
12 0 6 0.694300
7 0 18 0.376462
8 0 21 0.691114
9 0 4 1.000000
10 0 9 0.518979
11 0 4 1.000000
12 0 19 0.305700
13 0 9 0.753209
14 0 23 0.233748
15 0 12 0.722254
16 0 15 0.417355
17 0 7 1.000000
18 0 4 1.000000
10 0 2 0.481021
20 0 22 1.000000
19 1 1 0.378114
22 0 14 0.110241
23 0 17 0.187054
0 0 15 0.178817
0 1 17 0.791906
0 1 15 0.208094
1 0 8 0.618145
1 1 16 0.174138
1 1 1 0.825862
2 0 12 0.441226
2 1 1 1.000000
2 0 21 0.358840
3 1 9 1.000000
23 1 23 0.053205
4 1 21 1.000000
23 1 16 0.946795
5 0 18 0.462004
23 0 3 0.812946
6 1 1 0.951790
6 1 2 0.048210
7 0 20 0.623538
8 0 16 0.308886
8 1 6 0.419799
8 1 11 0.580201
9 1 16 0.479471
9 1 10 0.520529
13 0 22 0.246791
13 1 0 0.108013
13 1 7 0.891988
14 0 22 0.146812
14 1 7 1.000000
14 0 18 0.619439
15 0 15 0.277746
16 1 11 1.000000
16 0 0 0.582645
19 1 15 0.621886
21 0 12 0.426114
20 1 16 0.546882
20 1 19 0.453118
21 0 5 0.295500
21 1 0 1.000000
