69 24
0 0 15 1.000000
1 0 23 0.302332
2 0 12 0.534014
3 0 20 1.000000
4 0 8 1.000000
5 0 9 0.054435
6 0 13 1.000000
7 0 21 0.094395
8 0 19 0.365408
9 0 4 0.095458
10 0 13 0.247321
11 0 21 1.000000
23 0 16 0.300317
13 0 0 1.000000
14 0 18 0.145540
15 0 2 0.111684
16 0 1 1.000000
17 0 22 0.510669
18 0 15 0.831543
19 0 23 1.000000
20 0 8 1.000000
10 1 6 0.551111
22 0 21 0.534155
23 0 2 0.341436
1 0 5 0.697668
1 1 7 0.612773
1 1 5 0.387227
2 1 12 1.000000
2 0 7 0.465986
4 1 3 0.405521
4 1 22 0.594479
5 0 19 0.945565
5 1 19 0.902494
5 1 20 0.097506
7 0 15 0.905605
7 1 22 0.730489
7 1 13 0.269511
8 0 18 0.634592
23 1 0 0.642059
23 1 5 0.357941
9 0 17 0.904542
9 1 12 0.689173
9 1 1 0.310827
10 0 8 0.463947
10 1 0 0.448889
10 0 15 0.288732
23 0 20 0.358247
11 1 14 1.000000
22 0 23 0.454199
12 0 1 1.000000
12 1 4 1.000000
22 1 12 1.000000
13 1 0 0.515902
13 1 20 0.484098
14 0 1 0.469449
14 1 18 1.000000
14 0 10 0.385011
15 0 8 0.451495
15 1 21 1.000000
15 0 7 0.436821
16 1 5 0.433097
16 1 0 0.566903
17 0 19 0.470964
17 1 22 1.000000
17 0 11 0.018367
18 0 20 0.168457
18 1 15 0.372887
18 1 8 0.627113
22 0 15 0.011646
