41 14
0 0 2 1.000000
1 0 5 0.903072
2 0 3 0.457648
3 0 5 1.000000
4 0 12 0.098742
5 0 2 0.484005
6 0 0 0.109398
7 0 12 0.454413
8 0 0 0.608480
9 0 10 0.548905
10 0 1 0.517457
11 0 10 0.768461
12 0 1 0.418912
13 0 8 1.000000
0 1 13 0.125901
0 1 3 0.874099
1 0 10 0.096928
1 1 3 0.708419
1 1 7 0.291581
2 0 6 0.542352
3 1 0 0.324249
3 1 8 0.675751
4 1 7 1.000000
4 0 11 0.901258
5 0 1 0.515995
6 1 11 1.000000
6 0 6 0.890602
7 0 13 0.455612
7 1 11 1.000000
7 0 1 0.089975
8 1 1 1.000000
8 0 5 0.391520
9 1 0 0.247691
9 1 2 0.752309
10 0 7 0.482543
10 1 13 0.687812
10 1 6 0.312188
11 0 7 0.231539
12 1 6 1.000000
12 0 9 0.581088
9 0 4 0.451095
