39 13
0 0 1 1.000000
1 0 7 0.472437
2 0 6 1.000000
3 0 12 0.436521
4 0 9 1.000000
5 0 3 1.000000
6 0 2 0.180143
7 0 6 1.000000
8 0 4 0.247399
9 0 7 0.927749
10 0 4 0.671171
12 1 0 0.528588
12 0 2 1.000000
1 0 9 0.451586
1 1 5 1.000000
1 0 11 0.075977
2 1 3 0.487142
2 1 2 0.512858
3 0 1 0.141527
3 1 8 1.000000
3 0 2 0.421952
4 1 6 0.654516
4 1 9 0.345484
6 0 3 0.324668
6 1 5 1.000000
6 0 11 0.495188
7 1 2 0.374465
7 1 11 0.625535
8 0 10 0.500533
8 1 4 1.000000
8 0 8 0.252068
9 0 2 0.072251
9 1 5 0.630385
9 1 2 0.369615
10 1 3 1.000000
10 0 6 0.328829
12 1 0 0.471412
11 1 4 0.590280
11 1 11 0.409720
