86 26
0 0 13 1.000000
1 0 5 0.231740
2 0 13 0.482591
3 0 25 0.691847
4 0 13 0.543821
5 0 11 0.084202
6 0 4 0.887192
7 0 16 0.306532
8 0 4 0.490828
9 0 4 0.427545
10 0 23 0.077948
11 0 24 0.730658
12 0 2 0.322676
13 0 10 0.132741
14 0 22 1.000000
15 0 1 0.340162
16 0 5 0.497002
17 0 20 0.664032
18 0 19 1.000000
19 0 14 0.482284
20 0 9 1.000000
21 0 25 0.391188
22 0 6 0.457462
23 0 14 0.947646
24 0 21 1.000000
25 0 3 0.724536
0 1 19 0.802012
0 1 12 0.197988
1 0 8 0.768260
2 0 1 0.495375
2 1 18 1.000000
2 0 19 0.022034
3 0 3 0.308153
4 1 7 1.000000
4 0 7 0.456179
5 0 16 0.507025
5 1 5 1.000000
5 0 7 0.408772
6 0 14 0.112808
6 1 1 0.687836
6 1 8 0.312164
7 1 18 1.000000
7 0 4 0.693468
8 0 5 0.509172
9 0 12 0.261385
9 1 1 1.000000
9 0 18 0.311070
10 0 9 0.922052
11 0 11 0.269342
11 1 14 0.888979
11 1 18 0.111021
12 0 5 0.264188
12 1 15 1.000000
12 0 3 0.413136
13 0 2 0.867259
13 1 16 0.597113
13 1 11 0.402887
14 1 14 0.489783
14 1 10 0.510217
15 0 8 0.294267
15 1 24 1.000000
15 0 17 0.365571
16 0 2 0.502998
16 1 5 0.721080
16 1 4 0.278920
17 0 4 0.175677
17 1 2 1.000000
17 0 9 0.160291
18 1 23 0.630504
18 1 0 0.369496
19 0 4 0.240708
19 1 9 1.000000
19 0 6 0.277009
20 1 18 0.355145
20 1 0 0.644855
21 0 1 0.608812
21 1 11 0.527924
21 1 19 0.472076
22 0 3 0.542538
22 1 9 0.690923
22 1 11 0.309077
23 1 11 1.000000
23 0 12 0.052354
24 1 20 0.611917
24 1 9 0.388083
25 0 1 0.275464
