78 27
0 0 22 1.000000
1 0 7 0.261393
2 0 7 1.000000
3 0 14 0.309464
4 0 25 1.000000
26 0 10 0.987152
6 0 2 0.563861
7 0 8 0.992116
8 0 2 1.000000
9 0 21 0.615941
10 0 1 1.000000
11 0 3 0.616759
12 0 3 1.000000
13 0 4 0.517718
14 0 20 1.000000
15 0 2 0.433438
16 0 1 0.446515
17 0 8 0.435478
18 0 25 0.752188
19 0 8 0.521518
20 0 2 0.990683
21 0 6 0.333178
22 0 25 0.233570
23 0 1 0.028264
24 0 11 0.408905
25 0 3 0.346315
26 0 12 0.012848
1 0 22 0.738607
3 1 17 1.000000
3 0 16 0.690536
4 1 19 0.523852
4 1 21 0.476148
25 0 6 0.118544
5 1 14 0.792452
5 1 17 0.207548
6 1 13 1.000000
6 0 24 0.436139
7 0 4 0.007884
7 1 12 0.208281
7 1 11 0.791719
8 1 13 0.270353
8 1 23 0.729647
9 0 26 0.384059
10 1 18 0.271367
10 1 11 0.728633
11 0 11 0.064797
11 1 22 1.000000
11 0 2 0.318444
12 1 5 0.272578
12 1 11 0.727422
13 0 13 0.482282
15 0 5 0.566562
16 1 16 1.000000
16 0 16 0.553485
17 0 0 0.248179
17 1 16 1.000000
17 0 6 0.316343
18 0 3 0.247812
18 1 2 0.526921
18 1 21 0.473079
19 0 16 0.478482
20 0 6 0.009317
20 1 6 0.669034
20 1 4 0.330966
21 0 15 0.553112
21 1 14 1.000000
21 0 9 0.113709
22 0 26 0.036493
22 1 21 1.000000
22 0 14 0.729938
23 0 2 0.836014
23 1 5 1.000000
23 0 23 0.135722
24 0 14 0.498412
24 1 8 1.000000
24 0 22 0.092683
25 0 5 0.535141
25 1 6 1.000000
