45 17
0 0 1 0.550639
1 0 12 0.302051
2 0 10 1.000000
3 0 7 0.691768
4 0 1 0.097776
5 0 10 0.708705
6 0 7 0.394542
7 0 10 0.294807
8 0 12 0.930577
9 0 6 0.516806
10 0 6 0.234208
11 0 10 0.236898
12 0 4 0.337719
13 0 6 0.233617
14 0 5 1.000000
1 0 16 0.147256
16 0 2 1.000000
0 0 6 0.449361
1 0 10 0.193777
1 1 11 0.621674
1 0 2 0.356916
3 0 2 0.308232
4 0 6 0.902224
5 0 12 0.174324
5 1 7 1.000000
5 0 4 0.116970
6 0 10 0.605458
7 0 3 0.705193
7 1 5 0.273039
7 1 10 0.726961
8 1 6 1.000000
8 0 14 0.069423
9 0 7 0.174071
9 1 13 1.000000
9 0 3 0.309123
10 0 14 0.765792
11 0 0 0.763102
12 0 15 0.662281
13 0 0 0.523896
13 1 12 1.000000
13 0 7 0.242487
1 1 9 0.378326
15 1 12 1.000000
15 0 5 0.185140
15 0 8 0.814860
