40 15
0 0 9 0.144483
1 0 2 1.000000
2 0 5 1.000000
3 0 6 0.477907
4 0 13 0.600762
5 0 9 1.000000
6 0 0 0.494217
7 0 8 0.581319
8 0 9 1.000000
9 0 1 1.000000
10 0 8 0.455399
11 0 3 1.000000
12 0 10 1.000000
13 0 4 0.406982
14 0 2 0.398906
0 0 12 0.855517
2 1 1 0.834552
2 1 11 0.165448
3 0 3 0.522093
4 0 7 0.399238
4 1 6 0.622777
4 1 14 0.377223
6 0 9 0.505783
6 1 5 0.131648
6 1 4 0.868352
7 0 7 0.418681
7 1 11 0.305920
7 1 14 0.694080
9 1 2 0.450797
9 1 7 0.549203
10 0 4 0.544601
10 1 9 0.903785
10 1 6 0.096215
12 1 5 0.295244
12 1 4 0.704756
13 1 3 1.000000
13 0 14 0.593018
14 0 0 0.601094
14 1 14 0.249748
14 1 0 0.750252
