48 18
0 0 6 0.446243
1 0 10 1.000000
2 0 7 1.000000
3 0 2 1.000000
4 0 15 1.000000
5 0 4 0.074926
6 0 9 0.748159
7 0 6 0.292955
8 0 14 0.455006
9 0 5 0.243234
10 0 12 0.390247
11 0 13 1.000000
12 0 9 0.323385
13 0 8 0.429908
14 0 8 0.601198
15 0 3 1.000000
16 0 11 1.000000
17 0 12 0.583932
0 0 4 0.553757
3 1 11 0.523007
3 1 16 0.476993
4 1 3 0.330310
4 1 0 0.669690
5 0 5 0.925074
6 0 10 0.251841
6 1 16 0.351962
6 1 1 0.648038
7 1 3 1.000000
7 0 4 0.707045
8 0 13 0.544994
8 1 4 0.509769
8 1 9 0.490231
9 1 11 1.000000
9 0 6 0.756766
10 0 3 0.609753
12 1 17 1.000000
12 0 8 0.676615
13 0 11 0.570092
14 0 3 0.087195
14 1 9 1.000000
14 0 6 0.311608
15 1 10 0.277299
15 1 17 0.722701
16 1 12 0.592232
16 1 10 0.407768
17 0 6 0.416068
17 1 3 0.576490
17 1 4 0.423510
