56 21
0 0 11 0.036269
1 0 4 1.000000
2 0 15 0.333604
3 0 12 0.370906
4 0 18 0.595399
5 0 16 1.000000
6 0 14 1.000000
7 0 15 0.411342
8 0 5 0.294703
9 0 18 0.198644
10 0 20 1.000000
11 0 15 0.513394
12 0 7 1.000000
13 0 20 1.000000
14 0 8 0.441889
15 0 18 0.182495
16 0 7 0.346499
17 0 5 1.000000
18 0 6 1.000000
19 0 11 0.359871
20 0 6 1.000000
0 0 3 0.963731
2 1 1 0.472705
2 0 17 0.666396
3 0 15 0.467312
3 1 14 1.000000
3 0 18 0.161782
4 0 20 0.404601
4 1 20 0.510453
4 1 4 0.489547
6 1 14 0.533471
6 1 20 0.466529
7 0 7 0.588658
7 1 2 0.529424
7 1 12 0.470576
8 0 6 0.705297
9 0 6 0.801356
11 0 16 0.486606
11 1 17 0.739191
11 1 7 0.260809
13 1 5 0.811747
13 1 10 0.188253
14 0 10 0.558111
14 1 7 0.521837
14 1 13 0.478163
15 0 9 0.403155
15 1 6 1.000000
15 0 0 0.414351
16 0 13 0.653501
2 1 19 0.527295
19 0 5 0.640129
17 1 14 0.796560
17 1 20 0.203440
18 1 6 0.322859
18 1 13 0.677141
19 1 12 1.000000
