43 15
0 0 10 0.864517
1 0 7 0.897722
2 0 6 1.000000
3 0 0 0.557585
4 0 13 0.997648
5 0 9 0.219386
9 1 8 0.223922
10 1 3 0.421608
8 0 5 0.088243
9 0 6 0.394863
10 0 11 0.082183
11 0 1 1.000000
12 0 14 1.000000
13 0 5 1.000000
14 0 7 0.412568
0 1 5 1.000000
0 0 11 0.135483
1 1 0 1.000000
1 0 6 0.102278
3 1 14 1.000000
3 0 5 0.442415
4 1 12 1.000000
4 0 11 0.002352
5 1 7 1.000000
5 0 4 0.780614
14 1 7 0.748162
6 1 2 1.000000
6 0 13 1.000000
7 1 9 1.000000
14 1 2 0.251838
8 1 13 1.000000
8 0 14 0.911757
9 0 14 0.605137
9 1 0 0.292592
9 1 2 0.483486
10 0 1 0.917817
10 1 7 0.359046
10 1 5 0.219346
11 1 14 0.418821
11 1 6 0.581179
13 1 9 0.399983
13 1 11 0.600017
14 0 11 0.587432
