82 27
0 0 19 0.468690
1 0 6 0.562598
2 0 13 0.535970
3 0 16 0.458807
4 0 24 0.592659
5 0 1 0.635781
6 0 10 0.248963
7 0 26 0.667680
8 0 2 0.880714
9 0 24 0.000161
10 0 22 0.271616
11 0 6 1.000000
12 0 2 0.346530
13 0 11 0.985635
14 0 4 0.463752
15 0 8 0.245034
16 0 9 1.000000
17 0 9 0.857298
18 0 9 0.382150
12 1 23 0.375686
20 0 17 0.240842
21 0 5 0.464164
22 0 5 0.503615
23 0 4 1.000000
24 0 14 1.000000
25 0 0 0.110202
26 0 9 0.201391
0 0 4 0.531310
1 0 1 0.437402
1 1 3 0.196616
1 1 20 0.803384
2 0 7 0.464030
2 1 4 0.281835
2 1 20 0.718165
3 0 9 0.541193
4 0 16 0.407341
4 1 26 0.627370
4 1 7 0.372630
5 0 6 0.364219
5 1 22 0.619744
5 1 21 0.380256
6 0 20 0.751037
6 1 5 0.481204
6 1 24 0.518796
7 0 12 0.123727
7 1 22 1.000000
7 0 19 0.208593
8 0 19 0.119286
9 1 25 1.000000
9 0 10 0.999839
10 0 20 0.597816
10 1 11 1.000000
10 0 13 0.130568
11 1 20 0.468674
11 1 13 0.531326
12 0 17 0.653470
12 1 25 0.103418
12 1 11 0.520897
13 0 16 0.014365
13 1 24 0.482871
13 1 1 0.517129
14 1 7 1.000000
14 0 16 0.536248
15 0 24 0.754966
26 0 18 0.798609
25 0 20 0.449335
17 0 21 0.142702
18 1 2 1.000000
18 0 11 0.617850
25 1 9 1.000000
19 1 10 1.000000
19 0 13 1.000000
20 0 1 0.529727
20 1 8 1.000000
20 0 14 0.229431
21 0 2 0.535836
21 1 16 0.370437
21 1 6 0.629563
22 0 15 0.496385
23 1 19 0.725898
23 1 0 0.274102
25 0 18 0.440463
