83 27
0 0 9 0.262554
1 0 23 1.000000
2 0 18 0.503326
3 0 9 1.000000
4 0 20 0.704054
5 0 18 0.907593
6 0 26 0.464465
7 0 18 0.590211
8 0 18 0.196069
9 0 16 0.155172
10 0 11 0.162833
11 0 6 0.637646
12 0 3 1.000000
13 0 23 1.000000
14 0 19 0.537026
15 0 13 1.000000
16 0 9 0.158716
17 0 20 0.151388
18 0 19 1.000000
19 0 24 0.273538
20 0 0 0.595444
21 0 11 0.332661
22 0 17 0.313534
23 0 12 1.000000
24 0 22 0.975912
25 0 16 1.000000
26 0 14 0.918008
0 0 5 0.737446
0 1 10 0.696087
0 1 15 0.303913
2 0 20 0.080068
2 1 20 1.000000
2 0 14 0.416606
3 1 25 0.833138
3 1 5 0.166862
4 0 12 0.295946
4 1 2 0.054648
4 1 26 0.945352
5 0 21 0.092407
5 1 7 0.559884
5 1 13 0.440116
6 0 23 0.182926
6 1 19 1.000000
6 0 21 0.352609
7 0 1 0.409789
8 0 4 0.413411
8 1 20 1.000000
8 0 25 0.390520
9 0 6 0.277158
9 1 25 1.000000
9 0 19 0.567670
10 0 17 0.837167
10 1 4 0.531383
10 1 8 0.468617
11 1 0 1.000000
11 0 16 0.362354
12 1 19 0.985039
12 1 14 0.014961
14 0 0 0.185879
14 1 2 1.000000
14 0 16 0.277095
15 1 5 0.664169
15 1 18 0.335831
16 0 19 0.517834
16 1 19 1.000000
16 0 8 0.323450
17 0 0 0.848612
19 0 2 0.335210
19 1 1 1.000000
19 0 21 0.391252
20 1 9 1.000000
20 0 15 0.404556
21 1 26 1.000000
21 0 20 0.667339
22 0 3 0.370686
22 1 5 1.000000
22 0 14 0.315780
23 1 24 0.609646
23 1 5 0.390354
24 1 0 1.000000
24 0 4 0.024088
26 1 17 1.000000
26 0 25 0.081992
