61 19
0 0 16 0.043235
1 0 17 0.211976
2 0 6 0.234613
3 0 4 0.318986
4 0 10 0.357489
5 0 1 1.000000
6 0 15 0.963617
7 0 4 1.000000
8 0 6 0.002851
9 0 4 0.785467
12 0 7 0.216926
11 0 10 1.000000
12 0 3 0.504447
13 0 0 0.671637
14 0 11 0.021679
18 0 8 0.055913
16 0 18 1.000000
17 0 1 0.326709
18 0 11 0.148294
0 0 9 0.519459
0 1 15 1.000000
0 0 2 0.437306
1 0 6 0.394861
1 1 14 1.000000
1 0 15 0.393162
2 0 9 0.473871
2 1 13 1.000000
2 0 13 0.291515
3 0 11 0.364565
3 1 13 1.000000
3 0 13 0.316448
4 0 14 0.642511
4 1 6 0.574960
4 1 16 0.425040
5 1 14 0.451979
5 1 3 0.548021
6 0 10 0.036383
6 1 18 0.492504
6 1 16 0.507496
7 1 9 0.738225
7 1 2 0.261775
8 1 10 1.000000
8 0 5 0.997149
9 1 4 1.000000
9 0 15 0.214533
18 1 16 1.000000
10 1 3 1.000000
10 0 3 1.000000
12 0 2 0.278627
12 1 2 0.487538
12 1 8 0.512462
13 0 14 0.328363
13 1 1 0.428475
13 1 8 0.571525
14 0 15 0.466242
14 1 6 1.000000
14 0 5 0.512078
18 0 16 0.795793
17 0 10 0.391339
17 1 3 1.000000
17 0 12 0.281952
