58 22
0 0 16 1.000000
1 0 12 0.548357
2 0 11 1.000000
3 0 2 1.000000
4 0 16 0.315864
5 0 6 1.000000
6 0 13 0.905276
7 0 6 0.618616
8 0 9 0.658975
9 0 19 1.000000
10 0 9 1.000000
11 0 1 1.000000
12 0 19 0.389363
13 0 14 0.877292
14 0 4 0.006469
15 0 4 0.276067
16 0 8 0.899141
17 0 7 1.000000
18 0 2 1.000000
19 0 6 1.000000
11 1 5 0.259045
21 0 2 1.000000
1 0 11 0.451643
3 1 13 0.010586
3 1 0 0.989414
4 1 17 1.000000
4 0 18 0.684136
5 1 15 0.562591
5 1 17 0.437409
6 0 0 0.094724
6 1 16 0.294004
6 1 21 0.705996
7 0 2 0.381384
7 1 20 0.976767
7 1 13 0.023233
8 1 13 1.000000
8 0 18 0.341025
11 1 2 0.125790
11 1 13 0.615166
12 0 3 0.610637
12 1 16 0.673254
12 1 15 0.326746
13 0 6 0.122708
13 1 20 0.529609
13 1 10 0.470391
14 0 16 0.993531
14 1 4 0.369200
14 1 17 0.630800
15 0 10 0.723933
16 1 19 1.000000
16 0 6 0.100859
17 1 14 0.530797
17 1 1 0.469203
18 1 18 0.323521
18 1 20 0.676479
20 0 20 1.000000
20 1 1 1.000000
21 1 10 1.000000
