72 26
0 0 10 0.285134
1 0 11 1.000000
2 0 7 0.516743
3 0 10 0.152048
4 0 1 1.000000
5 0 17 1.000000
6 0 9 0.475480
7 0 12 0.602477
8 0 19 1.000000
9 0 14 0.149524
10 0 14 0.521799
11 0 20 0.996089
12 0 2 0.889716
13 0 10 0.535143
14 0 25 0.532629
15 0 3 0.522917
16 0 21 0.101326
25 0 7 0.889122
18 0 1 0.372155
25 1 2 1.000000
20 0 6 0.476017
21 0 19 1.000000
22 0 25 0.571579
23 0 3 0.272254
24 0 8 0.537562
25 0 20 0.110878
0 0 15 0.597559
0 1 16 1.000000
0 0 4 0.117307
1 1 22 0.811056
1 1 3 0.188944
2 0 13 0.483257
3 1 24 1.000000
3 0 22 0.847952
6 0 3 0.323453
6 1 14 1.000000
6 0 1 0.201066
7 0 8 0.397523
7 1 4 0.885128
7 1 21 0.114872
9 0 0 0.482700
9 1 9 1.000000
9 0 15 0.367776
10 0 17 0.478201
11 0 9 0.003912
11 1 20 0.660053
11 1 18 0.339947
12 0 12 0.110284
12 1 1 0.570734
12 1 20 0.429266
13 0 1 0.464857
13 1 0 0.622174
13 1 15 0.377826
14 0 11 0.467371
15 1 24 1.000000
15 0 1 0.477083
16 0 10 0.091262
16 1 5 1.000000
16 0 8 0.807412
24 0 12 0.462438
17 1 0 1.000000
17 0 0 1.000000
18 0 19 0.627845
23 0 13 0.288257
19 1 6 0.549295
19 1 23 0.450705
20 1 17 1.000000
20 0 21 0.523983
22 1 3 1.000000
22 0 11 0.428421
23 0 16 0.439489
23 1 17 1.000000
