52 19
0 0 9 0.084325
1 0 5 0.405545
2 0 3 0.157022
0 0 8 0.215659
4 0 1 0.501739
18 1 5 0.414581
6 0 12 1.000000
7 0 9 0.930420
8 0 2 0.303914
9 0 12 1.000000
10 0 15 0.344948
11 0 17 1.000000
12 0 9 0.549047
13 0 4 0.211440
14 0 10 1.000000
15 0 14 1.000000
16 0 11 0.251260
17 0 1 0.469410
18 0 0 0.695266
0 0 14 0.524510
0 1 1 1.000000
0 0 2 0.175506
1 0 10 0.594455
2 0 1 0.727569
2 1 12 1.000000
2 0 2 0.115409
3 1 0 1.000000
18 1 1 0.585419
4 0 15 0.498261
5 1 6 1.000000
18 0 14 0.304734
7 0 13 0.069580
17 0 3 0.530590
17 1 17 1.000000
8 1 4 1.000000
8 0 14 0.696086
9 1 4 0.513566
9 1 16 0.486434
10 0 6 0.655052
10 1 15 0.609093
10 1 3 0.390907
12 0 17 0.450953
12 1 9 0.179786
12 1 0 0.820214
13 0 15 0.289822
13 1 2 1.000000
13 0 12 0.498737
14 1 1 0.577303
14 1 7 0.422697
16 0 18 0.663848
16 1 11 1.000000
16 0 17 0.084893
