52 17
0 0 1 0.496013
1 0 13 0.676597
2 0 11 0.096876
3 0 10 1.000000
4 0 14 0.337408
5 0 12 1.000000
6 0 5 1.000000
7 0 16 0.451196
8 0 11 0.501871
9 0 1 0.607350
13 1 8 0.022144
11 0 0 0.274278
12 0 15 1.000000
13 0 10 0.320636
14 0 10 1.000000
15 0 9 1.000000
16 0 7 0.143537
0 0 13 0.485038
0 1 16 0.682833
0 0 9 0.018948
1 0 10 0.323403
2 0 0 0.367390
2 1 6 1.000000
2 0 1 0.535735
3 1 13 0.706841
3 1 1 0.293159
4 0 5 0.662592
4 1 16 0.380141
4 1 5 0.619859
7 0 9 0.548804
7 1 4 0.479686
7 1 13 0.520314
8 0 1 0.498129
8 1 10 0.510850
8 1 3 0.489150
10 0 14 1.000000
10 1 16 1.000000
9 0 6 0.392650
11 0 15 0.256806
11 1 16 1.000000
11 0 5 0.468915
12 1 11 0.033774
12 1 1 0.966226
13 1 13 0.977856
13 0 5 0.679364
14 1 7 0.514824
14 1 14 0.485176
16 0 10 0.368469
16 1 1 0.748662
16 0 1 0.487995
0 1 2 0.317167
16 1 3 0.251338
