60 20
0 0 2 0.330942
1 0 7 1.000000
2 0 12 0.350269
3 0 9 0.876792
4 0 11 1.000000
5 0 3 1.000000
6 0 17 0.539742
7 0 17 0.252510
8 0 5 1.000000
9 0 17 0.588459
10 0 17 0.583324
11 0 10 0.746204
12 0 18 0.185841
13 0 7 1.000000
14 0 16 1.000000
15 0 4 0.668606
16 0 12 0.570474
17 0 14 1.000000
18 0 0 0.848033
19 0 6 0.530921
0 0 10 0.669058
1 1 10 0.270423
1 1 19 0.729577
2 0 10 0.193054
2 1 12 1.000000
2 0 11 0.456677
3 0 3 0.123208
3 1 8 0.004308
3 1 13 0.995692
5 1 1 0.016771
5 1 5 0.983229
6 0 14 0.151647
6 1 0 1.000000
6 0 1 0.308610
7 0 19 0.747490
7 1 1 0.587048
7 1 17 0.412952
8 1 4 0.473394
8 1 19 0.526606
9 0 11 0.411541
9 1 0 0.338886
9 1 6 0.128821
10 1 9 1.000000
10 0 19 0.416676
11 1 10 1.000000
11 0 14 0.253796
12 0 17 0.418293
12 1 10 1.000000
12 0 19 0.395866
13 1 14 0.550027
13 1 8 0.449973
15 0 11 0.331394
16 0 10 0.429526
16 1 10 0.323897
16 1 8 0.676103
17 1 8 0.868510
17 1 10 0.131490
18 0 5 0.151967
9 1 15 0.532292
19 0 9 0.469079
