54 20
0 0 1 1.000000
1 0 4 0.065935
2 0 5 1.000000
3 0 16 0.344839
8 0 17 0.351372
5 0 8 1.000000
6 0 2 1.000000
7 0 3 1.000000
8 0 0 0.328000
9 0 4 1.000000
10 0 19 1.000000
11 0 3 0.190330
12 0 16 1.000000
13 0 16 0.485324
14 0 13 0.713806
15 0 6 0.502981
16 0 11 0.282456
17 0 14 1.000000
18 0 4 0.094640
19 0 1 1.000000
0 1 18 0.086675
0 1 9 0.913325
1 0 7 0.262067
1 1 13 1.000000
1 0 8 0.671999
3 1 11 1.000000
3 0 6 0.655161
4 1 4 1.000000
8 0 14 0.320628
5 1 9 0.234341
5 1 13 0.765659
7 1 1 0.199479
7 1 10 0.800521
9 1 7 0.679207
9 1 15 0.320793
11 0 15 0.175218
11 1 3 1.000000
11 0 5 0.634452
13 0 8 0.333947
13 1 2 1.000000
13 0 5 0.159795
14 1 4 1.000000
14 0 6 0.286194
15 1 4 1.000000
15 0 10 0.497019
16 0 2 0.717544
17 1 10 0.216333
17 1 2 0.783667
18 0 19 0.503719
18 1 3 1.000000
18 0 11 0.401641
19 1 1 0.566886
19 1 16 0.433114
13 0 12 0.020934
