78 29
0 0 10 0.439008
1 0 19 1.000000
2 0 27 1.000000
3 0 24 0.425979
4 0 13 0.226109
5 0 8 0.278895
6 0 8 0.391685
7 0 20 0.427798
8 0 1 0.223587
9 0 22 1.000000
10 0 11 1.000000
11 0 4 1.000000
28 0 1 0.019131
13 0 6 0.642572
28 1 19 1.000000
15 0 6 0.498916
16 0 23 0.271096
17 0 8 1.000000
18 0 7 1.000000
28 0 17 0.543816
20 0 22 1.000000
21 0 10 0.895179
22 0 8 1.000000
23 0 22 0.414247
24 0 8 1.000000
25 0 16 1.000000
26 0 19 0.929592
27 0 11 0.224031
28 0 27 0.437053
0 1 2 1.000000
0 0 24 0.560992
1 1 24 0.585888
1 1 0 0.414112
3 1 13 1.000000
3 0 6 0.574021
4 0 6 0.362091
4 1 13 1.000000
4 0 19 0.411800
5 0 5 0.431949
5 1 14 1.000000
5 0 12 0.289156
6 0 18 0.219287
6 1 17 1.000000
6 0 7 0.389028
7 0 27 0.572202
8 0 2 0.521507
8 1 18 1.000000
8 0 0 0.254906
10 1 19 0.672141
10 1 1 0.327859
11 1 8 0.583708
11 1 21 0.416292
12 1 26 1.000000
27 0 13 0.775969
13 1 5 1.000000
13 0 15 0.357428
14 0 2 1.000000
14 1 1 1.000000
27 1 25 1.000000
15 0 23 0.501084
15 1 15 0.300804
15 1 28 0.699196
16 0 11 0.552870
16 1 10 1.000000
16 0 14 0.176035
17 1 25 0.410527
17 1 3 0.589473
19 0 9 1.000000
19 1 11 1.000000
26 1 10 0.503063
20 1 7 0.288809
20 1 19 0.711191
21 0 20 0.104821
26 1 8 0.496937
26 0 3 0.070408
23 0 2 0.467203
23 1 9 1.000000
23 0 4 0.118550
