65 22
0 0 15 0.105274
1 0 10 1.000000
2 0 19 1.000000
3 0 5 1.000000
4 0 12 0.409550
5 0 8 0.375068
6 0 12 1.000000
7 0 9 0.674910
8 0 9 0.200085
9 0 17 0.876267
10 0 16 0.527549
11 0 16 0.509211
12 0 10 1.000000
13 0 7 0.236739
14 0 5 0.005515
15 0 0 0.370490
16 0 0 1.000000
17 0 16 1.000000
18 0 3 0.350105
19 0 10 0.269301
20 0 16 0.795010
21 0 18 0.024108
0 1 3 1.000000
0 0 3 0.894726
1 1 2 0.376697
1 1 0 0.623303
2 1 5 0.328660
2 1 3 0.671340
4 0 13 0.590450
4 1 7 0.583998
4 1 12 0.416002
5 0 17 0.024877
5 1 0 1.000000
5 0 14 0.600055
6 1 2 0.439286
6 1 8 0.560714
7 0 1 0.325090
8 0 7 0.776332
8 1 15 1.000000
8 0 13 0.023583
9 0 3 0.123733
9 1 4 0.532746
9 1 14 0.467254
10 1 21 1.000000
10 0 13 0.472451
11 1 6 1.000000
11 0 4 0.490789
13 0 11 0.763261
13 1 18 0.428498
13 1 20 0.571502
14 0 2 0.747339
14 1 4 1.000000
14 0 13 0.247146
15 0 21 0.373933
15 1 3 1.000000
15 0 20 0.255577
18 1 0 1.000000
18 0 20 0.649895
19 0 9 0.361501
19 1 21 1.000000
19 0 20 0.369198
20 1 2 1.000000
20 0 5 0.204990
21 1 4 1.000000
21 0 6 0.975892
