39 14
0 0 10 1.000000
1 0 8 0.604073
2 0 6 0.489782
3 0 2 0.373576
4 0 9 0.976089
5 0 8 0.374962
6 0 12 0.504230
13 0 3 0.260555
8 0 5 0.881015
9 0 8 1.000000
10 0 6 0.761330
11 0 7 1.000000
12 0 6 1.000000
13 0 10 0.739445
0 1 7 0.344090
0 1 13 0.655910
1 0 4 0.395927
2 0 4 0.510218
3 0 7 0.626424
12 1 6 0.610992
12 1 2 0.389008
4 1 5 1.000000
4 0 13 0.023911
5 0 13 0.625038
5 1 7 0.914057
5 1 6 0.085943
6 1 13 1.000000
6 0 1 0.495769
11 1 11 0.435895
7 1 1 0.907749
7 1 5 0.092251
8 1 6 1.000000
8 0 12 0.118985
9 1 9 0.630537
9 1 11 0.369463
10 0 4 0.238670
10 1 6 0.421607
10 1 10 0.578393
11 1 4 0.564105
