41 16
0 0 15 0.158588
1 0 14 0.361052
2 0 9 0.428640
3 0 7 0.551921
4 0 2 0.430277
4 0 13 0.322530
6 0 15 0.496285
7 0 15 1.000000
8 0 10 0.770473
9 0 14 0.646793
10 1 12 0.828760
11 0 4 0.889059
15 0 10 0.375965
13 0 4 0.349182
14 0 11 0.238481
15 0 11 0.624035
0 0 0 0.841412
0 1 0 0.660676
0 1 7 0.339324
2 0 4 0.571360
3 0 8 0.301389
9 0 6 0.353207
3 0 11 0.146690
4 1 9 1.000000
4 0 15 0.068597
4 0 5 0.178596
5 1 9 0.595563
5 1 8 0.404437
6 0 4 0.503715
8 0 6 0.229528
10 0 11 1.000000
10 1 0 0.171240
1 0 3 0.638948
11 0 11 0.110941
11 1 0 0.753865
11 1 11 0.246135
12 0 10 1.000000
12 1 4 1.000000
14 0 1 0.761519
13 1 8 1.000000
13 0 12 0.650818
