42 18
0 0 13 1.000000
11 0 16 0.065547
2 0 15 0.046179
3 0 7 0.208722
4 0 3 1.000000
5 0 7 1.000000
6 0 13 0.609466
7 0 5 0.609979
8 0 15 0.484794
6 0 9 0.390534
10 0 5 0.552815
11 0 10 0.934453
12 0 6 1.000000
13 0 14 1.000000
14 0 1 1.000000
15 0 2 0.137008
16 0 13 0.684208
17 0 12 0.023610
15 1 8 0.454310
1 1 17 0.432154
1 1 15 0.567846
2 0 17 0.953821
2 1 2 0.679202
2 1 15 0.320798
3 0 10 0.321592
3 1 7 1.000000
3 0 5 0.469686
7 0 13 0.320740
7 1 17 1.000000
7 0 10 0.069281
8 0 11 0.515206
9 0 0 1.000000
9 1 0 1.000000
17 0 10 0.976390
10 0 4 0.447185
13 1 12 0.863582
13 1 13 0.136418
15 0 0 0.627052
15 1 4 0.545690
15 0 11 0.235941
16 1 13 1.000000
16 0 6 0.315792
