91 29
0 0 13 0.535569
1 0 9 0.014175
2 0 3 1.000000
3 0 23 1.000000
4 0 0 0.105592
5 0 7 0.426710
6 0 0 0.577846
7 0 21 0.704950
8 0 9 0.500650
9 0 26 0.309004
10 0 16 0.275438
11 0 7 0.224797
12 0 4 1.000000
13 0 23 1.000000
14 0 23 1.000000
15 0 14 0.464848
16 0 0 1.000000
17 0 26 0.276298
18 0 1 1.000000
19 0 26 0.893285
20 0 28 0.564420
21 0 4 0.501458
22 0 3 1.000000
23 0 20 0.428566
24 0 20 0.407400
25 0 6 1.000000
26 0 21 0.450370
27 0 28 0.310891
28 0 9 1.000000
0 0 28 0.464431
1 0 11 0.985825
1 1 12 0.868766
1 1 23 0.131234
3 1 12 0.502910
3 1 16 0.497090
4 0 26 0.894408
4 1 20 0.391057
4 1 10 0.608943
5 1 0 1.000000
5 0 11 0.573290
6 1 22 1.000000
6 0 13 0.422154
7 1 4 1.000000
7 0 19 0.295050
8 0 7 0.499350
8 1 8 0.499916
8 1 2 0.500084
9 0 5 0.225032
9 1 14 1.000000
9 0 10 0.465964
10 0 23 0.724562
10 1 7 0.527236
10 1 19 0.472764
11 0 25 0.775203
11 1 12 0.257104
11 1 18 0.742896
12 1 13 0.779699
12 1 18 0.220301
14 1 7 0.457813
14 1 3 0.542187
15 0 26 0.535152
15 1 7 0.018652
15 1 11 0.981348
16 1 10 0.890971
16 1 15 0.109029
17 1 11 1.000000
17 0 0 0.723702
18 1 14 0.357384
18 1 23 0.642616
19 0 24 0.106715
20 0 17 0.138570
20 1 25 0.274408
20 0 7 0.297009
21 0 3 0.111449
21 1 19 1.000000
21 0 8 0.387093
23 0 8 0.434960
23 1 14 1.000000
23 0 6 0.136474
24 0 11 0.088947
24 1 4 1.000000
24 0 16 0.503652
25 1 19 0.606238
25 1 23 0.393762
26 0 2 0.549631
26 1 23 0.556745
26 1 18 0.443255
27 0 0 0.534878
27 1 17 1.000000
27 0 1 0.154230
20 1 27 0.725592
