53 19
0 0 17 0.772651
1 0 17 0.667154
2 0 10 1.000000
3 0 16 0.426281
4 0 18 0.652411
5 0 10 0.544913
6 0 9 0.010562
7 0 11 1.000000
8 0 6 0.047318
9 0 2 0.804133
10 0 15 1.000000
11 0 9 0.379397
12 0 6 0.409713
13 0 0 0.773853
15 0 14 0.682561
15 0 0 0.317439
11 0 13 0.436115
17 0 7 0.635279
18 0 3 0.418243
0 0 15 0.227349
1 0 10 0.332846
1 1 8 0.674998
1 1 15 0.325002
3 0 3 0.573719
4 0 15 0.347589
5 0 14 0.455087
5 1 9 0.172556
5 1 15 0.827444
6 0 10 0.349469
6 1 8 0.377514
6 0 16 0.639969
8 0 1 0.051437
8 1 1 1.000000
8 0 15 0.901245
9 0 3 0.195867
10 1 4 0.562640
10 1 10 0.437360
11 0 17 0.178768
11 1 1 1.000000
11 0 10 0.005720
12 0 0 0.590287
12 1 1 0.723815
12 1 8 0.276185
13 0 4 0.226147
13 1 13 0.247215
13 1 15 0.752785
14 1 5 1.000000
6 1 5 0.622486
18 0 15 0.191707
17 1 12 1.000000
17 0 3 0.364721
18 0 8 0.390050
18 1 16 1.000000
