83 29
0 0 16 0.093296
1 0 19 0.350195
2 0 15 0.412248
3 0 18 1.000000
4 0 28 0.202253
5 0 16 1.000000
6 0 12 1.000000
7 0 11 1.000000
8 0 6 0.493059
9 0 23 1.000000
10 0 16 0.547455
11 0 27 1.000000
12 0 6 1.000000
13 0 21 0.106819
14 0 2 1.000000
15 0 22 1.000000
16 0 9 0.514516
17 0 10 1.000000
18 0 26 0.438282
19 0 17 1.000000
20 0 27 0.660758
21 0 2 0.985385
22 0 18 1.000000
23 0 17 0.110635
24 0 17 0.172938
25 0 14 0.534817
26 0 18 0.454275
27 0 4 0.513302
28 0 20 0.596300
0 0 28 0.906704
1 0 16 0.649805
2 0 27 0.321128
2 1 9 1.000000
2 0 16 0.266624
4 0 13 0.797747
4 1 27 0.501342
4 1 28 0.498658
5 1 1 0.687890
5 1 6 0.312110
6 1 26 0.899030
6 1 20 0.100970
8 0 4 0.131365
8 1 22 1.000000
8 0 13 0.375576
9 1 13 0.533001
9 1 15 0.466999
10 0 19 0.452545
10 1 1 0.964924
10 1 20 0.035076
11 1 24 0.196160
11 1 16 0.803840
12 1 4 0.528349
12 1 24 0.471651
13 0 12 0.893181
26 1 5 0.972608
14 1 15 1.000000
28 0 15 0.403700
15 1 25 0.358459
15 1 12 0.641541
16 1 16 1.000000
16 0 3 0.485484
18 0 8 0.249360
18 1 9 1.000000
18 0 25 0.312358
19 1 8 0.127952
19 1 14 0.872048
20 0 16 0.339242
20 1 26 0.184529
20 1 14 0.815471
21 0 22 0.014615
21 1 0 0.197461
21 1 20 0.802539
23 0 24 0.889365
24 0 20 0.827062
25 0 16 0.465183
25 1 12 0.426242
25 1 27 0.573758
26 1 24 0.027392
26 0 21 0.545725
27 0 13 0.486698
27 1 7 0.340172
27 1 9 0.659828
28 1 16 1.000000
