54 18
0 0 4 0.645117
1 0 8 0.674453
2 0 4 1.000000
3 0 0 1.000000
4 0 14 1.000000
5 0 1 0.593816
6 0 17 0.867993
7 0 0 0.415399
8 0 16 0.723123
9 0 17 1.000000
10 0 17 1.000000
11 0 16 0.738774
12 0 14 0.369291
13 0 5 0.544331
14 0 16 0.177005
15 0 2 0.076963
16 0 7 0.202545
17 0 12 0.653802
0 1 11 1.000000
0 0 1 0.354883
1 0 6 0.325547
1 1 5 0.039901
1 1 17 0.385967
2 1 2 0.294591
2 1 14 0.705409
3 1 2 0.084260
3 1 8 0.915740
4 1 0 0.845307
4 1 3 0.154693
5 0 17 0.406184
5 1 3 0.220850
5 1 7 0.779150
7 0 15 0.325046
7 1 5 1.000000
7 0 14 0.259554
8 1 17 1.000000
8 0 12 0.276877
6 0 10 0.132007
10 1 12 1.000000
1 1 9 0.574132
11 0 4 0.261227
12 0 12 0.390208
12 1 8 1.000000
12 0 1 0.240500
13 0 12 0.440409
13 1 7 1.000000
13 0 8 0.015260
14 0 13 0.822995
14 1 1 0.269969
14 1 12 0.730031
15 0 4 0.923037
16 0 14 0.797455
17 1 17 1.000000
17 0 1 0.346198
