39 13
0 0 6 1.000000
1 0 11 1.000000
2 0 3 1.000000
3 0 6 0.097771
4 0 7 1.000000
5 0 0 1.000000
6 0 7 0.286464
7 0 9 0.243166
8 0 10 0.320615
9 0 11 0.490173
10 0 8 0.126972
11 0 1 0.080013
12 0 6 0.393423
0 1 6 0.333483
0 1 7 0.666517
1 1 8 0.368636
1 1 3 0.631364
2 1 4 0.538330
2 1 12 0.461670
3 0 2 0.902229
4 1 12 1.000000
12 0 0 0.313496
5 1 10 0.780363
5 1 4 0.219637
6 1 11 1.000000
6 0 9 0.713536
7 0 10 0.756834
7 1 0 0.698990
7 1 5 0.301010
8 0 1 0.527038
8 1 12 1.000000
8 0 9 0.152346
9 1 7 1.000000
9 0 4 0.509827
10 1 1 1.000000
10 0 11 0.873028
11 0 5 0.919987
12 1 4 1.000000
12 0 11 0.293081
