62 22
0 0 14 1.000000
1 0 15 1.000000
2 0 19 0.119159
3 0 18 1.000000
4 0 2 1.000000
5 0 3 1.000000
6 0 10 0.237823
7 0 1 0.270144
8 0 9 0.586390
9 0 19 0.712581
10 0 15 1.000000
11 0 0 0.294497
12 0 15 1.000000
13 0 11 1.000000
14 0 18 0.608755
15 0 7 1.000000
16 0 11 0.026245
17 0 12 1.000000
18 0 21 0.332600
19 0 15 0.988909
20 0 18 0.490519
21 0 17 1.000000
0 1 10 0.014329
0 1 5 0.985671
1 1 3 0.391172
1 1 5 0.187592
2 0 5 0.241031
2 1 19 1.000000
2 0 12 0.308161
1 1 16 0.421236
18 1 13 0.452405
5 1 12 0.440912
5 1 19 0.559088
6 0 12 0.595310
6 1 1 1.000000
6 0 2 0.166867
7 0 18 0.729856
7 1 10 0.110872
7 1 7 0.889128
8 0 20 0.413610
9 0 2 0.287419
10 1 12 0.544861
10 1 8 0.455139
11 1 1 1.000000
11 0 1 0.705503
12 1 17 0.578117
12 1 20 0.421883
13 1 1 0.562737
13 1 8 0.437263
14 1 6 1.000000
14 0 6 0.391245
16 0 21 0.973755
16 1 21 0.127264
16 1 12 0.872736
2 0 11 0.331650
17 1 6 1.000000
18 0 4 0.311077
18 1 17 0.547595
18 0 8 0.356323
19 0 14 0.011091
20 1 12 1.000000
20 0 1 0.509481
