69 28
0 0 6 1.000000
1 0 6 1.000000
2 0 15 1.000000
3 0 0 0.645496
4 0 26 0.489119
5 0 6 0.752959
6 0 17 1.000000
7 0 5 1.000000
8 0 7 1.000000
9 0 27 1.000000
10 0 3 1.000000
11 0 6 1.000000
12 0 17 1.000000
13 0 24 0.812438
14 0 24 0.388157
15 0 10 1.000000
16 0 23 0.579090
17 0 12 0.156089
18 0 7 1.000000
19 0 1 0.316957
20 0 6 0.189889
21 0 9 1.000000
22 0 11 1.000000
23 0 1 1.000000
24 0 19 0.057722
25 0 11 0.588019
26 0 4 0.921347
27 0 16 1.000000
16 0 25 0.420910
0 1 9 1.000000
24 0 18 0.942278
3 0 17 0.354504
4 0 10 0.371572
4 1 27 1.000000
4 0 5 0.139309
5 1 1 1.000000
5 0 3 0.247041
6 1 1 0.797621
6 1 11 0.202379
10 1 14 0.256618
10 1 13 0.743382
11 1 2 0.977068
11 1 21 0.022932
13 1 23 1.000000
13 0 4 0.187562
14 0 2 0.611843
14 1 20 0.744626
14 1 13 0.255374
15 1 3 0.663330
15 1 4 0.336670
16 1 10 0.529736
16 1 24 0.470264
17 0 15 0.843911
19 0 0 0.683043
19 1 2 0.706941
19 1 16 0.293059
20 0 17 0.100843
21 1 22 0.198039
21 1 5 0.801961
22 1 2 0.423190
22 1 19 0.576810
23 1 16 0.629669
23 1 7 0.370331
20 0 8 0.709268
24 1 10 1.000000
26 0 21 0.078653
25 1 17 1.000000
25 0 2 0.411981
26 1 27 1.000000
