35 13
0 0 1 1.000000
1 0 8 0.454124
2 0 8 1.000000
3 0 8 1.000000
4 0 1 0.696263
5 0 2 0.463225
6 0 0 0.420189
7 0 9 1.000000
12 0 1 0.804027
9 0 5 1.000000
11 0 0 0.425403
11 0 6 0.574597
12 0 6 0.195973
0 1 10 0.699126
0 1 8 0.300874
1 0 7 0.545876
1 1 8 0.290938
1 1 4 0.709062
2 1 6 0.999811
2 1 7 0.000189
4 1 2 1.000000
4 0 11 0.303737
5 0 12 0.536775
5 1 10 0.808109
5 1 3 0.191891
6 0 2 0.579811
6 1 7 0.530712
6 1 1 0.469288
7 1 10 0.762175
7 1 7 0.237825
8 1 10 1.000000
11 1 6 1.000000
10 0 6 0.078452
10 1 8 1.000000
10 0 3 0.921548
