33 11
0 0 7 0.363652
1 0 8 0.757529
2 0 4 0.207226
3 0 8 0.714009
4 0 3 0.717463
5 0 8 0.554372
6 0 0 0.447045
7 0 2 0.440241
8 0 4 0.249345
9 0 4 0.407042
10 0 8 0.326020
0 0 0 0.636348
1 0 3 0.242471
2 0 2 0.243151
3 0 2 0.285991
4 0 1 0.282537
4 1 8 0.022619
4 1 3 0.977381
5 0 10 0.445628
5 1 4 0.171014
5 1 5 0.828986
6 0 7 0.552956
7 0 1 0.559759
8 0 3 0.024878
9 0 10 0.238351
9 1 2 1.000000
9 0 9 0.354607
10 1 3 1.000000
10 0 7 0.673980
2 0 5 0.198625
8 0 6 0.725776
2 0 9 0.133170
2 0 10 0.217829
