92 30
0 0 2 0.907732
1 0 18 0.324335
2 0 23 0.735734
3 0 2 0.588754
4 0 15 0.036903
5 0 27 0.457775
6 0 2 0.712340
7 0 18 1.000000
8 0 23 1.000000
9 0 25 1.000000
10 0 28 0.321633
11 0 25 1.000000
12 0 15 1.000000
13 0 18 0.026204
14 0 19 0.153820
15 0 28 1.000000
16 0 19 0.374733
17 0 16 0.028071
18 0 28 0.832409
19 0 13 0.609777
20 0 25 0.267983
21 0 27 0.444133
22 0 7 1.000000
23 0 28 0.199501
24 0 15 0.428719
25 0 29 1.000000
26 0 2 0.039102
27 0 15 0.323260
28 0 14 1.000000
29 0 9 0.602827
0 0 11 0.092268
1 0 22 0.314621
1 1 9 1.000000
1 0 23 0.361044
2 0 16 0.245663
2 1 23 1.000000
2 0 14 0.018603
3 0 21 0.411246
3 1 19 0.426064
3 1 10 0.573936
4 0 9 0.963097
5 0 22 0.542225
5 1 27 0.385994
5 1 1 0.284837
6 0 28 0.154505
6 1 18 1.000000
6 0 13 0.133155
7 1 9 0.136896
7 1 27 0.863104
9 1 23 0.672766
9 1 24 0.327234
10 0 24 0.272022
10 1 17 1.000000
10 0 23 0.406345
12 1 11 0.531251
12 1 8 0.468749
13 0 11 0.973796
14 0 15 0.047861
14 1 16 1.000000
14 0 14 0.798320
16 1 12 1.000000
16 0 18 0.600241
17 0 19 0.190251
17 1 14 1.000000
17 0 15 0.781678
18 0 5 0.167591
18 1 10 0.480601
18 1 1 0.519399
19 1 18 1.000000
19 0 25 0.390223
20 1 12 0.956165
20 1 20 0.043835
21 0 17 0.555867
22 1 11 0.625311
22 1 23 0.374689
23 0 3 0.329291
23 1 5 1.000000
23 0 7 0.471208
24 0 5 0.571281
24 1 5 0.971276
24 1 21 0.028724
26 0 0 0.960898
27 0 3 0.317842
27 1 15 1.000000
27 0 10 0.358898
28 1 1 0.652976
28 1 27 0.347024
29 1 20 1.000000
29 0 10 0.397173
5 1 4 0.329169
20 0 6 0.732017
16 0 26 0.025027
