56 19
0 0 8 0.838011
1 0 8 0.854225
2 0 7 0.446296
3 0 2 1.000000
4 0 13 0.265721
5 0 15 1.000000
6 0 5 0.798787
7 0 2 1.000000
8 0 5 0.436117
9 0 1 0.195688
10 0 9 1.000000
11 0 9 0.650900
12 0 18 1.000000
13 0 6 0.511379
14 0 5 0.225945
15 0 16 1.000000
16 0 15 0.056218
17 0 18 0.455085
18 0 17 1.000000
0 0 18 0.025739
0 1 12 1.000000
0 0 10 0.136251
1 0 10 0.145775
1 1 10 0.592811
1 1 2 0.407189
2 0 11 0.553704
3 1 12 0.333333
3 1 9 0.666667
4 0 12 0.165028
4 1 9 1.000000
4 0 9 0.569250
6 0 9 0.201213
7 1 11 0.471256
7 1 7 0.528744
8 0 11 0.563883
8 1 18 0.459703
8 1 6 0.540297
9 0 2 0.427266
9 1 5 1.000000
9 0 0 0.377046
10 1 4 0.639437
10 1 10 0.360563
11 0 13 0.349100
12 1 3 0.339366
12 1 15 0.660634
13 1 11 0.342461
13 1 13 0.657539
14 0 4 0.774055
16 0 4 0.840430
16 1 17 1.000000
16 0 5 0.103352
17 1 5 1.000000
17 0 16 0.544915
18 1 4 0.436836
18 1 11 0.563164
13 0 14 0.488621
