36 13
0 0 8 0.416882
1 0 4 0.724262
2 0 7 0.571426
3 0 1 0.480858
4 0 8 0.373698
5 0 3 0.436739
6 0 12 1.000000
7 0 6 1.000000
8 0 7 1.000000
9 0 1 0.288307
10 0 2 1.000000
9 0 11 0.183653
12 0 2 0.692207
0 0 4 0.281201
0 1 12 0.801854
0 1 3 0.198146
1 0 11 0.038484
3 0 4 0.112632
3 1 10 1.000000
3 0 11 0.406509
4 1 9 1.000000
4 0 9 0.371435
6 1 2 0.437589
6 1 12 0.562411
9 0 5 0.308840
10 1 2 0.231000
10 1 11 0.769000
4 0 10 0.254866
9 0 0 0.219200
12 0 0 0.071775
2 0 1 0.074446
2 0 3 0.354129
12 0 4 0.236018
0 0 5 0.301917
5 0 8 0.563261
1 0 9 0.237255
