77 25
0 0 12 0.465112
1 0 12 1.000000
2 0 23 0.101998
3 0 0 0.249345
4 0 17 0.392541
5 0 22 0.243041
6 0 17 0.875061
7 0 8 0.431735
8 0 9 1.000000
9 0 15 1.000000
10 0 13 1.000000
11 0 15 0.238462
12 0 19 0.533415
3 1 14 0.315852
14 0 0 0.324929
15 0 3 0.840946
16 0 17 0.248741
17 0 11 0.822744
18 0 16 1.000000
19 0 5 0.945419
20 0 13 0.389318
21 0 18 1.000000
22 0 11 0.125098
23 0 3 0.542896
24 0 8 0.373453
0 0 16 0.235818
0 1 10 1.000000
0 0 6 0.299070
1 1 10 0.568636
1 1 8 0.431364
2 0 8 0.057731
2 1 10 1.000000
2 0 22 0.840271
3 0 19 0.750655
3 1 19 0.274026
3 1 7 0.410122
4 0 16 0.607459
4 1 14 0.551089
4 1 20 0.448911
5 0 10 0.756959
6 0 5 0.124939
6 1 20 0.968878
6 1 22 0.031122
7 0 24 0.568265
7 1 21 0.507075
7 1 13 0.492925
8 1 18 0.461510
8 1 15 0.538490
11 1 6 1.000000
11 0 20 0.761538
12 0 8 0.466585
12 1 1 0.536141
12 1 12 0.463859
19 0 4 0.054581
14 0 23 0.361863
14 1 4 1.000000
14 0 7 0.313208
15 0 17 0.159054
16 0 1 0.751259
16 1 2 0.842239
16 1 7 0.157761
17 0 22 0.177256
18 1 1 0.482830
18 1 24 0.517170
19 1 12 0.744967
19 1 2 0.255033
20 0 20 0.286226
20 1 9 1.000000
20 0 16 0.324456
21 1 15 0.209932
21 1 24 0.790068
22 1 19 1.000000
22 0 10 0.874902
23 0 10 0.457104
24 0 18 0.296873
24 1 0 1.000000
24 0 22 0.329674
