64 26
0 0 22 0.655447
1 0 0 0.324111
2 0 11 0.847155
3 0 17 0.233993
4 0 3 0.493363
5 0 10 0.110678
6 0 15 1.000000
7 0 14 0.964061
8 0 2 0.174420
17 0 1 0.653292
25 0 12 0.476469
11 0 0 0.208861
12 0 11 0.675830
13 0 25 1.000000
14 0 8 1.000000
15 0 4 1.000000
16 0 12 0.608398
17 0 0 0.346708
18 0 9 0.302816
19 0 2 0.958825
20 0 14 1.000000
21 0 4 0.755272
22 0 19 1.000000
23 0 2 0.296488
24 0 11 0.614651
25 0 24 0.523531
0 0 24 0.344553
1 0 15 0.609804
1 1 13 1.000000
1 0 7 0.066085
2 0 7 0.152845
24 0 18 0.385349
23 0 22 0.349365
3 0 2 0.766007
4 0 15 0.506637
5 1 20 1.000000
5 0 21 0.889322
7 0 13 0.035938
7 1 6 0.751298
7 1 12 0.248702
8 0 0 0.825580
8 1 5 0.551311
8 1 16 0.448689
23 1 22 1.000000
9 1 23 1.000000
9 0 15 1.000000
23 0 0 0.354147
10 1 2 0.513755
10 1 6 0.486245
11 0 10 0.782095
11 1 17 1.000000
11 0 25 0.009043
12 0 15 0.324170
15 1 5 0.869492
15 1 23 0.130508
16 1 3 1.000000
16 0 21 0.391602
18 0 10 0.697184
19 1 16 1.000000
19 0 22 0.041175
20 1 23 0.104342
20 1 11 0.895658
21 1 0 1.000000
21 0 5 0.244728
