43 16
0 0 5 0.478727
1 0 0 0.110919
2 0 10 0.240293
3 0 12 0.652000
4 0 3 0.251959
5 0 7 0.374983
0 0 6 0.521273
7 0 15 0.552648
8 0 2 0.549734
9 0 15 1.000000
10 0 12 1.000000
11 0 13 0.426508
12 0 9 1.000000
13 0 8 1.000000
14 0 0 0.563564
15 0 4 1.000000
1 0 1 0.175729
1 1 3 1.000000
1 0 15 0.713352
2 0 13 0.590285
2 1 5 1.000000
2 0 12 0.169421
3 0 9 0.348000
4 0 12 0.037506
4 1 9 1.000000
4 0 1 0.710535
5 0 15 0.625017
5 1 3 0.670300
5 1 10 0.329700
15 1 1 1.000000
6 1 3 0.420497
6 1 2 0.579503
7 0 1 0.447352
8 0 10 0.450266
8 1 2 0.356606
8 1 15 0.643394
9 1 14 0.838279
9 1 11 0.161721
11 0 12 0.145061
11 1 14 1.000000
11 0 5 0.428432
14 1 3 1.000000
14 0 11 0.436436
