41 16
0 0 5 0.807116
1 0 9 1.000000
2 0 4 0.619655
3 0 0 0.871457
4 0 0 0.351889
5 0 14 1.000000
6 0 10 1.000000
7 0 10 0.986736
8 0 10 0.550638
9 0 1 1.000000
10 0 14 0.001832
15 0 14 0.662465
12 0 1 1.000000
13 0 4 1.000000
14 0 15 1.000000
15 0 13 0.337535
0 1 7 1.000000
0 0 0 0.192884
1 1 7 0.420638
1 1 9 0.579362
2 0 10 0.380345
3 1 12 1.000000
3 0 10 0.128543
4 0 10 0.310856
4 1 9 1.000000
4 0 7 0.337255
5 1 6 0.664439
5 1 1 0.335561
7 1 7 1.000000
7 0 1 0.013264
8 0 4 0.449362
9 1 0 0.333325
9 1 3 0.666675
10 0 13 0.934259
10 1 14 1.000000
10 0 4 0.063909
11 1 9 1.000000
14 1 2 0.478818
13 1 7 0.561043
13 1 14 0.438957
14 1 11 0.521182
