79 21
0 0 2 0.191178
1 0 7 0.401503
2 0 7 0.495082
3 0 15 0.118460
4 0 5 0.250575
5 0 4 0.186041
6 0 9 0.341265
7 0 13 0.475214
8 0 5 1.000000
9 0 0 0.285580
10 0 7 0.555985
4 0 20 0.319121
12 0 6 0.445484
13 0 7 0.525384
14 0 9 0.676284
15 0 9 0.462524
16 0 5 0.793432
17 0 1 0.453727
18 0 3 0.556170
19 0 11 0.380814
20 0 9 1.000000
2 1 7 0.771443
2 0 5 0.504919
3 1 17 1.000000
3 0 1 0.416296
6 0 20 0.274458
6 1 3 0.525981
6 1 7 0.474019
7 0 6 0.355527
7 1 3 0.674480
7 1 20 0.325520
9 0 11 0.469402
9 1 0 0.409434
9 0 12 0.245018
10 0 13 0.444015
11 0 14 1.000000
12 1 3 0.841021
12 1 6 0.106510
13 0 14 0.110085
13 1 5 1.000000
13 0 17 0.364531
14 0 19 0.323716
14 1 4 0.324101
14 1 0 0.345831
15 0 13 0.537476
15 1 1 0.739430
15 1 19 0.260570
16 0 18 0.206568
16 1 6 0.858872
16 1 17 0.141128
17 1 17 0.490562
17 1 15 0.509438
18 0 19 0.443830
18 1 9 0.427986
18 1 17 0.572014
19 0 5 0.619186
19 1 5 0.420848
19 1 12 0.579152
20 1 16 0.833004
20 1 5 0.166996
0 0 8 0.290325
17 0 10 0.546273
5 0 0 0.317312
0 0 1 0.142217
1 0 2 0.365336
0 0 3 0.376280
4 0 6 0.242733
5 0 7 0.496647
6 0 8 0.384277
7 0 9 0.096506
4 0 10 0.187571
3 0 11 0.465243
2 1 12 0.228557
12 1 19 0.052469
9 1 14 0.590566
14 1 15 0.330068
12 0 16 0.554516
7 0 17 0.072754
1 0 18 0.233161
