48 14
0 0 12 0.435925
1 0 4 0.134212
2 0 7 0.754899
3 0 10 0.380975
4 0 5 0.383492
5 0 6 1.000000
6 0 0 0.104696
7 0 2 0.322520
8 0 1 0.947322
9 0 11 0.611533
10 0 6 0.306786
11 0 8 0.682470
12 0 13 0.233787
13 0 4 0.651316
0 0 2 0.564075
0 1 11 0.696282
0 1 2 0.303718
1 0 9 0.865788
1 1 3 0.502926
1 1 2 0.497074
2 0 8 0.245101
2 1 10 0.280550
2 1 12 0.719450
3 0 3 0.413211
3 1 9 1.000000
3 0 1 0.205814
4 0 1 0.208564
4 1 2 1.000000
4 0 8 0.407945
6 0 7 0.895304
7 0 11 0.676524
7 1 1 1.000000
7 0 1 0.000956
8 1 6 1.000000
8 0 8 0.052678
9 0 2 0.388467
9 1 10 0.046315
9 1 2 0.953685
10 0 8 0.693214
10 1 0 0.915867
10 1 7 0.084133
11 1 7 1.000000
11 0 6 0.317530
12 0 12 0.154876
12 1 6 1.000000
12 0 5 0.611337
13 1 12 1.000000
13 0 13 0.348684
