37 11
10 0 0 0.295522
1 0 6 1.000000
2 0 7 0.432506
3 0 7 0.440554
4 0 1 0.411253
5 0 4 0.496276
6 0 1 0.646688
7 0 5 1.000000
8 0 4 0.569569
9 0 6 1.000000
10 0 4 0.053048
10 0 10 0.304124
0 1 9 0.508310
0 1 7 0.491690
1 1 1 0.448580
1 1 5 0.551420
2 0 2 0.567494
2 1 5 0.663480
2 1 6 0.336520
3 0 2 0.145172
3 1 7 1.000000
3 0 1 0.414274
4 0 4 0.552517
4 1 6 1.000000
4 0 7 0.036231
5 1 10 1.000000
5 0 8 0.503724
6 1 9 1.000000
6 0 9 0.353312
7 1 1 0.603216
7 1 9 0.396784
8 1 9 1.000000
8 0 3 0.430431
9 1 9 0.798674
9 1 3 0.201326
10 0 8 0.347307
10 1 1 1.000000
