67 22
0 0 10 1.000000
1 0 5 1.000000
2 0 4 0.387717
3 0 8 0.720195
4 0 19 0.487509
5 0 16 0.342908
6 0 3 0.363229
7 0 11 0.577545
8 0 6 1.000000
9 0 18 0.066017
10 0 17 1.000000
11 0 0 0.051373
12 0 16 0.261755
13 0 17 0.793015
14 0 18 0.426963
15 0 6 0.361205
16 0 11 0.418862
17 0 5 0.496624
18 0 21 0.027868
19 0 21 0.755247
21 0 19 0.325691
21 0 10 0.674309
2 0 7 0.286193
2 1 4 1.000000
2 0 5 0.326090
3 0 18 0.243808
3 1 1 1.000000
3 0 11 0.035997
4 0 1 0.512491
4 1 3 0.875957
4 1 14 0.124043
5 0 10 0.657092
5 1 14 0.964687
5 1 16 0.035313
6 0 20 0.636771
6 1 17 0.468814
6 1 3 0.531186
7 0 6 0.422455
7 1 10 0.491099
7 1 21 0.508901
8 1 15 0.246978
8 1 9 0.753022
9 0 2 0.933983
9 1 11 0.549490
9 1 13 0.450510
11 0 18 0.492663
11 1 12 1.000000
11 0 4 0.455963
12 1 5 1.000000
12 0 15 0.738245
13 0 5 0.206985
13 1 14 0.543342
13 1 15 0.456658
14 0 10 0.573037
15 0 15 0.401297
15 1 21 1.000000
15 0 16 0.237498
16 0 7 0.581138
16 1 20 0.762794
16 1 5 0.237206
17 0 17 0.273636
17 1 4 1.000000
17 0 18 0.229740
18 0 2 0.972132
19 0 15 0.244753
20 0 1 1.000000
20 1 9 1.000000
