53 15
0 0 4 0.356503
1 0 2 0.373217
8 1 13 0.447188
3 0 2 1.000000
4 0 0 0.389888
5 0 0 0.701205
6 0 3 0.355126
7 0 8 0.816933
8 0 9 0.544272
9 0 3 0.364069
10 0 1 0.601398
11 0 14 0.542081
12 0 6 0.456343
13 0 9 0.544124
14 0 2 0.244981
0 0 13 0.293657
0 1 1 1.000000
0 0 12 0.349840
10 0 12 0.398602
2 1 2 0.461181
2 0 2 0.402445
6 0 11 0.060147
4 1 10 0.219841
4 0 5 0.391382
4 1 5 0.444229
4 1 1 0.335930
5 0 12 0.187068
5 1 11 0.283813
5 1 5 0.716187
6 0 5 0.055574
7 0 3 0.183067
8 0 3 0.455728
8 1 14 0.334693
8 1 0 0.218119
9 0 0 0.150877
9 1 10 1.000000
9 0 14 0.485054
11 1 7 1.000000
11 0 11 0.457919
12 0 14 0.543657
13 0 3 0.062594
13 1 14 1.000000
13 0 4 0.393282
14 1 2 1.000000
14 0 1 0.131734
14 0 0 0.623284
1 0 3 0.626783
2 0 4 0.333840
2 1 5 0.538819
2 0 6 0.263715
6 0 7 0.529153
4 0 8 0.218731
5 0 9 0.111727
