36 12
0 0 2 0.473854
1 0 0 0.489989
2 0 8 0.226401
3 0 11 0.038029
4 0 8 0.794888
5 0 3 0.172782
6 0 11 0.226384
7 0 8 0.540390
8 0 11 1.000000
9 0 2 1.000000
10 0 5 0.380397
11 0 7 0.535433
0 0 8 0.526146
0 1 8 0.688711
0 1 7 0.311289
1 1 9 1.000000
1 0 5 0.510011
2 0 2 0.181467
3 0 9 0.961971
4 0 5 0.205112
5 0 0 0.827218
5 1 4 0.189009
5 1 8 0.810991
6 0 3 0.773616
7 0 0 0.459610
7 1 7 0.447925
7 1 10 0.488260
8 1 8 0.829615
8 1 3 0.170385
9 1 3 0.538361
9 1 5 0.461639
10 0 0 0.619603
2 0 6 0.592132
7 1 1 0.063815
11 1 11 1.000000
11 0 9 0.464567
