73 25
0 0 17 0.546559
1 0 7 0.489575
2 0 6 0.291168
3 0 16 0.782464
4 0 19 0.355898
5 0 0 0.181939
6 0 3 1.000000
7 0 8 0.445723
7 0 24 0.039695
5 0 18 0.818061
10 0 9 1.000000
11 0 5 1.000000
12 0 0 0.994553
13 0 8 0.157551
14 0 6 0.391933
15 0 9 0.441171
16 0 13 0.469125
17 0 23 0.837058
18 0 6 0.421343
19 0 22 1.000000
20 0 4 0.794100
21 0 20 0.365337
22 0 15 1.000000
23 0 16 0.938308
24 0 13 0.982802
0 0 6 0.453441
1 1 11 1.000000
1 0 0 0.510425
2 0 1 0.290759
3 0 14 0.217536
3 1 6 0.954713
3 1 9 0.045287
4 0 21 0.644102
6 1 0 0.526889
6 1 5 0.473111
7 0 12 0.055943
7 1 17 1.000000
7 0 7 0.458640
8 1 4 1.000000
2 0 10 0.418073
24 0 3 0.017198
9 1 1 0.771200
9 1 4 0.228800
10 1 19 0.371049
10 1 1 0.628951
11 1 3 0.507667
11 1 4 0.492333
12 1 13 1.000000
12 0 6 0.005447
13 0 16 0.842449
13 1 2 0.795553
13 1 4 0.204447
14 1 15 1.000000
14 0 1 0.608067
15 0 0 0.558829
15 1 9 0.993267
15 1 20 0.006733
16 1 14 1.000000
16 0 12 0.530875
17 0 17 0.162942
17 1 5 0.152435
17 1 0 0.847565
18 0 12 0.010413
18 1 19 1.000000
18 0 2 0.568244
19 1 16 0.687625
19 1 13 0.312375
20 1 22 1.000000
20 0 16 0.205900
21 0 8 0.339561
21 1 19 1.000000
21 0 19 0.295102
23 0 0 0.061692
