71 24
0 0 17 1.000000
1 0 19 0.323438
2 0 10 0.374335
3 0 18 0.329549
4 0 1 0.940084
5 0 22 0.322379
6 0 3 1.000000
7 0 5 0.438658
8 0 6 0.204738
9 0 20 0.640851
10 0 0 1.000000
11 0 20 0.622192
12 0 21 1.000000
13 0 2 0.492160
14 0 12 0.540868
15 0 20 0.371894
16 0 23 0.090744
17 0 23 0.942068
18 0 5 1.000000
19 0 3 0.514178
20 0 16 0.385099
21 0 2 0.903632
22 0 1 0.436516
23 0 3 1.000000
0 1 5 0.599387
0 1 12 0.400613
1 0 20 0.676561
2 0 7 0.625665
3 0 8 0.670451
3 1 2 0.503562
3 1 22 0.496438
4 0 2 0.059916
5 0 11 0.611112
5 1 2 1.000000
5 0 18 0.066508
7 0 18 0.151908
7 1 14 1.000000
7 0 13 0.409434
8 0 5 0.404849
8 1 14 1.000000
8 0 2 0.390413
9 1 18 1.000000
9 0 8 0.359149
11 0 17 0.377808
11 1 13 0.829910
11 1 9 0.170090
12 1 2 0.594657
12 1 9 0.405343
13 0 10 0.385155
13 1 23 1.000000
13 0 21 0.122684
14 0 17 0.459132
15 0 9 0.518445
15 1 23 1.000000
15 0 19 0.109661
16 0 15 0.611337
16 1 18 1.000000
16 0 10 0.297919
17 1 1 1.000000
17 0 3 0.057932
18 1 9 0.501292
18 1 11 0.498708
19 1 0 1.000000
19 0 20 0.485822
20 1 4 1.000000
20 0 8 0.614901
21 0 1 0.096368
21 1 15 0.680201
21 1 14 0.319799
22 1 22 1.000000
22 0 14 0.563484
