64 21
0 0 16 0.818738
1 0 9 0.512288
2 0 11 0.219407
3 0 13 0.564499
4 0 3 0.937214
5 0 16 0.486603
6 0 12 0.906612
7 0 2 0.681195
8 0 2 1.000000
9 0 14 0.491325
10 0 7 0.509858
20 1 7 0.406087
12 0 6 0.176274
13 0 19 0.992717
14 0 0 0.731092
15 0 7 1.000000
16 0 13 1.000000
17 0 9 1.000000
18 0 10 0.055267
19 0 2 0.392734
20 0 3 1.000000
0 0 4 0.181262
0 1 20 0.768208
0 1 10 0.231792
1 1 4 1.000000
1 0 10 0.487712
2 0 17 0.780593
3 0 14 0.195632
3 1 19 1.000000
3 0 20 0.239869
4 1 13 1.000000
4 0 20 0.062786
5 0 5 0.513397
5 1 7 0.452314
5 1 17 0.547686
6 0 3 0.093388
6 1 10 0.381544
6 1 17 0.618456
7 0 0 0.119504
7 1 0 1.000000
7 0 13 0.199301
9 0 10 0.508675
9 1 13 0.552213
9 1 8 0.447787
10 1 15 1.000000
10 0 17 0.490142
11 0 4 1.000000
11 1 0 1.000000
20 1 20 0.593913
12 0 18 0.823726
12 1 3 0.495906
12 1 8 0.504094
13 0 13 0.007283
14 0 6 0.268908
15 1 14 0.187905
15 1 1 0.812095
16 1 6 0.996653
16 1 3 0.003347
17 1 20 0.362587
17 1 12 0.637413
18 1 5 1.000000
18 0 3 0.944733
19 1 3 1.000000
19 0 3 0.607266
