43 16
0 0 3 1.000000
1 0 2 0.598962
2 0 14 0.360041
3 0 4 0.939141
4 0 1 1.000000
5 0 8 1.000000
6 0 12 1.000000
7 0 5 0.328494
8 0 14 1.000000
9 0 4 0.838711
10 0 4 0.383639
11 0 13 1.000000
15 1 13 0.761925
13 0 0 1.000000
14 0 8 0.737033
15 0 6 0.484965
15 1 14 0.238075
15 0 3 0.515035
1 0 6 0.401038
2 0 6 0.019302
2 1 11 1.000000
2 0 7 0.620657
3 0 9 0.060859
3 1 6 0.590557
3 1 4 0.409443
4 1 14 0.272525
4 1 13 0.727475
7 0 13 0.482157
7 1 6 1.000000
7 0 9 0.189349
8 1 9 0.531259
8 1 11 0.468741
9 1 10 1.000000
9 0 12 0.161289
10 0 9 0.278841
10 1 7 1.000000
10 0 3 0.337520
11 1 9 0.556230
11 1 15 0.443770
12 1 14 1.000000
14 1 6 0.652574
14 0 3 0.262967
14 1 1 0.347426
