55 18
0 0 17 0.482121
1 0 10 0.213565
2 0 17 0.437104
3 0 4 0.681549
17 1 0 0.411895
5 0 14 1.000000
6 0 5 0.554437
7 0 17 1.000000
8 0 3 1.000000
9 0 11 0.589504
10 0 13 0.164607
11 0 15 0.928902
12 0 17 0.228098
13 0 0 0.464855
14 0 9 0.237069
15 0 14 0.235680
16 0 14 0.065099
17 0 2 1.000000
0 0 4 0.517879
17 1 12 0.588105
16 0 10 0.196233
1 0 6 0.786435
1 1 17 0.143522
1 1 15 0.856478
2 0 6 0.562896
2 1 10 0.223176
2 1 3 0.776824
3 0 16 0.318451
16 1 8 1.000000
4 1 15 1.000000
4 0 9 1.000000
6 0 0 0.078001
6 1 14 1.000000
6 0 7 0.367562
8 1 1 0.603418
8 1 0 0.396582
9 0 17 0.410496
9 1 6 0.089440
9 1 5 0.910560
10 0 6 0.396604
10 1 17 1.000000
10 0 14 0.438789
11 1 12 1.000000
11 0 13 0.071098
12 1 11 1.000000
12 0 14 0.771902
13 0 10 0.535145
13 1 10 0.391702
13 1 1 0.608298
14 1 7 1.000000
14 0 1 0.762931
15 0 15 0.212342
15 1 17 1.000000
15 0 0 0.551978
16 0 9 0.738669
