43 16
0 0 13 1.000000
1 0 8 1.000000
2 0 4 0.389134
3 0 12 1.000000
15 1 0 0.804692
5 0 15 0.271095
6 0 4 0.119776
7 0 14 0.621137
8 0 14 1.000000
9 0 15 0.022590
10 0 9 0.689220
11 0 2 0.873930
12 0 10 0.515047
13 0 6 0.481034
14 0 0 0.519594
15 0 9 0.885292
1 1 2 0.060509
1 1 11 0.939491
2 1 7 1.000000
2 0 1 0.610866
4 1 3 1.000000
15 1 7 0.195308
5 0 14 0.728905
5 1 4 0.725793
5 1 9 0.274207
6 0 2 0.880224
6 1 9 0.630200
6 1 11 0.369800
7 1 6 1.000000
7 0 8 0.378863
9 0 12 0.553676
9 1 6 1.000000
9 0 5 0.423734
10 0 11 0.310780
11 1 9 1.000000
11 0 8 0.126070
12 1 2 1.000000
12 0 2 0.484953
13 1 9 1.000000
13 0 2 0.518966
14 1 12 1.000000
14 0 6 0.480406
15 0 1 0.114708
