46 15
0 0 10 1.000000
1 0 6 0.519299
2 0 11 0.324929
3 0 5 0.538435
4 0 6 1.000000
5 0 3 0.348886
6 0 9 1.000000
7 0 10 0.306478
8 0 0 0.472951
9 0 11 1.000000
10 0 9 0.288290
11 0 9 0.585377
12 0 11 0.813829
13 0 11 0.180094
14 0 8 0.555700
0 1 4 0.697864
0 1 7 0.302136
1 0 14 0.480701
1 1 6 0.093059
1 1 9 0.906941
2 1 2 0.150394
2 1 6 0.679869
3 0 14 0.227368
3 1 2 1.000000
3 0 8 0.234197
4 1 0 0.635479
4 1 5 0.364521
5 0 5 0.651114
6 1 8 0.637313
6 1 10 0.362687
8 0 11 0.527049
9 1 5 0.816259
9 1 3 0.183741
10 0 10 0.711710
10 1 6 0.600474
10 1 3 0.399526
11 0 3 0.414623
12 1 1 1.000000
12 0 13 0.186171
13 0 12 0.819906
13 1 6 0.527042
13 1 0 0.472958
14 0 6 0.444300
7 0 1 0.693522
2 0 12 0.675071
2 1 13 0.169736
