45 16
0 0 7 0.620005
1 0 15 0.435483
2 0 9 1.000000
3 0 14 0.382760
4 0 11 1.000000
5 0 9 1.000000
6 0 7 0.512412
7 0 14 1.000000
0 1 13 0.260058
9 0 5 0.037252
10 0 1 1.000000
11 0 4 1.000000
12 0 10 0.026870
13 0 15 0.407167
14 0 8 1.000000
15 0 4 0.489293
0 0 4 0.379995
0 1 3 0.525520
0 1 1 0.214422
1 0 6 0.154028
1 1 11 0.416723
1 0 4 0.410489
3 0 11 0.617240
4 1 3 0.049689
4 1 11 0.950311
5 1 3 0.212310
5 1 5 0.787690
6 0 5 0.487588
6 1 14 0.228565
6 1 7 0.338960
7 1 2 0.240111
7 1 0 0.759889
8 1 9 1.000000
1 1 12 0.583277
9 0 2 0.962748
11 1 0 0.874155
11 1 15 0.125845
12 0 15 0.530963
12 1 3 1.000000
12 0 8 0.442167
13 0 8 0.414963
13 1 5 1.000000
13 0 0 0.177870
15 0 15 0.510707
6 1 10 0.432474
