48 18
0 0 12 0.568774
1 0 8 1.000000
2 0 5 1.000000
3 0 15 0.599719
4 0 0 0.480828
5 0 9 0.525688
6 0 3 0.383898
7 0 5 0.419736
8 0 2 0.391884
9 0 6 1.000000
10 0 9 1.000000
11 0 8 1.000000
12 0 5 0.020831
13 0 17 0.160814
14 0 15 0.208956
15 0 10 0.242174
16 0 4 1.000000
17 0 6 0.774809
0 0 2 0.431226
2 1 8 0.254628
2 1 1 0.745372
3 0 16 0.400281
4 0 10 0.315713
4 1 8 1.000000
4 0 8 0.203460
5 0 1 0.474312
6 1 15 1.000000
6 0 17 0.616102
7 1 16 1.000000
7 0 6 0.580264
8 0 13 0.608116
8 1 6 0.558838
8 1 8 0.441162
9 1 8 0.464680
9 1 9 0.535320
11 1 8 0.474456
11 1 3 0.525544
12 0 2 0.979169
13 1 11 1.000000
13 0 14 0.839186
14 0 7 0.410443
14 1 1 1.000000
14 0 17 0.380601
15 0 6 0.757826
16 1 13 0.705958
16 1 12 0.294042
17 1 5 1.000000
17 0 4 0.225191
