69 24
0 0 3 0.005356
0 0 21 0.994644
2 0 20 1.000000
3 0 20 0.695722
4 0 23 0.235160
5 0 13 0.263990
6 0 23 0.218396
7 0 10 1.000000
8 0 23 1.000000
9 0 22 0.574241
10 0 2 0.652939
11 0 9 1.000000
12 0 20 1.000000
13 0 22 0.505984
14 0 6 1.000000
15 0 14 0.435162
16 0 6 0.488818
17 0 16 0.968589
18 0 15 0.780974
19 0 1 1.000000
20 0 23 0.529783
21 0 14 0.065855
22 0 12 1.000000
23 0 18 0.329205
12 1 17 0.469417
1 1 6 0.504429
1 1 1 0.495571
3 0 0 0.304278
4 1 0 1.000000
4 0 9 0.764840
5 1 2 1.000000
5 0 2 0.736010
6 0 10 0.078003
6 1 9 1.000000
6 0 1 0.703601
7 1 6 0.846390
7 1 11 0.153610
8 1 2 0.785314
8 1 20 0.214686
9 1 18 1.000000
9 0 8 0.425759
10 0 4 0.347061
11 1 22 0.216715
11 1 19 0.238230
12 1 9 0.056473
12 1 22 0.474110
13 0 9 0.265054
13 1 12 1.000000
13 0 8 0.228963
15 0 15 0.564838
15 1 15 0.883280
15 1 7 0.116720
16 0 3 0.070491
16 1 20 1.000000
16 0 14 0.440691
17 0 23 0.031411
18 1 8 1.000000
18 0 2 0.219026
11 1 16 0.269356
1 0 13 1.000000
20 0 22 0.470217
21 0 19 0.269960
21 1 16 1.000000
21 0 1 0.664185
22 1 3 0.602526
22 1 4 0.397474
23 1 0 1.000000
23 0 3 0.670795
11 1 5 0.275699
