44 15
0 0 5 0.947985
1 0 3 0.170527
14 1 6 0.339966
3 0 12 0.160017
4 0 12 0.131959
5 0 6 0.407658
6 0 10 0.464983
14 1 6 0.660034
8 0 10 0.473718
9 0 14 1.000000
10 0 4 0.383670
11 0 7 0.421268
12 0 1 0.340099
13 0 9 1.000000
14 0 12 1.000000
0 1 9 1.000000
0 0 6 0.052015
1 0 0 0.514672
1 1 0 1.000000
1 0 12 0.314801
12 0 2 0.659901
2 1 14 1.000000
2 0 6 1.000000
3 1 11 1.000000
3 0 10 0.839983
4 0 0 0.868041
4 1 5 0.689474
4 1 10 0.310526
5 1 12 1.000000
5 0 8 0.592342
6 0 2 0.535017
7 1 11 1.000000
12 1 4 1.000000
8 0 11 0.526282
8 1 13 0.406978
8 1 9 0.593022
9 1 6 0.742924
9 1 10 0.257076
10 0 2 0.616330
10 1 4 0.454317
10 1 0 0.545683
11 0 11 0.131872
11 1 9 1.000000
11 0 6 0.446860
