56 21
0 0 12 0.264303
1 0 0 0.598910
7 0 17 1.000000
3 0 14 0.405224
4 0 19 0.252574
5 0 18 1.000000
15 0 13 0.256259
18 1 9 0.447936
20 0 20 0.481044
9 0 18 0.714171
10 0 15 1.000000
11 0 5 0.179040
12 0 3 1.000000
13 0 15 1.000000
14 0 19 0.890348
15 0 6 0.644532
16 0 15 1.000000
17 0 0 1.000000
18 0 1 1.000000
19 0 16 0.105894
20 0 18 0.518956
0 0 1 0.735697
1 1 12 1.000000
1 0 20 0.401090
20 1 16 1.000000
2 1 19 1.000000
2 0 7 1.000000
3 1 5 1.000000
3 0 6 0.594776
4 1 15 1.000000
4 0 0 0.747426
5 1 2 0.289289
5 1 4 0.710711
19 0 19 0.894106
6 1 15 0.389542
6 1 1 0.610458
7 1 10 1.000000
18 1 18 0.510711
8 0 0 1.000000
8 1 3 1.000000
18 1 2 0.041353
9 0 20 0.285829
9 1 1 0.517079
9 1 6 0.482921
11 1 0 1.000000
11 0 19 0.820960
12 1 12 0.783408
12 1 1 0.216592
14 0 0 0.109652
15 0 11 0.056861
15 1 8 1.000000
15 0 1 0.042348
16 1 6 0.477826
16 1 14 0.522174
17 1 10 0.340305
17 1 15 0.659695
