85 29
0 0 10 1.000000
1 0 9 0.440384
2 0 18 0.268259
3 0 17 0.592630
4 0 3 1.000000
5 0 8 0.093140
6 0 22 1.000000
7 0 14 0.489224
8 0 7 0.077457
9 0 10 0.172516
10 0 4 1.000000
11 0 22 0.189681
12 0 21 0.620629
13 0 2 0.634366
14 0 21 0.529298
15 0 12 1.000000
16 0 13 1.000000
17 0 26 0.593565
18 0 19 1.000000
19 0 7 0.158756
20 0 2 0.356864
21 0 1 0.774191
22 0 14 0.623651
23 0 12 0.431736
24 0 6 1.000000
25 0 3 0.283190
26 0 8 0.085040
27 0 22 0.393894
28 0 14 1.000000
0 1 10 0.661094
0 1 6 0.338906
1 0 11 0.115860
1 1 8 1.000000
1 0 2 0.443756
2 0 11 0.169509
2 1 10 1.000000
2 0 20 0.562232
3 1 19 1.000000
3 0 15 0.407370
5 0 20 0.906860
6 1 28 0.704282
6 1 5 0.295718
7 0 24 0.510776
7 1 28 0.340962
7 1 15 0.659038
8 0 1 0.699276
8 1 9 1.000000
8 0 22 0.223268
9 1 27 1.000000
9 0 24 0.827484
10 1 14 0.298889
10 1 23 0.701111
11 0 14 0.382229
11 1 7 1.000000
11 0 27 0.428091
12 0 4 0.379371
13 1 28 1.000000
13 0 7 0.365634
14 0 8 0.470702
17 0 17 0.406435
17 1 14 0.196854
17 1 19 0.803146
19 0 13 0.841244
19 1 11 0.390419
19 1 6 0.605991
20 0 7 0.142273
20 1 26 1.000000
20 0 6 0.500863
21 0 11 0.079087
21 1 0 1.000000
21 0 6 0.146722
22 0 16 0.376349
22 1 22 0.485544
22 1 20 0.514456
23 0 6 0.568264
25 0 16 0.193205
25 1 24 1.000000
25 0 25 0.523605
26 0 19 0.914960
26 1 0 0.301099
26 1 22 0.698901
27 0 3 0.606106
27 1 8 0.635420
27 1 7 0.364580
19 1 25 0.003590
