36 12
0 0 9 0.978693
1 0 0 0.254592
2 0 8 0.380987
3 0 9 0.843972
4 0 10 0.721550
5 0 7 0.186433
6 0 10 0.373125
7 0 3 0.240204
8 0 0 0.382419
9 0 7 1.000000
10 0 1 1.000000
11 0 3 0.479957
0 1 11 1.000000
0 0 4 0.021307
1 0 8 0.027119
2 0 2 0.619013
2 1 1 0.054969
2 1 3 0.945031
3 0 0 0.092364
3 1 8 1.000000
3 0 4 0.063665
4 0 0 0.278450
4 1 2 1.000000
1 0 6 0.496158
5 0 3 0.326930
5 1 7 1.000000
5 0 0 0.486636
6 1 10 1.000000
6 0 4 0.626875
7 0 7 0.759796
7 1 0 0.391974
7 1 2 0.608026
8 0 4 0.617581
11 1 9 1.000000
11 0 11 0.520043
1 0 5 0.222132
