56 19
0 0 10 0.602633
1 0 6 0.378735
2 0 6 1.000000
3 0 13 0.077890
4 0 14 1.000000
5 0 9 1.000000
6 0 12 0.302281
7 0 6 0.749486
8 0 6 1.000000
9 0 13 0.430314
10 0 1 0.533862
11 0 18 0.541822
12 0 3 1.000000
13 0 4 0.380006
14 0 17 0.725263
15 0 18 0.070160
16 0 13 0.157771
17 0 5 0.450243
18 0 6 0.011281
0 0 3 0.397367
1 0 14 0.282595
2 1 7 0.525917
2 1 9 0.474083
3 0 1 0.231261
3 1 10 1.000000
3 0 6 0.690849
5 1 2 0.238375
5 1 14 0.761625
6 0 11 0.697719
6 1 8 0.744241
6 1 5 0.255759
7 0 17 0.250514
9 0 1 0.569686
10 1 0 1.000000
10 0 7 0.466138
11 0 7 0.458178
11 1 5 0.689874
11 1 3 0.310126
12 1 4 0.506214
12 1 0 0.493786
13 0 2 0.619994
14 1 15 1.000000
14 0 5 0.274737
15 0 13 0.653065
15 1 9 1.000000
15 0 4 0.276775
16 0 4 0.494942
16 1 17 1.000000
16 0 15 0.347287
17 0 14 0.549757
17 1 3 0.092625
17 1 6 0.907375
18 0 18 0.988719
18 1 5 0.113422
18 1 12 0.886578
1 0 16 0.338670
