50 17
0 0 15 0.871726
1 0 13 1.000000
2 0 15 0.220217
3 0 7 1.000000
4 0 0 0.803857
5 0 9 0.817621
6 0 7 0.452744
7 0 9 0.316224
8 0 13 0.116667
9 0 0 1.000000
10 0 16 1.000000
11 0 16 0.345026
12 0 2 0.285739
13 0 5 1.000000
14 0 13 0.386298
15 0 7 1.000000
16 0 8 0.280328
0 1 11 1.000000
0 0 0 0.128274
2 0 7 0.328303
4 1 15 0.612282
4 1 6 0.387718
5 1 12 1.000000
5 0 7 0.182379
6 0 13 0.375808
6 1 6 1.000000
6 0 5 0.171448
7 0 0 0.435361
7 1 7 1.000000
7 0 12 0.248414
8 1 12 1.000000
8 0 8 0.883333
10 1 12 0.482735
10 1 4 0.517265
11 0 6 0.654974
11 1 16 0.566260
11 1 9 0.433740
12 0 12 0.104408
12 1 10 1.000000
12 0 9 0.609853
13 1 1 0.059927
13 1 15 0.940073
14 0 9 0.173854
14 1 8 1.000000
14 0 12 0.439848
16 0 11 0.114534
16 1 15 1.000000
16 0 10 0.605138
2 0 3 0.451480
4 0 14 0.196143
