58 23
0 0 22 0.357150
1 0 4 0.465258
2 0 16 0.953236
3 0 12 1.000000
4 0 0 0.806371
5 0 12 1.000000
6 0 17 0.559674
7 0 0 0.393671
8 0 18 0.615227
9 0 14 0.346584
10 0 16 0.950666
11 0 12 0.199433
12 0 5 0.718215
13 0 18 1.000000
14 0 1 0.245408
15 0 21 0.909438
16 0 3 1.000000
17 0 13 1.000000
18 0 20 0.649358
19 0 14 1.000000
20 0 1 1.000000
21 0 20 0.422716
22 0 11 0.309110
0 0 13 0.148522
0 1 2 1.000000
0 0 8 0.494328
1 0 15 0.534742
2 1 1 1.000000
2 0 17 0.046764
4 1 6 1.000000
4 0 2 0.193629
5 1 18 0.432830
5 1 7 0.567170
6 0 4 0.440326
7 0 22 0.606329
8 1 20 1.000000
8 0 9 0.384773
9 1 5 1.000000
9 0 15 0.653416
10 0 9 0.049334
10 1 22 0.902961
10 1 20 0.097039
11 1 1 1.000000
11 0 9 0.800567
12 0 6 0.281785
12 1 10 0.502599
12 1 22 0.497401
14 0 19 0.545298
14 1 0 1.000000
14 0 6 0.209293
15 0 2 0.090562
17 1 15 0.137842
17 1 5 0.862158
18 1 9 1.000000
18 0 13 0.350642
21 0 5 0.577284
22 1 5 1.000000
22 0 9 0.690890
