63 22
0 0 11 0.624903
1 0 20 1.000000
2 0 6 0.132520
3 0 7 0.647329
4 0 21 0.551651
5 0 20 1.000000
6 0 14 0.085485
7 0 12 0.081305
8 0 11 1.000000
9 0 20 0.272195
10 0 15 0.901309
11 0 4 0.174116
12 0 17 0.506184
13 0 21 0.402021
14 0 4 0.988664
15 0 19 1.000000
16 0 18 1.000000
17 0 0 0.511891
18 0 15 0.486743
19 0 18 1.000000
20 0 14 0.539850
21 0 1 0.336048
0 0 2 0.375097
0 1 15 0.485408
0 1 12 0.514592
2 0 17 0.867480
3 1 4 1.000000
3 0 0 0.352671
4 0 15 0.251163
4 1 14 1.000000
4 0 9 0.197187
5 1 9 0.341469
5 1 21 0.658531
6 0 9 0.914515
7 0 17 0.918695
9 0 13 0.210372
9 1 20 1.000000
9 0 16 0.517433
10 0 10 0.098691
10 1 19 0.601833
10 1 0 0.398167
11 0 3 0.439247
11 1 8 1.000000
11 0 8 0.386637
12 0 13 0.330583
12 1 21 1.000000
12 0 20 0.163233
13 0 6 0.597979
13 1 15 0.455525
13 1 7 0.544475
14 1 16 1.000000
14 0 16 0.011336
15 1 10 0.485290
15 1 1 0.514710
21 0 16 0.663952
16 1 4 1.000000
20 0 20 0.460150
17 1 2 1.000000
17 0 15 0.488109
18 1 17 1.000000
18 0 5 0.513257
20 1 0 1.000000
19 1 10 1.000000
