51 17
0 0 10 0.800000
12 0 11 0.373696
2 0 8 0.362805
3 0 12 0.813627
4 0 5 0.846010
5 0 12 0.198886
6 0 0 1.000000
7 0 9 0.280171
8 0 14 0.457454
9 0 5 1.000000
10 0 9 0.310936
11 0 0 0.258072
12 0 10 0.626304
13 0 8 1.000000
14 0 16 0.419761
15 0 0 0.525983
16 0 1 0.662766
0 0 6 0.200000
16 0 0 0.337234
1 1 12 0.253932
1 1 7 0.746068
2 0 13 0.328858
2 1 10 1.000000
2 0 7 0.308336
3 0 16 0.186373
3 1 8 0.647753
3 1 9 0.352247
4 0 0 0.153990
5 1 16 1.000000
5 0 1 0.801114
6 1 15 0.963368
6 1 13 0.036632
7 0 16 0.003975
7 1 6 1.000000
7 0 10 0.715853
8 1 10 1.000000
8 0 3 0.542546
9 1 1 0.289219
9 1 9 0.710781
10 0 3 0.359345
10 1 7 1.000000
10 0 4 0.329719
11 1 16 1.000000
11 0 15 0.741928
16 1 16 1.000000
15 1 16 0.743584
14 0 8 0.203976
14 1 6 1.000000
14 0 2 0.376262
15 0 1 0.474017
15 1 12 0.256416
