39 14
0 0 5 0.324163
1 0 6 0.204036
2 0 13 1.000000
3 0 2 0.913993
4 0 9 0.595388
5 0 3 0.635749
6 0 9 0.616728
7 0 9 1.000000
8 0 1 1.000000
9 0 11 0.533283
10 0 9 0.472047
11 0 2 1.000000
12 0 0 1.000000
13 0 9 0.715648
0 1 13 0.307031
0 1 7 0.692969
1 0 2 0.382572
1 1 6 1.000000
1 0 5 0.413392
3 1 10 1.000000
3 0 12 0.086007
4 0 11 0.404612
5 0 1 0.364251
5 1 0 0.560046
5 1 3 0.439954
6 0 3 0.301002
6 1 0 1.000000
6 0 12 0.082269
8 1 13 0.739105
8 1 7 0.260895
9 1 0 1.000000
9 0 8 0.466717
10 0 7 0.527953
10 1 12 0.284079
10 1 7 0.715921
13 0 3 0.284352
13 1 2 0.571583
13 1 3 0.428417
0 0 4 0.675837
