68 25
0 0 22 0.938824
1 0 0 0.573466
2 0 9 0.534591
3 0 22 0.275814
4 0 14 0.866845
5 0 2 0.137143
6 0 5 1.000000
7 0 15 0.328699
8 0 10 0.507440
9 0 17 1.000000
10 0 0 0.228727
11 0 10 0.231435
12 0 0 0.550643
13 0 24 1.000000
14 0 3 0.922816
15 0 13 0.152846
16 0 19 0.065662
17 0 6 1.000000
18 0 12 1.000000
19 0 21 0.757659
20 0 10 1.000000
21 0 6 0.647007
22 0 17 1.000000
23 0 3 0.229549
24 0 15 0.206023
0 0 12 0.061176
1 0 21 0.426534
2 0 15 0.465409
3 0 24 0.724186
4 1 6 1.000000
4 0 10 0.133155
5 0 12 0.220303
5 1 15 1.000000
5 0 16 0.642554
7 0 21 0.671301
8 0 3 0.492560
8 1 6 0.705194
8 1 20 0.294806
9 1 8 0.515234
9 1 1 0.484766
10 0 11 0.766145
10 1 16 1.000000
10 0 10 0.005128
11 0 6 0.320156
11 1 23 1.000000
11 0 8 0.448409
12 0 20 0.449357
14 1 17 1.000000
14 0 10 0.077184
15 0 9 0.847154
15 1 10 0.425044
15 1 14 0.574956
16 1 2 1.000000
16 0 9 0.914525
18 1 4 0.321870
18 1 7 0.678130
19 0 15 0.215232
19 1 2 0.693430
19 1 17 0.306570
20 1 16 0.412812
20 1 14 0.587188
21 1 22 1.000000
21 0 24 0.352993
23 0 24 0.770451
24 0 5 0.626702
16 0 4 0.019813
24 0 7 0.167275
19 0 18 0.027109
