51 20
0 0 12 1.000000
1 0 13 0.629714
2 0 17 0.923524
3 0 9 1.000000
19 0 5 0.863288
5 0 6 0.309821
6 0 15 0.520654
7 0 1 0.825326
8 0 17 0.803949
9 0 15 0.125277
10 0 4 1.000000
19 1 2 1.000000
12 0 17 0.254363
13 0 3 0.729665
14 0 12 1.000000
15 0 11 1.000000
16 0 6 1.000000
18 0 2 0.609264
18 0 10 0.390736
19 0 13 0.136712
0 1 4 0.900106
0 1 16 0.099894
1 0 2 0.370286
2 1 7 1.000000
2 0 9 0.076476
18 1 14 1.000000
4 1 6 0.446131
4 1 12 0.553869
5 0 17 0.382282
5 1 8 1.000000
5 0 14 0.307898
6 0 3 0.215628
6 1 0 1.000000
6 0 18 0.263718
7 1 14 1.000000
7 0 5 0.174674
8 0 15 0.196051
8 1 6 0.654931
8 1 0 0.345069
9 0 18 0.874723
17 0 2 1.000000
11 1 10 1.000000
11 0 17 1.000000
12 0 19 0.745637
12 1 13 0.672064
12 1 18 0.327936
13 1 19 1.000000
13 0 1 0.270335
15 1 14 0.768205
15 1 7 0.231795
17 1 13 1.000000
