45 17
0 0 9 1.000000
1 0 9 0.589198
2 0 9 0.363365
3 0 16 0.606686
4 0 6 0.463675
6 0 7 0.262646
6 0 8 0.491722
7 0 15 1.000000
16 0 9 0.984391
9 0 5 0.500095
10 0 0 0.555894
11 0 9 0.312100
12 0 9 0.037680
13 0 3 0.374633
14 0 0 1.000000
15 0 11 1.000000
16 0 13 0.015609
0 1 15 0.537667
0 1 9 0.462333
1 0 15 0.296521
1 1 11 1.000000
1 0 8 0.114281
2 1 12 1.000000
2 0 3 0.636635
3 1 0 1.000000
3 0 13 0.393314
4 0 9 0.162964
4 1 4 1.000000
4 0 15 0.373361
16 1 6 1.000000
6 0 15 0.245633
8 1 2 1.000000
15 1 1 0.228265
9 0 16 0.499905
10 0 6 0.444106
10 1 9 0.478429
10 1 4 0.521571
11 0 10 0.687900
15 1 8 0.771735
14 1 11 0.691229
12 0 10 0.487979
12 1 14 1.000000
12 0 4 0.474341
13 0 2 0.625367
14 1 13 0.308771
