40 12
0 0 1 0.377541
1 0 0 0.452711
2 0 5 1.000000
3 0 5 0.547009
4 0 3 1.000000
5 0 1 0.296008
6 0 7 1.000000
7 0 4 0.614372
8 0 6 0.686586
9 0 8 0.350314
10 0 9 1.000000
11 0 10 1.000000
0 0 11 0.603448
0 1 0 1.000000
0 0 6 0.019012
1 0 2 0.547289
1 1 11 0.590006
1 1 2 0.409994
2 1 1 0.226425
2 1 5 0.773575
3 0 6 0.452991
3 1 0 0.705008
3 1 7 0.294992
4 1 8 0.642675
4 1 1 0.357325
5 0 6 0.498707
5 1 10 1.000000
5 0 10 0.205284
6 1 11 0.502560
6 1 6 0.497440
7 1 8 1.000000
7 0 7 0.385628
8 0 1 0.007444
8 1 1 1.000000
8 0 9 0.305971
9 0 9 0.649686
9 1 6 0.442472
9 1 7 0.557528
10 1 2 0.163958
10 1 11 0.836042
