79 28
0 0 14 1.000000
1 0 21 0.516842
14 0 15 0.564715
3 0 12 0.671477
4 0 12 1.000000
5 0 1 1.000000
6 0 27 0.416996
7 0 18 1.000000
8 0 18 0.155373
9 0 6 0.889770
10 0 8 0.452005
11 0 22 0.474612
12 0 24 1.000000
12 1 13 0.371089
14 0 19 0.435285
15 0 21 0.382441
16 0 14 1.000000
17 0 4 1.000000
18 0 2 0.844317
19 0 20 0.401928
20 0 24 0.508427
21 0 14 0.385261
22 0 26 1.000000
23 0 25 1.000000
24 0 2 0.143885
25 0 3 0.426325
26 0 17 1.000000
27 0 5 1.000000
0 1 12 0.266846
0 1 22 0.733154
1 1 26 1.000000
1 0 0 0.483158
2 1 16 1.000000
27 1 7 0.180871
3 1 0 1.000000
3 0 21 0.328523
6 0 2 0.583004
6 1 3 0.473438
6 1 27 0.526562
7 1 10 0.800534
7 1 19 0.199466
8 0 12 0.309257
8 1 8 1.000000
8 0 23 0.535370
9 0 19 0.110230
10 0 22 0.547995
10 1 2 0.560599
10 1 27 0.439401
11 0 3 0.525388
11 1 26 0.886272
11 1 23 0.113728
12 1 5 0.360827
12 1 8 0.268083
27 1 5 0.523035
13 1 23 1.000000
13 0 8 1.000000
15 1 14 1.000000
15 0 5 0.617559
16 1 9 0.483215
16 1 1 0.516785
17 1 1 0.149630
17 1 9 0.850370
18 0 10 0.155683
18 1 26 0.832504
18 1 18 0.167496
19 0 17 0.598072
20 0 22 0.269666
20 1 0 1.000000
20 0 20 0.221907
21 0 17 0.614739
21 1 18 0.429166
21 1 19 0.570834
23 1 12 0.552044
23 1 3 0.447956
24 0 10 0.856115
24 1 25 0.398657
24 1 16 0.601343
25 0 11 0.573675
27 1 1 0.296094
