74 25
0 0 1 1.000000
1 0 5 1.000000
2 0 7 0.027902
3 0 6 0.737781
4 0 0 1.000000
5 0 11 0.336580
6 0 15 0.276670
7 0 20 0.303883
8 0 4 0.363472
9 0 7 1.000000
10 0 22 0.947888
11 0 10 0.280043
12 0 7 1.000000
13 0 5 0.227454
14 0 22 0.448697
15 0 0 0.046617
16 0 14 1.000000
17 0 7 0.673934
18 0 22 0.523851
19 0 3 1.000000
20 0 5 0.222624
18 1 24 0.434085
22 0 7 0.683936
7 0 19 0.696117
24 0 15 0.474477
0 1 8 0.582909
0 1 17 0.417091
2 1 21 1.000000
2 0 11 0.972098
3 1 13 1.000000
3 0 15 0.262219
5 0 10 0.663420
6 0 9 0.324376
6 1 16 1.000000
6 0 1 0.398954
8 0 23 0.292419
8 1 6 1.000000
8 0 6 0.344109
9 1 4 0.581407
9 1 0 0.418593
10 0 2 0.052112
11 1 8 1.000000
11 0 17 0.719957
12 1 15 0.598931
12 1 14 0.401069
13 0 21 0.116460
13 1 14 1.000000
13 0 20 0.656086
14 1 12 1.000000
14 0 4 0.551303
15 1 0 1.000000
15 0 17 0.953383
16 1 13 0.821585
16 1 11 0.178415
17 0 0 0.326066
17 1 15 0.627594
17 1 3 0.372406
18 0 7 0.476149
18 1 10 0.010521
18 1 3 0.555394
20 0 4 0.480932
20 1 20 1.000000
20 0 12 0.296444
21 0 13 1.000000
21 1 8 1.000000
22 0 18 0.275221
22 0 21 0.040843
22 1 12 0.394853
22 1 0 0.605147
24 1 13 0.579023
23 1 21 0.635664
23 1 2 0.364336
24 0 1 0.525523
24 1 22 0.420977
