46 16
0 0 6 1.000000
1 0 3 0.375820
2 0 11 0.587629
3 0 1 0.926075
4 0 15 0.272492
5 0 15 0.571223
6 0 13 0.221612
7 0 4 0.458158
8 0 7 1.000000
9 0 6 1.000000
10 0 3 1.000000
11 0 14 0.184750
12 0 8 0.367885
13 0 9 0.159220
14 0 8 0.971087
13 0 10 0.451262
1 0 13 0.484424
1 1 4 1.000000
1 0 11 0.139756
2 0 15 0.412371
2 1 11 0.226476
2 1 12 0.773524
3 1 5 1.000000
3 0 11 0.073925
4 1 8 1.000000
4 0 13 0.727508
5 1 3 0.247025
5 1 1 0.752975
6 0 5 0.778388
6 1 8 0.605865
6 1 0 0.394135
7 0 11 0.167279
7 1 12 1.000000
7 0 3 0.374563
11 1 4 1.000000
11 0 1 0.815250
12 0 5 0.539806
12 1 13 1.000000
12 0 9 0.092309
13 0 5 0.389518
13 1 0 0.744220
13 1 8 0.255780
14 0 1 0.028913
14 1 8 0.207302
14 1 1 0.792698
5 0 2 0.428777
