39 11
0 0 10 0.336209
1 0 7 0.766750
2 0 10 0.383783
3 0 10 0.573398
4 0 3 0.497301
5 0 3 1.000000
6 0 10 0.088269
7 0 10 0.762200
8 0 3 0.478839
9 0 6 1.000000
10 0 2 0.006708
0 0 8 0.500430
0 1 3 0.437066
0 0 0 0.163361
1 0 10 0.233250
1 1 8 0.514695
1 1 0 0.485305
2 1 2 0.625641
2 1 6 0.374359
3 0 2 0.426602
3 1 4 0.464644
3 1 10 0.535356
4 0 8 0.502699
5 1 9 0.222458
5 1 4 0.777542
6 0 6 0.478905
6 1 7 1.000000
6 0 8 0.432827
7 0 3 0.156890
7 1 3 1.000000
7 0 6 0.080910
8 0 1 0.521161
9 1 3 0.496431
9 1 2 0.503569
10 0 10 0.650947
10 1 10 1.000000
10 0 1 0.342345
0 1 5 0.562934
2 0 9 0.616217
