37 12
0 0 11 0.355928
1 0 4 1.000000
2 0 11 0.080423
3 0 9 1.000000
4 0 2 0.774556
5 0 10 1.000000
0 0 6 0.254018
7 0 10 0.546232
8 0 0 0.310170
9 0 10 0.093266
10 0 2 0.526604
11 0 5 1.000000
0 0 7 0.390054
8 0 1 0.413919
11 1 5 0.529259
1 1 1 0.535621
1 1 0 0.464379
2 0 7 0.531019
2 1 2 1.000000
2 0 2 0.388557
4 0 7 0.225444
5 1 10 0.480297
5 1 5 0.519703
11 1 0 0.470741
6 1 5 0.676360
6 1 0 0.323640
7 1 2 1.000000
7 0 5 0.453768
8 0 3 0.275912
8 1 8 0.730807
8 1 2 0.269193
9 0 3 0.442883
9 1 7 1.000000
9 0 5 0.463850
10 0 8 0.473396
10 1 5 0.361065
10 1 4 0.638935
