64 19
0 0 5 0.432698
1 0 16 1.000000
2 0 3 0.560920
3 0 5 1.000000
4 0 8 1.000000
5 0 11 0.041127
6 0 18 1.000000
7 0 10 0.335439
8 0 18 1.000000
9 0 3 1.000000
10 0 7 0.263375
11 0 1 0.151596
12 0 2 0.671408
13 0 3 0.498315
14 0 5 0.680427
15 0 12 0.278331
16 0 6 0.269499
17 0 3 0.315227
18 0 13 1.000000
0 0 10 0.567302
0 1 10 0.683867
0 1 11 0.316133
3 1 9 0.601225
3 1 10 0.398775
4 1 10 0.266692
4 1 11 0.733308
5 1 10 1.000000
5 0 3 0.958874
6 1 4 0.467552
6 1 18 0.476607
7 0 8 0.620543
7 1 16 1.000000
7 0 11 0.044018
8 1 9 0.434783
8 1 0 0.024088
9 1 10 0.573232
9 1 9 0.426768
10 1 5 1.000000
10 0 16 0.736625
11 0 9 0.791928
11 1 4 1.000000
11 0 7 0.056476
12 0 16 0.328592
12 1 17 0.633254
12 1 12 0.366746
13 0 7 0.501685
13 1 10 0.387878
13 1 0 0.612122
14 1 16 0.632061
14 0 1 0.319573
15 0 10 0.223650
15 1 12 1.000000
15 0 13 0.498018
16 0 2 0.006028
16 1 13 1.000000
16 0 7 0.724473
17 1 18 1.000000
17 0 16 0.684773
18 1 8 0.724504
18 1 5 0.275496
6 1 12 0.055841
2 0 14 0.439080
8 1 15 0.541130
14 1 17 0.367939
