51 19
0 0 18 0.575024
1 0 14 1.000000
2 0 7 1.000000
3 0 8 1.000000
4 0 17 0.501904
5 0 18 0.241103
6 0 10 0.185803
7 0 2 1.000000
8 0 13 1.000000
4 1 11 0.104714
10 0 5 1.000000
11 0 9 0.520427
5 0 4 0.460842
13 0 6 0.066081
14 0 15 0.470713
15 0 16 0.515104
16 0 13 0.494334
17 0 6 1.000000
18 0 9 0.148545
0 0 5 0.424976
1 1 11 0.895535
1 1 5 0.104465
3 1 5 0.264726
3 1 2 0.735274
4 1 7 0.895286
4 0 3 0.498096
5 0 8 0.298056
6 0 7 0.132588
6 1 3 1.000000
6 0 12 0.681609
7 1 13 0.154985
7 1 14 0.845015
9 0 15 1.000000
9 1 14 1.000000
12 0 1 0.444102
10 1 15 0.322257
10 1 3 0.677743
11 1 6 1.000000
11 0 16 0.479573
12 0 10 0.555898
12 1 12 1.000000
18 0 5 0.455411
13 1 18 1.000000
13 0 17 0.933919
14 0 6 0.229456
14 1 0 1.000000
14 0 3 0.299831
15 0 3 0.484896
16 0 14 0.505666
18 0 16 0.396044
18 1 15 1.000000
