59 23
0 0 22 1.000000
1 0 19 0.286058
2 0 6 1.000000
3 0 6 0.796265
9 1 7 0.371311
5 0 4 0.572219
6 0 3 1.000000
7 0 15 0.793307
8 0 19 0.116310
9 0 4 1.000000
10 0 6 1.000000
11 0 14 0.549424
12 0 21 0.778333
13 0 6 0.326537
14 0 12 1.000000
15 0 18 0.086192
16 0 0 0.682950
20 0 22 0.209657
18 0 20 0.381511
19 0 10 1.000000
20 0 5 0.790343
21 0 13 1.000000
22 0 15 1.000000
0 1 11 0.428039
0 1 18 0.571961
1 0 12 0.367457
1 1 1 1.000000
1 0 16 0.346485
2 1 8 0.482009
2 1 21 0.517991
3 1 2 1.000000
3 0 20 0.203735
19 1 0 0.457663
4 1 17 0.659304
4 1 0 0.340696
5 0 5 0.427781
6 1 3 0.355383
6 1 9 0.644617
7 0 5 0.155918
7 1 5 1.000000
7 0 2 0.050775
8 0 13 0.883690
9 1 0 0.215934
9 1 20 0.412755
11 1 20 1.000000
11 0 2 0.450576
12 1 1 1.000000
12 0 22 0.221667
13 0 19 0.673463
14 1 0 0.578858
14 1 3 0.421142
15 1 18 1.000000
15 0 17 0.913808
16 1 14 1.000000
16 0 11 0.317050
17 0 1 1.000000
17 1 9 1.000000
19 1 19 0.542337
18 0 15 0.618489
