34 12
0 0 2 0.474354
1 0 2 0.549862
2 0 10 1.000000
3 0 8 0.416295
4 0 7 0.442359
5 0 10 1.000000
6 0 0 0.340891
7 0 5 0.355641
8 0 0 0.339201
9 0 7 0.861969
10 0 6 1.000000
11 0 0 0.956795
0 0 5 0.525646
1 0 11 0.450138
1 1 1 0.833676
1 1 11 0.166324
2 1 0 0.259067
2 1 6 0.740933
3 0 11 0.583705
4 0 4 0.557641
6 0 2 0.652397
6 1 1 1.000000
6 0 7 0.006712
7 1 9 1.000000
7 0 9 0.644360
8 0 1 0.104734
8 1 11 0.769992
8 0 8 0.556065
9 1 6 1.000000
9 0 11 0.138031
10 1 10 0.713068
10 1 3 0.286932
11 0 5 0.043205
8 1 4 0.230008
