60 22
0 0 11 0.621418
1 0 15 1.000000
2 0 5 0.549532
3 0 7 0.505557
4 0 18 1.000000
5 0 4 1.000000
6 0 1 0.134691
7 0 8 1.000000
8 0 13 0.417300
9 0 6 0.122318
10 0 16 0.359744
11 0 7 1.000000
12 0 3 0.018849
13 0 6 0.485763
14 0 13 1.000000
15 0 13 1.000000
16 0 4 1.000000
17 0 5 1.000000
18 0 2 0.368026
19 0 3 0.538304
20 0 15 0.994692
21 0 19 0.406120
0 1 7 1.000000
0 0 1 0.378582
1 1 17 0.625097
1 1 10 0.374903
2 0 3 0.450468
2 1 7 0.253444
2 1 4 0.148608
3 1 7 1.000000
3 0 4 0.494443
4 1 18 0.174856
4 1 14 0.402669
6 0 16 0.760196
8 0 3 0.582700
9 0 0 0.877682
10 0 19 0.640256
10 1 19 0.703630
10 1 16 0.296370
12 1 13 1.000000
12 0 21 0.981151
13 0 10 0.514237
13 1 11 0.072127
13 1 16 0.927873
14 1 16 0.764289
14 1 7 0.235711
16 1 1 0.546184
16 1 17 0.453816
17 1 18 0.486481
17 1 17 0.513519
18 0 9 0.631974
18 1 6 0.641532
18 1 10 0.358468
19 0 13 0.461696
20 0 9 0.005308
21 1 11 1.000000
21 0 3 0.593880
2 1 12 0.597948
4 1 20 0.422475
6 0 21 0.105113
