44 15
0 0 3 0.433024
1 0 6 0.431223
2 0 4 0.403770
3 0 0 1.000000
4 0 7 0.426323
5 0 9 0.466035
6 0 13 0.012682
7 0 8 0.214981
8 0 12 0.610068
9 0 11 0.479314
10 0 4 0.678649
11 0 4 1.000000
12 0 13 0.404381
13 0 8 0.524605
14 0 10 1.000000
0 1 9 1.000000
0 0 9 0.566976
1 0 10 0.158988
1 1 7 1.000000
1 0 1 0.409788
2 1 9 1.000000
2 0 0 0.596230
3 1 13 0.221336
3 1 8 0.778664
4 0 3 0.573677
5 0 10 0.371288
6 1 14 1.000000
6 0 2 0.987318
7 0 3 0.624986
7 1 3 1.000000
7 0 5 0.160032
9 0 4 0.520686
10 1 2 1.000000
10 0 13 0.321351
11 1 10 0.989623
11 1 0 0.010377
12 1 10 1.000000
12 0 7 0.595619
13 0 7 0.475395
13 1 12 0.336372
13 1 2 0.663628
8 0 1 0.389932
5 0 6 0.110040
5 0 14 0.052638
