73 26
0 0 22 0.016204
1 0 11 0.362483
2 0 9 1.000000
3 0 15 0.655559
4 0 11 0.786594
5 0 24 0.197798
6 0 25 0.189097
7 0 11 0.650340
25 1 4 0.438221
9 0 0 0.307064
10 0 17 0.531619
11 0 5 1.000000
12 0 9 0.110460
13 0 19 1.000000
14 0 24 1.000000
15 0 18 0.694672
16 0 1 1.000000
17 0 11 0.399717
18 0 0 1.000000
19 0 6 0.140145
20 0 15 1.000000
21 0 7 0.523035
22 0 18 0.208705
23 0 2 0.439567
24 0 23 0.758681
25 0 9 1.000000
0 0 13 0.983796
0 1 12 0.229268
0 1 9 0.770732
1 0 13 0.637517
1 1 19 0.148942
1 1 18 0.851058
2 1 4 0.260275
2 1 10 0.739725
3 0 3 0.344441
4 0 19 0.213406
25 1 10 0.561779
24 0 14 0.241319
5 0 19 0.603102
5 1 5 1.000000
5 0 16 0.199100
6 0 4 0.810903
7 0 15 0.136818
7 1 7 1.000000
7 0 23 0.212842
24 1 15 1.000000
9 0 10 0.692936
9 1 20 0.054989
9 1 10 0.945011
10 0 7 0.468381
10 1 19 0.745274
10 1 8 0.254726
12 0 14 0.889540
13 1 22 0.280742
13 1 16 0.719258
15 1 2 1.000000
15 0 1 0.305328
17 0 9 0.288649
17 1 24 1.000000
17 0 8 0.311634
19 0 20 0.859855
19 1 2 0.645971
19 1 13 0.354029
20 1 16 0.935135
20 1 21 0.064865
21 0 16 0.476965
21 1 15 0.344490
21 1 14 0.655510
22 1 4 1.000000
22 0 1 0.791295
23 0 19 0.224980
23 1 10 1.000000
23 0 14 0.335453
