46 20
0 0 18 0.670488
1 0 2 1.000000
2 0 9 0.839410
3 0 9 1.000000
4 0 5 0.970556
5 0 0 1.000000
6 0 1 1.000000
7 0 2 1.000000
8 0 6 1.000000
9 0 14 0.394076
10 0 5 1.000000
9 0 16 0.605924
12 0 8 0.990242
13 0 6 1.000000
14 0 13 0.216124
15 0 2 0.757691
16 0 19 0.839870
17 0 14 0.510405
18 0 13 1.000000
19 0 1 1.000000
0 1 14 1.000000
0 0 3 0.329512
2 0 7 0.128871
2 1 15 1.000000
2 0 2 0.031718
3 1 15 0.629411
3 1 10 0.370589
4 0 11 0.029355
4 1 17 1.000000
4 0 13 0.000089
17 0 17 0.472550
17 1 12 1.000000
8 1 6 0.216800
8 1 19 0.783200
9 1 18 0.114060
9 1 12 0.885940
11 1 1 1.000000
17 0 17 0.017045
12 0 4 0.009758
14 0 12 0.783876
14 1 10 0.974836
14 1 17 0.025164
15 0 0 0.242309
15 1 4 0.170094
15 1 7 0.829906
16 0 17 0.160130
