80 28
0 0 22 0.681490
1 0 22 1.000000
2 0 12 0.561869
3 0 25 1.000000
4 0 2 0.262002
5 0 12 0.229357
6 0 1 0.877511
7 0 23 0.197877
8 0 18 0.642232
9 0 12 1.000000
10 0 1 1.000000
2 0 10 0.438131
12 0 13 0.523136
13 0 19 1.000000
14 0 23 0.472349
15 0 2 0.163329
16 0 13 1.000000
17 0 14 0.838336
18 0 24 0.270532
11 0 3 1.000000
20 0 25 0.876025
21 0 9 0.455947
22 0 7 0.151896
23 0 20 0.435516
24 0 21 0.830416
25 0 12 0.983161
26 0 6 1.000000
27 0 14 1.000000
0 0 27 0.318510
0 1 13 0.552897
0 1 22 0.447103
1 1 19 0.002630
1 1 27 0.997370
3 1 5 0.692302
3 1 16 0.307698
4 0 11 0.425498
4 1 1 1.000000
4 0 17 0.312500
5 0 11 0.410487
5 1 11 1.000000
5 0 2 0.360157
6 0 15 0.062556
6 1 5 1.000000
6 0 8 0.059933
7 0 11 0.802123
8 0 0 0.357768
8 1 2 0.013762
8 1 16 0.986238
26 1 26 0.414470
12 0 20 0.299692
12 1 19 1.000000
12 0 2 0.177172
14 0 17 0.527651
15 0 24 0.836671
16 1 22 0.678770
16 1 27 0.321230
17 1 24 1.000000
17 0 15 0.161664
18 0 4 0.197212
18 1 21 1.000000
18 0 11 0.532255
26 1 22 0.585530
19 1 25 1.000000
19 0 24 1.000000
20 0 17 0.123975
21 0 23 0.242450
21 1 8 1.000000
21 0 21 0.301604
22 0 17 0.848104
22 1 15 0.507568
22 1 25 0.492432
23 0 11 0.564484
23 1 15 0.984725
23 1 20 0.015275
24 0 1 0.169584
24 1 7 0.053244
24 1 14 0.946756
25 0 27 0.016839
25 1 5 0.506588
25 1 12 0.493412
