56 21
0 0 4 1.000000
1 0 19 0.793697
2 0 14 1.000000
3 0 5 0.561732
15 1 17 0.620879
5 0 12 0.276416
6 0 11 1.000000
7 0 12 0.393154
8 0 14 1.000000
9 0 10 0.401364
10 0 7 1.000000
11 0 6 1.000000
12 0 6 0.466292
13 0 7 0.383630
14 0 7 0.569451
15 0 13 0.515408
16 0 0 0.880734
17 0 12 0.199463
18 0 11 0.580439
19 0 10 1.000000
20 0 9 1.000000
1 0 6 0.206303
1 1 4 0.504787
1 1 18 0.495213
11 1 8 0.450535
12 0 3 0.533708
3 0 19 0.438268
4 0 12 1.000000
4 1 11 1.000000
9 0 2 0.181099
5 0 19 0.723584
5 1 10 0.785722
5 1 1 0.214278
7 1 7 1.000000
7 0 15 0.606846
8 1 17 0.904233
8 1 16 0.095767
9 0 11 0.367989
9 1 0 1.000000
9 0 5 0.049547
11 1 13 0.432197
11 1 1 0.117268
13 0 14 0.334472
13 1 7 1.000000
13 0 20 0.281897
14 0 10 0.430549
15 0 20 0.484592
15 1 13 0.034336
15 1 7 0.344786
16 0 10 0.119266
17 1 14 1.000000
17 0 20 0.800537
18 1 16 1.000000
18 0 19 0.419561
20 1 12 0.587737
20 1 15 0.412263
