67 22
0 0 1 0.175361
1 0 3 0.108480
2 0 21 0.958898
3 0 20 0.441383
4 0 15 0.584266
5 0 18 0.480005
6 0 7 0.482752
7 0 1 1.000000
8 0 14 0.916992
9 0 18 1.000000
10 0 17 0.714161
11 0 13 0.505294
12 0 8 0.653659
13 0 1 0.574049
14 0 20 0.474481
15 0 19 1.000000
16 0 3 0.487348
17 0 10 0.352256
18 0 0 1.000000
19 0 14 0.161276
20 0 19 0.082180
21 0 19 0.613933
0 0 17 0.824639
1 0 5 0.185525
1 1 21 1.000000
1 0 1 0.705995
2 1 13 1.000000
2 0 12 0.041102
3 0 18 0.398805
3 1 9 1.000000
3 0 10 0.159812
4 0 21 0.245585
4 1 8 1.000000
4 0 11 0.170149
5 0 14 0.455352
5 1 21 1.000000
5 0 6 0.064643
6 0 20 0.517248
6 1 3 0.590121
6 1 2 0.409879
8 0 13 0.083008
9 1 18 0.107953
9 1 3 0.892047
10 0 5 0.209855
10 1 1 1.000000
10 0 4 0.075985
11 1 6 1.000000
11 0 6 0.494706
12 0 0 0.346341
21 1 0 0.450211
21 1 18 0.549789
13 0 6 0.064770
13 1 0 1.000000
13 0 2 0.361182
14 0 18 0.464586
14 1 17 1.000000
14 0 12 0.060933
16 1 0 1.000000
16 0 9 0.512652
17 1 5 1.000000
17 0 16 0.647744
19 1 16 1.000000
19 0 17 0.838724
20 0 18 0.917820
20 1 19 0.607090
20 1 4 0.392910
21 0 20 0.386067
