89 30
0 0 29 1.000000
1 0 7 1.000000
2 0 3 0.519763
3 0 23 0.595968
4 0 2 1.000000
5 0 13 1.000000
6 0 1 0.834881
7 0 13 0.502667
8 0 14 0.337840
9 0 8 0.434691
10 0 6 1.000000
11 0 14 0.449516
12 0 15 0.561408
13 0 25 0.077809
14 0 23 1.000000
15 0 26 0.080965
16 0 27 1.000000
17 0 12 0.348687
18 0 20 0.420808
19 0 23 0.294773
20 0 13 0.472944
21 0 2 1.000000
22 0 29 0.268523
23 0 14 1.000000
24 0 7 0.454089
25 0 26 1.000000
26 0 16 0.180394
27 0 22 0.058986
28 0 3 1.000000
29 0 28 0.185017
0 1 26 0.726633
0 1 3 0.273367
1 1 18 0.259533
1 1 0 0.740466
2 1 9 1.000000
2 0 28 0.480237
3 0 21 0.404032
3 1 21 0.954499
3 1 15 0.045501
6 0 0 0.165119
6 1 25 0.480239
6 1 3 0.519761
7 1 16 1.000000
7 0 29 0.497333
8 0 0 0.119773
8 1 2 1.000000
8 0 25 0.542387
9 0 7 0.437754
9 1 17 1.000000
9 0 4 0.127555
10 1 19 0.702380
10 1 26 0.297620
11 0 18 0.550484
11 1 13 0.355035
11 1 7 0.644965
12 0 4 0.438592
13 0 19 0.922190
14 1 8 0.322781
14 1 3 0.441253
15 0 13 0.252093
15 1 17 1.000000
15 0 21 0.666941
17 0 27 0.649896
17 1 28 1.000000
17 0 28 0.001417
18 0 15 0.579192
18 1 17 0.583877
18 1 25 0.416123
19 0 2 0.237559
19 1 6 1.000000
19 0 7 0.467668
20 0 1 0.527056
21 1 15 0.173581
21 1 1 0.826419
22 1 23 0.685852
22 0 0 0.731477
24 1 12 1.000000
24 0 1 0.545911
25 1 8 0.314385
25 1 1 0.685615
26 0 10 0.414263
27 0 7 0.941014
27 1 7 0.370900
27 1 21 0.629100
29 1 25 1.000000
29 0 14 0.814983
22 1 5 0.314148
26 0 11 0.405344
14 1 24 0.235966
