63 23
18 1 22 0.431105
1 0 17 0.692301
2 0 20 0.234416
3 0 14 1.000000
4 0 18 0.299853
5 0 18 1.000000
6 0 19 0.526454
7 0 2 1.000000
8 0 13 1.000000
9 0 11 0.414704
10 0 1 0.328174
11 0 17 1.000000
12 0 3 1.000000
13 0 7 0.560807
14 0 3 0.293172
15 0 7 0.599650
16 0 7 0.402151
17 0 15 1.000000
18 0 0 0.334871
19 0 0 1.000000
20 0 15 0.571173
21 0 12 0.260991
22 0 21 0.391087
0 0 10 1.000000
0 1 15 1.000000
22 1 3 0.140466
1 0 13 0.307699
2 1 8 1.000000
2 0 19 0.765584
3 1 5 0.842711
3 1 21 0.157289
4 0 4 0.700147
22 1 1 0.859534
22 0 9 0.608913
6 0 20 0.473546
6 1 17 0.115080
6 1 14 0.884920
9 0 5 0.248609
9 1 8 1.000000
9 0 1 0.336687
10 0 6 0.333096
10 1 9 1.000000
10 0 20 0.338730
11 1 1 0.987870
11 1 10 0.012130
12 1 14 0.231522
12 1 18 0.768478
13 0 4 0.439193
14 0 20 0.706828
15 1 4 1.000000
15 0 3 0.400350
16 1 2 1.000000
16 0 18 0.597849
17 1 21 0.278625
17 1 20 0.721375
18 1 1 0.568895
18 0 8 0.665129
20 0 8 0.428827
20 1 2 0.346637
20 1 11 0.653363
21 0 8 0.739009
21 1 5 0.677357
21 1 16 0.322643
