73 25
0 0 10 0.694386
1 0 10 0.229992
2 0 6 0.860385
3 0 9 0.581968
4 0 3 0.686698
5 0 15 0.664474
6 0 17 1.000000
7 0 11 0.061216
8 0 13 0.665676
9 0 6 1.000000
10 0 20 0.379350
11 0 9 1.000000
12 0 24 0.501010
13 0 2 0.444279
14 0 20 0.335837
15 0 8 1.000000
16 0 23 1.000000
17 0 24 0.590649
18 0 8 0.546312
19 0 14 1.000000
20 0 4 1.000000
21 0 18 0.696400
22 0 12 1.000000
23 0 4 1.000000
24 0 0 1.000000
0 1 7 1.000000
0 0 17 0.305614
1 1 11 1.000000
1 0 6 0.770008
2 1 16 1.000000
2 0 20 0.139615
3 0 13 0.418032
4 1 17 1.000000
4 0 1 0.313302
6 1 3 0.439497
6 1 11 0.560503
7 0 9 0.039883
7 1 1 1.000000
7 0 2 0.898901
8 0 1 0.334324
9 1 0 0.503273
9 1 9 0.496727
10 0 0 0.529144
10 1 22 1.000000
10 0 11 0.091506
11 1 17 0.781483
11 1 15 0.218518
12 1 16 1.000000
12 0 20 0.498990
13 0 18 0.341626
13 1 23 1.000000
13 0 12 0.214095
14 0 4 0.294826
14 1 16 1.000000
14 0 0 0.334112
15 1 24 0.375266
15 1 11 0.624734
17 0 7 0.409351
17 1 6 0.765616
17 1 19 0.234384
18 0 2 0.453688
18 1 20 0.937224
18 1 12 0.062776
19 1 9 0.293185
19 1 19 0.706815
20 1 0 0.789179
20 1 14 0.210821
21 1 23 1.000000
21 0 6 0.303600
23 1 4 0.797239
23 1 0 0.202761
14 0 5 0.035225
5 0 21 0.335526
