53 18
0 0 2 0.023781
1 0 14 0.036158
2 0 16 0.286942
3 0 15 0.352806
4 0 9 1.000000
5 0 16 1.000000
6 0 2 0.349734
7 0 10 0.791176
8 0 3 0.423462
9 0 3 0.522336
10 0 12 1.000000
11 0 3 0.364049
12 0 16 0.893636
13 0 10 1.000000
14 0 0 0.461312
15 0 2 0.405164
16 0 0 0.165410
17 0 10 0.527629
0 1 13 1.000000
0 0 1 0.976219
1 0 9 0.963842
2 0 13 0.713058
17 0 8 0.472371
17 1 7 1.000000
3 0 11 0.315806
3 1 17 1.000000
3 0 2 0.331387
6 0 17 0.650266
6 1 17 0.695086
6 1 4 0.304914
7 0 15 0.208824
7 1 13 0.407342
7 1 9 0.592658
8 0 1 0.576538
8 1 8 0.810200
8 1 6 0.189800
9 0 13 0.477664
9 1 7 0.127487
9 1 5 0.872513
10 1 2 0.673693
10 1 8 0.326307
11 0 17 0.635951
11 1 8 0.208652
11 1 6 0.791348
12 0 14 0.106364
12 1 16 0.532260
12 1 4 0.467740
14 0 4 0.538688
15 1 13 1.000000
15 0 5 0.594836
16 0 8 0.683739
16 1 10 1.000000
16 0 10 0.150851
