61 22
8 0 14 0.111269
1 0 7 0.471223
2 0 4 0.351344
3 0 5 0.183764
4 0 2 0.854530
5 0 17 0.174008
6 0 3 0.375451
7 0 17 0.347709
8 0 19 0.888731
9 0 0 0.772195
10 0 4 0.658880
11 0 5 1.000000
12 0 13 0.218373
13 0 17 0.525791
14 0 8 1.000000
15 0 10 0.280024
16 0 10 1.000000
17 0 5 0.457491
18 0 7 0.268998
19 0 17 0.725580
20 0 5 0.257097
20 0 13 0.742903
5 0 12 0.319626
1 0 10 0.528777
1 1 4 0.471373
1 1 9 0.528627
2 0 10 0.192410
2 1 21 1.000000
2 0 17 0.456246
3 0 0 0.274196
4 1 3 1.000000
4 0 16 0.145470
5 0 15 0.339321
5 1 11 1.000000
5 0 7 0.167045
6 0 19 0.624549
6 1 19 0.236751
6 1 17 0.763249
9 0 1 0.227806
9 1 5 0.447638
9 1 15 0.552362
10 1 16 1.000000
10 0 8 0.341120
12 1 19 1.000000
12 0 4 0.781627
13 1 7 1.000000
13 0 12 0.474209
15 0 3 0.719976
15 1 15 0.350790
15 1 7 0.300751
17 0 18 0.542509
17 1 18 0.687124
17 1 20 0.312876
18 0 16 0.731002
18 1 11 0.322920
18 1 19 0.677080
19 1 0 1.000000
19 0 3 0.274420
3 0 9 0.542040
15 1 1 0.348459
7 0 6 0.652291
