88 30
0 0 29 0.536223
1 0 19 1.000000
2 0 7 0.432915
3 0 1 1.000000
4 0 27 0.257318
5 0 1 1.000000
6 0 17 0.865648
7 0 6 0.197269
8 0 22 0.791867
9 0 25 0.426435
10 0 28 1.000000
11 0 5 1.000000
12 0 13 1.000000
13 0 28 0.503632
14 0 12 1.000000
15 0 11 1.000000
16 0 9 1.000000
17 0 8 0.614483
18 0 0 0.739386
19 0 7 0.319181
20 0 26 0.448843
20 1 24 0.663220
22 0 27 1.000000
23 0 13 0.719620
24 0 25 0.175690
25 0 7 0.441717
26 0 16 0.994590
27 0 22 0.795862
28 0 19 0.659249
29 0 28 0.096452
0 0 11 0.463777
2 0 15 0.567085
3 1 12 0.479758
3 1 23 0.520242
4 0 10 0.742682
4 1 15 0.610740
4 1 4 0.389260
5 1 19 0.505069
5 1 9 0.494931
6 0 28 0.134352
7 0 19 0.348553
7 1 8 1.000000
7 0 20 0.454178
8 0 21 0.208133
9 0 0 0.573565
9 1 21 0.413611
9 1 0 0.586389
10 1 2 0.016425
10 1 5 0.983575
11 1 1 0.286831
11 1 17 0.713169
15 1 18 0.140345
12 1 25 1.000000
29 1 1 0.994126
13 0 14 0.496368
13 1 13 0.391487
13 1 6 0.608513
15 1 10 0.371875
15 1 2 0.487780
16 1 13 0.599346
16 1 17 0.400654
17 0 2 0.385517
17 1 7 0.495568
17 1 13 0.504432
18 0 13 0.088495
18 1 7 1.000000
18 0 12 0.172119
19 0 13 0.520430
19 1 13 1.000000
19 0 4 0.160389
20 1 27 0.336780
20 0 23 0.551157
29 1 25 0.005874
21 1 3 0.137728
21 1 23 0.862272
23 0 20 0.280380
24 0 7 0.726069
24 1 11 1.000000
24 0 15 0.098241
25 0 11 0.558283
26 0 13 0.005410
27 0 26 0.078294
27 1 29 1.000000
27 0 15 0.125843
28 0 16 0.163882
28 1 4 1.000000
28 0 4 0.176870
29 0 15 0.903548
