94 29
0 0 26 0.367711
1 0 4 0.730032
2 0 17 0.606042
3 0 27 1.000000
4 0 11 0.131972
5 0 1 1.000000
6 0 13 1.000000
7 0 20 0.384892
8 0 3 0.478508
9 0 21 1.000000
10 0 0 0.294064
11 0 21 1.000000
12 0 4 0.043376
13 0 0 1.000000
14 0 19 0.787810
15 0 17 0.413831
16 0 9 0.323065
17 0 27 0.322360
18 0 7 0.781205
19 0 17 0.583196
20 0 17 0.357618
21 0 20 0.364951
22 0 1 0.042100
23 0 16 0.656178
24 0 25 0.045864
25 0 2 1.000000
26 0 28 0.593927
27 0 23 1.000000
28 0 4 1.000000
0 0 7 0.067844
0 1 0 1.000000
0 0 23 0.564445
1 0 8 0.269968
1 1 24 0.506576
1 1 0 0.493424
2 0 12 0.393958
2 1 23 0.841972
2 1 26 0.158028
4 0 9 0.513191
4 1 20 1.000000
4 0 17 0.354837
5 1 2 0.583396
5 1 15 0.416604
6 1 13 0.392742
6 1 20 0.607258
7 0 17 0.615108
7 1 17 0.338670
7 1 13 0.661330
8 0 4 0.521492
8 1 20 0.433887
8 1 11 0.566113
9 1 27 0.793479
9 1 12 0.206521
10 0 28 0.705936
11 1 3 0.134221
11 1 17 0.865779
12 0 28 0.956623
12 1 1 0.525112
12 1 16 0.474888
14 0 24 0.212190
14 1 17 0.810241
14 1 14 0.189759
15 0 16 0.586169
15 1 15 0.470639
15 1 5 0.529361
16 0 25 0.280130
16 1 13 1.000000
16 0 11 0.396805
17 0 4 0.677640
17 1 0 0.467375
17 1 25 0.532625
18 1 2 1.000000
18 0 16 0.218795
19 0 18 0.304708
19 1 19 1.000000
19 0 28 0.112096
20 0 8 0.169127
20 1 24 1.000000
20 0 20 0.473255
21 1 5 1.000000
21 0 5 0.635049
22 0 24 0.076882
22 1 14 1.000000
22 0 7 0.881019
23 1 9 1.000000
23 0 20 0.343822
24 1 22 1.000000
24 0 10 0.954136
25 1 26 0.127073
25 1 11 0.872927
26 0 16 0.141552
28 1 12 0.052456
28 1 22 0.947544
26 0 6 0.264521
