82 27
0 0 14 0.918730
1 0 11 1.000000
2 0 24 1.000000
3 0 20 0.237716
4 0 18 0.283317
5 0 9 0.372321
6 0 23 0.451384
7 0 14 1.000000
8 0 0 1.000000
9 0 18 1.000000
10 0 3 0.638616
11 0 17 0.020478
12 0 10 0.159853
21 0 26 0.057986
14 0 2 0.294742
15 0 23 0.157794
16 0 15 0.671346
17 0 3 0.377116
18 0 23 0.346409
19 0 17 1.000000
20 0 7 1.000000
21 0 8 0.308925
22 0 5 0.551840
23 0 9 0.522703
24 0 23 1.000000
25 0 7 1.000000
26 0 20 0.473156
0 1 7 1.000000
0 0 23 0.081270
1 1 20 0.330483
1 1 14 0.669517
2 1 20 0.105502
2 1 0 0.894498
3 0 15 0.383715
3 1 10 1.000000
3 0 3 0.378569
4 0 9 0.340593
4 1 24 1.000000
4 0 24 0.376090
6 0 10 0.268091
6 1 0 1.000000
6 0 12 0.280524
7 1 5 0.540829
7 1 19 0.459171
9 1 17 0.335649
9 1 14 0.664351
10 0 23 0.361384
11 0 19 0.707195
12 0 14 0.734302
12 1 7 1.000000
12 0 3 0.105845
5 0 21 0.627679
14 0 14 0.356661
14 1 22 1.000000
14 0 7 0.348597
15 0 8 0.593496
15 1 19 1.000000
15 0 19 0.248709
16 0 24 0.328654
17 0 25 0.195794
17 1 13 1.000000
17 0 9 0.427090
18 0 15 0.538674
18 1 15 1.000000
18 0 20 0.114917
19 1 12 0.356419
19 1 7 0.149277
21 0 19 0.291864
21 1 26 1.000000
21 0 22 0.341225
22 0 9 0.448160
22 1 24 0.289323
22 1 5 0.710677
23 1 22 0.654923
23 0 13 0.477297
25 1 22 0.819220
25 1 1 0.180780
26 1 23 1.000000
26 0 18 0.526844
11 0 4 0.272327
19 1 6 0.494303
23 1 16 0.345077
