36 14
0 0 8 0.218463
1 0 8 0.419129
2 0 4 1.000000
7 0 9 0.646374
4 0 1 0.525030
5 0 10 1.000000
6 0 8 1.000000
7 0 2 0.202880
8 0 13 0.978966
9 0 13 1.000000
10 0 6 1.000000
11 0 12 1.000000
12 0 10 0.522624
13 0 10 0.844376
0 1 10 1.000000
0 0 7 0.781537
1 0 3 0.580871
8 0 5 0.021035
3 1 11 1.000000
3 0 8 1.000000
4 0 2 0.474970
5 1 9 0.502584
5 1 6 0.497416
6 1 3 0.322097
6 1 1 0.677903
7 1 10 1.000000
7 0 4 0.150746
8 1 4 0.720308
8 1 3 0.279692
9 1 0 0.067017
9 1 8 0.932983
12 0 0 0.477376
12 1 1 0.191374
12 1 8 0.808626
13 1 4 1.000000
13 0 3 0.155624
