41 15
0 0 2 1.000000
1 0 0 1.000000
2 0 0 0.124830
5 0 8 0.059504
4 0 12 1.000000
5 0 6 0.362194
13 1 12 0.358725
7 0 0 1.000000
8 0 14 0.871229
9 0 2 0.419773
10 0 9 0.556291
11 0 7 0.827528
12 0 14 0.282238
13 0 11 1.000000
14 0 13 1.000000
1 1 9 0.890488
1 1 4 0.109512
2 1 2 1.000000
2 0 5 0.875170
3 1 1 1.000000
13 1 1 0.641275
5 0 0 0.408350
5 1 6 1.000000
5 0 11 0.169952
6 0 0 1.000000
6 1 7 1.000000
12 0 1 0.409864
7 1 11 0.907080
7 1 6 0.092920
8 1 11 1.000000
8 0 5 0.128771
9 0 0 0.127327
9 1 5 1.000000
9 0 11 0.452900
10 1 3 1.000000
10 0 14 0.443709
11 0 2 0.172472
11 1 4 0.740295
11 1 10 0.259705
12 0 12 0.307898
12 1 12 1.000000
