57 19
0 0 7 1.000000
1 0 8 0.116612
2 0 4 0.365872
3 0 7 0.510949
4 0 12 1.000000
5 0 0 0.247752
6 0 17 1.000000
7 0 11 1.000000
8 0 15 0.328065
9 0 2 1.000000
10 0 2 0.210143
11 0 12 0.533379
12 0 5 0.663451
13 0 0 0.719661
14 0 8 0.327608
0 1 14 0.307650
16 0 8 1.000000
17 0 6 0.632725
18 0 9 1.000000
0 1 10 0.394952
0 1 15 0.297397
1 0 10 0.289376
1 1 2 1.000000
1 0 11 0.594012
2 0 12 0.188811
2 1 17 1.000000
2 0 18 0.445318
3 0 13 0.489051
5 0 8 0.382304
5 1 9 1.000000
5 0 3 0.369944
7 1 16 0.767957
7 1 15 0.232043
8 0 13 0.671935
8 1 1 0.788102
8 1 3 0.211898
9 1 7 0.820426
9 1 17 0.179574
10 0 13 0.384031
10 1 2 1.000000
10 0 7 0.405826
11 0 5 0.466621
11 1 1 0.763536
11 1 0 0.236464
12 0 4 0.001748
12 1 3 1.000000
12 0 0 0.334801
13 1 17 1.000000
13 0 5 0.280339
14 0 12 0.672392
14 1 15 0.996353
14 1 4 0.003647
15 1 6 1.000000
18 1 5 1.000000
17 0 3 0.367275
17 1 6 0.069532
17 1 4 0.930468
