46 13
4 0 12 0.054682
1 0 4 0.128670
2 0 9 0.480275
3 0 4 0.056133
4 0 3 0.062723
5 0 3 0.330676
6 0 0 0.170847
7 0 4 1.000000
8 0 7 1.000000
9 0 4 0.218560
10 0 8 0.257222
11 0 2 0.024569
12 0 1 0.157553
0 0 7 0.472870
0 1 8 1.000000
0 0 4 0.282056
2 1 11 0.455633
2 0 0 0.519725
5 0 2 0.019242
7 1 8 0.594757
7 1 1 0.405243
8 1 9 0.694684
8 1 0 0.305316
9 0 3 0.485576
9 1 3 1.000000
9 0 11 0.295863
10 0 1 0.588778
10 1 6 1.000000
10 0 6 0.154000
11 1 1 0.784852
11 1 3 0.215148
12 0 2 0.267235
12 1 9 1.000000
12 0 5 0.575212
2 1 6 0.544367
1 0 10 0.871330
11 0 12 0.975430
4 0 0 0.193340
4 0 1 0.168379
0 0 2 0.245073
4 0 11 0.167235
5 0 6 0.650081
4 0 7 0.206765
4 0 8 0.146877
3 0 9 0.943867
6 0 10 0.829153
