46 14
0 0 3 0.559888
1 0 5 0.764489
2 0 7 0.464548
3 0 6 0.553720
4 0 0 0.478191
5 0 13 0.354770
6 0 2 0.594250
7 0 8 0.031782
8 0 6 0.492898
9 0 10 0.523865
10 1 13 0.400071
11 0 12 1.000000
12 0 8 0.332149
13 0 9 0.637553
1 1 6 0.822486
1 0 0 0.235511
3 0 3 0.446280
3 1 13 0.292479
3 1 1 0.707521
4 0 5 0.521809
4 1 7 0.389659
4 1 6 0.610341
5 0 5 0.645230
5 1 1 0.012993
5 1 11 0.458885
6 0 6 0.403518
7 0 2 0.433161
8 0 8 0.507102
9 0 5 0.476136
0 0 12 0.110136
10 1 5 0.599929
10 0 3 1.000000
12 0 4 0.407347
12 1 11 1.000000
12 0 11 0.260505
13 0 8 0.362447
13 1 5 0.345629
13 1 9 0.654371
2 0 0 0.091120
7 0 1 0.209155
1 1 3 0.177514
7 0 4 0.325902
2 0 5 0.444332
5 1 9 0.528123
0 0 10 0.329975
6 0 11 0.002231
