44 14
12 1 11 0.365889
1 0 8 1.000000
2 0 1 0.080147
3 0 13 0.481612
4 0 8 1.000000
5 0 2 0.220774
6 0 4 0.559289
7 0 1 1.000000
13 1 10 0.055468
9 0 12 0.681957
10 0 12 0.157853
11 0 4 0.247719
12 0 5 0.767319
13 0 12 0.428990
13 1 13 0.395907
1 1 13 0.438874
1 1 4 0.561126
2 0 2 0.610902
2 1 0 1.000000
2 0 6 0.308952
3 0 1 0.419029
3 1 2 1.000000
3 0 0 0.099359
4 1 4 0.709853
4 1 7 0.290147
5 0 0 0.669703
5 1 2 1.000000
5 0 8 0.109523
6 0 12 0.093581
6 1 3 1.000000
6 0 1 0.347130
13 1 1 0.548625
9 1 13 1.000000
9 0 7 0.318043
10 0 9 0.842147
10 1 7 0.608277
10 1 9 0.391723
11 0 13 0.389424
11 1 6 1.000000
11 0 7 0.362857
12 0 1 0.027581
12 1 0 0.634111
12 0 4 0.205100
13 0 0 0.571010
