35 12
0 0 4 0.576917
1 0 4 1.000000
11 0 6 0.635937
3 0 1 0.311386
4 0 11 1.000000
5 0 11 0.404941
6 0 8 0.768896
7 0 0 0.151906
8 0 1 0.588825
9 0 7 0.432639
10 0 5 0.367097
11 0 4 0.364063
0 1 4 1.000000
0 0 3 0.423083
2 1 10 1.000000
11 1 6 1.000000
3 0 3 0.688614
3 1 9 0.089352
3 1 10 0.910648
5 0 9 0.360013
5 1 8 1.000000
5 0 7 0.235046
6 1 6 1.000000
6 0 9 0.231104
7 1 9 1.000000
7 0 11 0.848094
8 0 2 0.411175
8 1 1 0.473655
8 1 4 0.526345
9 0 1 0.567361
9 1 11 0.673726
9 1 2 0.326274
10 0 1 0.353084
10 1 10 1.000000
10 0 10 0.279818
