81 30
0 0 12 0.978817
1 0 9 0.334835
2 0 26 1.000000
3 0 5 0.499208
4 0 26 0.912259
5 0 27 1.000000
6 0 15 0.472289
7 0 28 0.426756
8 0 4 0.673657
9 0 5 0.380181
10 0 2 1.000000
11 0 4 0.429892
12 0 8 0.541866
13 0 12 1.000000
14 0 7 0.184132
15 0 20 0.659256
16 0 24 0.473374
17 0 18 0.218742
18 0 21 0.624648
19 0 22 1.000000
20 0 10 1.000000
21 0 14 0.332087
22 0 3 0.580111
23 0 26 1.000000
3 1 25 0.621889
25 0 14 1.000000
26 0 12 0.660634
27 0 9 0.641461
28 0 24 1.000000
29 0 13 0.530437
0 0 15 0.021183
1 0 16 0.247293
1 1 26 1.000000
1 0 7 0.417872
2 1 21 0.404717
2 1 2 0.595284
3 1 29 0.378111
3 0 4 0.500792
4 1 20 1.000000
4 0 15 0.087741
5 1 14 0.430520
5 1 7 0.569480
6 0 11 0.527711
7 0 7 0.573244
7 1 19 0.314486
7 1 20 0.685514
8 0 12 0.326343
8 1 22 0.684793
8 1 23 0.315207
9 1 28 1.000000
9 0 9 0.619819
10 1 28 0.411675
10 1 4 0.588325
11 0 13 0.570108
11 1 5 0.288582
11 1 17 0.711418
12 0 14 0.458134
12 1 2 0.006970
12 1 3 0.993030
14 0 18 0.175410
14 1 24 1.000000
14 0 23 0.640458
15 0 13 0.340744
16 1 17 1.000000
16 0 14 0.526626
17 1 3 1.000000
17 0 9 0.781258
18 0 1 0.375352
18 1 27 0.010414
18 1 12 0.989586
21 1 15 0.780454
21 1 26 0.219546
22 1 0 1.000000
22 0 8 0.419889
21 0 11 0.494007
26 0 4 0.339366
27 0 18 0.358539
27 1 4 0.148980
27 1 0 0.851020
29 0 24 0.469563
21 0 6 0.173906
