44 18
0 0 1 0.504598
1 0 16 0.276094
2 0 8 0.838439
3 0 4 0.887887
4 0 3 1.000000
5 0 15 0.876851
6 0 8 0.515676
7 0 11 0.062651
8 0 11 1.000000
9 0 15 1.000000
10 0 0 1.000000
11 0 6 1.000000
12 0 17 1.000000
13 0 9 0.527722
14 0 16 1.000000
15 0 13 1.000000
16 0 13 0.658159
17 0 1 0.890914
0 1 7 1.000000
0 0 4 0.495402
1 0 17 0.591755
1 1 2 1.000000
1 0 6 0.132151
2 0 12 0.161562
2 1 2 0.424978
2 1 1 0.575022
3 1 5 1.000000
3 0 8 0.112113
4 1 13 0.378498
4 1 14 0.621502
5 0 10 0.123149
6 0 13 0.484324
7 0 17 0.937349
7 1 16 0.542457
7 1 0 0.457543
12 1 1 0.264632
12 1 13 0.735368
13 0 7 0.237537
13 1 7 1.000000
13 0 16 0.234741
16 1 17 1.000000
16 0 7 0.341841
17 1 5 1.000000
17 0 5 0.109086
