71 26
0 0 22 1.000000
1 0 23 0.648326
2 0 7 0.409049
3 0 2 0.345054
4 0 23 1.000000
5 0 24 1.000000
6 0 12 0.257152
7 0 10 1.000000
8 0 1 0.226410
9 0 11 0.422262
10 0 8 0.990608
11 0 24 0.932324
12 0 4 1.000000
13 0 17 0.240084
14 0 3 0.069348
15 0 24 1.000000
16 0 5 1.000000
17 0 8 0.857862
18 0 20 0.204908
19 0 14 0.453562
20 0 7 0.681799
21 0 7 0.611635
22 0 20 0.305065
23 0 19 1.000000
24 0 2 1.000000
25 0 10 0.380018
1 0 19 0.351674
1 1 23 0.909216
1 1 8 0.090784
2 0 14 0.590951
3 1 10 1.000000
3 0 20 0.498630
4 1 5 0.552635
4 1 19 0.447365
6 0 20 0.478617
6 1 18 1.000000
6 0 14 0.264231
8 0 8 0.573153
8 1 6 1.000000
8 0 22 0.200437
9 0 15 0.577738
9 1 14 0.566939
9 1 16 0.433061
10 0 22 0.009392
10 1 10 0.122714
10 1 9 0.877286
11 1 11 1.000000
11 0 7 0.067676
13 0 23 0.385636
13 1 20 1.000000
13 0 5 0.374280
14 0 24 0.226725
14 1 9 1.000000
14 0 21 0.703927
16 1 2 0.344018
16 1 22 0.655982
17 0 9 0.142138
18 1 23 1.000000
18 0 23 0.795092
20 0 23 0.318200
21 1 23 1.000000
21 0 8 0.388365
24 1 15 0.502081
24 1 2 0.497919
25 0 23 0.619982
25 1 22 0.506408
25 1 12 0.493592
19 0 13 0.248112
19 0 17 0.298326
3 0 25 0.156316
22 0 0 0.694935
