81 30
0 0 14 0.061288
1 0 16 0.796597
2 0 24 0.460603
3 0 11 1.000000
4 0 15 1.000000
5 0 24 0.487412
6 0 10 0.592061
7 0 16 0.548248
8 0 14 0.219567
9 0 18 0.785994
10 0 17 0.142293
11 0 27 1.000000
12 0 2 1.000000
13 0 15 0.657204
14 0 1 0.724855
15 0 19 1.000000
16 0 2 1.000000
17 0 9 0.531570
18 0 13 0.043211
19 0 14 1.000000
20 0 28 1.000000
21 0 25 0.448810
0 0 23 0.471732
23 0 15 0.830977
24 0 22 0.702680
25 0 26 1.000000
26 0 6 0.433347
27 0 20 0.920155
28 0 6 1.000000
29 0 10 0.277714
0 0 19 0.466980
1 0 2 0.203403
2 0 16 0.101175
2 1 2 1.000000
2 0 12 0.438222
5 1 20 1.000000
5 0 20 0.512588
6 0 27 0.407939
6 1 2 0.340879
6 1 18 0.659121
7 1 10 1.000000
7 0 18 0.451752
8 0 4 0.388797
8 1 7 1.000000
8 0 12 0.391637
9 1 4 1.000000
9 0 29 0.214006
10 0 7 0.316067
10 1 25 1.000000
10 0 25 0.541639
11 1 20 0.435102
11 1 27 0.564898
13 0 25 0.342796
14 0 18 0.275145
15 1 21 0.317297
29 0 22 0.722286
15 1 4 0.077357
15 1 26 0.605345
17 0 2 0.079153
17 1 22 1.000000
17 0 8 0.389277
18 0 20 0.827094
18 1 20 1.000000
18 0 15 0.129695
19 1 6 0.899844
19 1 18 0.100156
20 1 10 0.326269
20 1 18 0.673731
21 0 21 0.551190
22 1 29 1.000000
27 0 6 0.079845
23 0 20 0.169023
23 1 28 0.402955
23 1 19 0.597045
24 0 13 0.297320
25 1 2 0.585342
25 1 0 0.414658
26 0 25 0.566653
26 1 5 0.674649
26 1 13 0.325351
27 1 3 1.000000
