88 29
0 0 5 0.511737
1 0 18 0.780980
2 0 22 0.468041
3 0 17 0.164178
4 0 14 1.000000
5 0 14 1.000000
6 0 13 0.683025
7 0 9 0.811268
8 0 13 0.346248
9 0 11 0.613523
10 0 8 0.752510
11 0 9 0.001668
12 0 26 0.486393
13 0 28 0.872403
14 0 9 0.042567
15 0 5 0.758513
16 0 28 0.141193
17 0 21 1.000000
18 0 19 0.693132
19 0 26 0.594198
20 0 2 0.579692
21 0 15 0.344575
22 0 10 0.991112
23 0 9 1.000000
24 0 28 0.781701
25 0 23 0.061679
26 0 25 1.000000
27 0 12 0.522198
28 0 11 0.477057
0 0 2 0.488263
0 1 21 0.323618
0 1 13 0.676382
1 1 7 1.000000
1 0 15 0.219020
2 1 16 1.000000
2 0 23 0.531959
3 0 10 0.835822
4 1 14 0.535732
4 1 18 0.464268
5 1 15 0.340201
5 1 25 0.659799
6 0 9 0.316975
9 1 0 0.830191
14 1 18 0.885610
8 0 27 0.653752
8 1 25 0.546317
8 1 3 0.453683
9 0 28 0.386477
9 1 6 0.008012
9 1 16 0.161796
10 1 16 1.000000
10 0 26 0.247490
11 0 14 0.284494
11 1 22 0.889453
11 1 10 0.110547
12 1 25 1.000000
12 0 22 0.513607
13 1 21 1.000000
13 0 7 0.127597
14 0 20 0.957433
14 1 15 0.091593
14 1 12 0.022797
15 0 16 0.241487
15 1 14 0.217698
15 1 19 0.782302
16 0 23 0.614837
16 1 7 1.000000
16 0 19 0.243971
17 1 11 0.278797
17 1 25 0.721203
18 1 6 1.000000
18 0 23 0.306868
19 0 6 0.405802
20 1 28 1.000000
20 0 22 0.420308
21 0 8 0.655425
21 1 17 0.488229
21 1 8 0.511771
22 0 13 0.008888
23 1 27 0.202469
23 1 24 0.797531
24 1 13 1.000000
24 0 7 0.218299
25 0 9 0.938321
27 0 21 0.477802
28 0 26 0.522943
11 0 1 0.713838
7 0 4 0.188732
