67 23
0 0 21 1.000000
1 0 13 0.179774
2 0 17 1.000000
3 0 4 1.000000
4 0 13 1.000000
5 0 20 0.218103
6 0 17 0.441466
7 0 6 1.000000
8 0 19 0.505017
22 0 19 0.046385
10 0 18 0.898163
11 0 21 1.000000
12 0 19 0.809624
13 0 7 0.399270
14 0 4 1.000000
15 0 1 0.020302
16 0 22 0.372814
17 0 3 0.048103
18 0 14 0.604501
19 0 2 1.000000
20 0 14 0.012596
21 0 6 1.000000
22 0 13 0.840917
0 1 22 0.625555
0 1 13 0.374445
1 0 17 0.820226
1 1 1 0.266801
1 1 5 0.733199
2 1 16 0.465193
2 1 5 0.534807
3 1 4 0.213805
3 1 8 0.786195
5 0 22 0.522302
5 1 3 1.000000
5 0 16 0.259595
6 0 13 0.012827
6 1 17 1.000000
6 0 6 0.545707
8 0 3 0.494983
8 1 5 0.650006
8 1 15 0.349994
9 0 10 1.000000
9 1 14 1.000000
22 1 21 1.000000
10 0 0 0.101837
11 1 20 0.245547
11 1 4 0.754453
12 0 18 0.190376
12 1 17 0.519522
12 1 16 0.480478
13 0 8 0.600730
14 1 6 0.582806
14 1 5 0.417194
15 0 22 0.979698
16 0 16 0.221200
16 1 5 1.000000
16 0 12 0.405986
17 0 18 0.393097
17 1 8 1.000000
17 0 20 0.558800
18 0 17 0.395499
18 1 3 0.765576
18 1 21 0.234424
20 0 13 0.987404
21 1 11 0.525906
21 1 3 0.474094
22 0 9 0.112698
