78 28
0 0 22 0.422546
1 0 26 0.614737
2 0 0 0.499844
3 0 10 1.000000
4 0 6 0.078354
5 0 24 1.000000
6 0 25 1.000000
7 0 19 1.000000
8 0 1 0.357660
9 0 5 0.522106
10 0 22 1.000000
11 0 19 0.619337
12 0 15 1.000000
13 0 7 0.523565
14 0 1 0.921193
15 0 2 0.277531
16 0 7 0.841367
17 0 10 0.353768
18 0 11 0.045533
19 0 25 1.000000
20 0 22 0.902368
21 0 2 0.245412
22 0 7 1.000000
23 0 19 0.449281
24 0 13 0.728886
25 0 12 0.980333
26 0 6 0.391001
27 0 11 1.000000
1 0 23 0.385263
2 0 16 0.500156
4 1 17 1.000000
4 0 15 0.921646
5 1 0 0.002741
5 1 24 0.482206
6 1 12 0.474821
6 1 1 0.525179
7 1 16 0.779396
7 1 25 0.220604
8 0 12 0.275995
8 1 18 1.000000
8 0 2 0.366345
9 1 15 1.000000
9 0 20 0.477894
11 0 18 0.380663
13 0 2 0.476435
13 1 23 0.620609
13 1 0 0.379391
14 0 3 0.078807
14 1 27 0.245405
14 1 7 0.754595
15 0 6 0.722469
16 1 14 1.000000
16 0 10 0.158633
17 0 8 0.375351
17 1 18 1.000000
17 0 22 0.270880
18 0 13 0.605180
18 1 19 1.000000
18 0 17 0.349287
20 0 12 0.097632
21 0 6 0.373396
21 1 16 1.000000
21 0 15 0.381192
22 1 17 0.878704
22 1 14 0.121296
23 0 7 0.127830
23 1 3 1.000000
23 0 6 0.422889
24 0 1 0.271114
25 0 14 0.019667
26 0 17 0.608999
26 1 4 0.361783
26 1 5 0.638217
27 1 11 0.187181
27 1 18 0.812819
0 0 9 0.577454
5 1 20 0.441461
5 1 21 0.073592
