94 30
0 0 2 1.000000
1 0 17 0.511743
2 0 10 1.000000
3 0 8 0.644881
4 0 11 0.303478
5 0 4 0.557323
6 0 9 0.038086
7 0 10 0.530297
8 0 12 0.508892
9 0 27 0.393658
10 0 25 0.284131
11 0 28 0.504459
12 0 4 1.000000
15 0 23 0.359018
14 0 24 1.000000
15 0 2 0.384423
16 0 6 1.000000
17 0 8 0.585208
18 0 11 1.000000
19 0 29 1.000000
20 0 14 0.467273
21 0 22 0.402436
22 0 2 0.412888
23 0 4 0.133393
24 0 19 0.207630
25 0 5 0.197410
26 0 7 1.000000
27 0 4 0.271780
28 0 10 1.000000
29 0 1 0.333824
1 1 5 1.000000
1 0 14 0.488257
3 0 6 0.355119
3 1 11 0.269033
3 1 28 0.730967
4 0 12 0.696522
5 0 1 0.333089
5 1 17 1.000000
5 0 16 0.109588
6 0 29 0.425285
7 0 19 0.469703
7 1 28 0.444426
7 1 7 0.555574
8 0 2 0.491108
9 0 15 0.187975
9 1 4 1.000000
9 0 14 0.418367
10 0 21 0.300231
10 1 29 1.000000
10 0 18 0.415638
11 0 8 0.495541
11 1 15 0.619469
11 1 27 0.380531
12 1 4 0.840268
12 1 16 0.159732
13 1 25 1.000000
6 0 20 0.536630
14 1 12 0.433489
14 1 15 0.566511
15 0 5 0.256559
16 1 26 0.189198
16 1 4 0.810802
17 0 18 0.414792
18 1 7 0.181776
18 1 1 0.818224
19 1 16 0.575799
19 1 15 0.424201
20 0 12 0.532727
20 1 1 0.951692
20 1 9 0.048308
21 0 0 0.597564
21 1 22 0.519482
21 1 6 0.480518
22 1 7 1.000000
22 0 12 0.587112
23 0 28 0.479997
23 1 12 1.000000
23 0 27 0.386609
24 0 2 0.177707
24 1 26 1.000000
24 0 25 0.614663
25 0 24 0.802590
25 1 7 0.442856
25 1 3 0.557144
26 1 15 0.264992
26 1 14 0.735008
27 0 18 0.728220
27 1 27 0.279461
27 1 18 0.720539
28 1 22 0.387447
28 1 15 0.612553
29 0 13 0.221871
29 1 12 1.000000
29 0 29 0.444305
