82 29
0 0 14 0.717845
1 0 19 0.411052
2 0 27 1.000000
3 0 15 0.659824
4 0 14 0.465704
5 0 10 0.964149
6 0 11 0.051208
7 0 27 0.690785
8 0 23 0.149033
9 0 25 0.345206
10 0 4 0.355583
11 0 5 0.423191
12 0 6 0.202563
13 0 28 0.702900
14 0 3 0.232683
10 0 0 0.392865
16 0 3 0.121351
17 0 10 0.412815
18 0 12 0.567724
19 0 2 1.000000
20 0 10 0.477755
21 0 14 0.492713
22 0 12 1.000000
23 0 15 0.071528
24 0 11 0.272242
25 0 5 1.000000
26 0 17 0.503263
27 0 28 1.000000
28 0 6 1.000000
0 0 10 0.282155
0 1 3 0.627841
0 1 13 0.372159
1 0 4 0.588948
3 1 11 1.000000
3 0 5 0.340176
4 1 13 0.267965
4 0 13 0.534296
5 1 26 1.000000
5 0 3 0.035851
6 0 23 0.101466
6 1 16 1.000000
6 0 19 0.824464
7 1 10 1.000000
7 0 24 0.309215
8 0 10 0.444522
8 1 1 1.000000
8 0 28 0.406445
9 1 16 1.000000
9 0 26 0.654794
10 1 2 0.754344
10 1 4 0.245656
11 0 12 0.576809
12 0 22 0.797437
13 1 25 1.000000
13 0 8 0.297100
14 1 8 1.000000
14 0 8 0.767317
16 0 24 0.335376
16 1 25 1.000000
16 0 2 0.543273
17 1 27 1.000000
17 0 26 0.587185
18 1 16 0.103317
18 0 9 0.432276
19 1 2 0.400312
19 1 3 0.599688
20 0 23 0.522245
21 0 23 0.507287
21 1 23 0.432956
21 1 6 0.567044
23 0 3 0.928472
24 0 15 0.727758
18 1 21 0.896683
6 0 20 0.022862
26 0 14 0.496737
27 1 14 0.512078
27 1 23 0.487922
28 1 1 0.024450
28 1 2 0.975550
4 1 7 0.732035
15 0 9 1.000000
10 0 18 0.251552
