44 15
0 0 11 0.880619
1 0 2 1.000000
2 0 11 1.000000
3 0 14 0.340902
4 0 1 0.246221
5 0 12 1.000000
6 0 1 1.000000
7 0 2 0.487028
8 0 1 0.640546
9 0 3 0.715820
10 0 4 0.347136
11 0 5 0.435744
12 0 13 0.349745
13 0 8 0.532472
14 0 10 0.275610
0 0 8 0.119381
0 1 9 0.354720
0 1 6 0.645280
1 1 6 0.581356
1 1 9 0.418644
3 0 1 0.216302
3 1 3 1.000000
3 0 0 0.442796
4 1 13 1.000000
4 0 2 0.753779
5 1 1 0.793613
5 1 14 0.206387
6 1 9 0.643754
6 1 8 0.356246
7 1 6 1.000000
7 0 0 0.512972
8 1 5 1.000000
8 0 6 0.359454
9 0 2 0.284180
10 1 12 1.000000
10 0 10 0.652864
11 0 13 0.564256
12 0 9 0.249479
12 1 13 1.000000
12 0 7 0.400776
13 0 12 0.467528
13 1 5 0.856293
13 1 6 0.143707
14 0 1 0.724390
