43 16
0 0 3 0.517116
14 1 4 0.327211
2 0 8 0.757898
3 0 9 1.000000
4 0 5 0.745950
5 0 15 0.537665
6 0 2 0.046858
7 0 12 0.464548
8 0 1 0.577000
9 0 6 0.331329
10 0 2 0.615274
11 0 4 0.644006
12 0 13 1.000000
13 0 4 0.624286
14 0 9 0.104108
15 0 11 1.000000
0 1 15 1.000000
0 0 9 0.482884
1 1 0 1.000000
14 1 4 0.672789
2 0 9 0.088463
2 1 3 1.000000
2 0 12 0.153639
3 1 12 0.470698
3 1 11 0.529302
4 0 1 0.254050
4 1 15 0.742936
4 1 0 0.257064
5 0 12 0.462335
5 1 15 0.384559
5 1 9 0.615441
6 1 6 1.000000
6 0 11 0.953142
7 1 6 1.000000
7 0 1 0.535452
8 0 14 0.423000
9 1 9 1.000000
9 0 10 0.668671
10 0 7 0.384726
11 0 3 0.355994
13 1 1 1.000000
13 0 8 0.375714
14 0 5 0.895892
