42 16
0 0 9 0.321496
1 0 14 0.209275
2 0 12 1.000000
3 0 14 0.576786
4 0 8 0.027373
5 0 2 1.000000
6 0 11 1.000000
7 0 4 0.516538
8 0 11 0.028030
9 0 15 1.000000
10 0 2 1.000000
11 0 14 0.781379
15 0 2 0.329604
13 0 4 0.572066
14 0 15 1.000000
15 0 14 0.670396
0 0 3 0.678504
1 0 8 0.392362
1 1 14 1.000000
1 0 12 0.398363
3 0 1 0.049842
3 1 15 1.000000
3 0 0 0.373372
4 0 0 0.972627
5 1 6 0.277231
5 1 13 0.722769
7 0 8 0.483462
7 1 14 0.029232
7 1 10 0.970768
8 0 5 0.226828
8 1 0 1.000000
8 0 2 0.745142
9 1 11 0.592348
9 1 9 0.407652
10 1 10 0.329696
10 1 6 0.670304
11 0 9 0.218621
12 1 10 1.000000
15 1 15 1.000000
13 0 7 0.380377
13 1 5 1.000000
13 0 12 0.047557
