93 29
0 0 27 1.000000
1 0 25 0.485190
2 0 27 1.000000
3 0 8 0.421918
4 0 27 0.179162
5 0 14 0.501905
6 0 20 0.591059
7 0 13 0.168530
8 0 1 1.000000
9 0 23 0.417155
10 0 3 1.000000
11 0 13 1.000000
12 0 19 0.376354
13 0 25 0.201942
14 0 15 0.989824
15 0 28 0.190195
16 0 5 0.285458
17 0 28 0.019816
18 0 26 0.532350
19 0 12 1.000000
20 0 25 0.247205
21 0 11 0.316258
22 0 27 0.242970
23 0 27 1.000000
24 0 10 0.348560
25 0 19 1.000000
26 0 23 0.540497
27 0 9 0.672017
28 0 27 1.000000
0 1 15 0.602092
0 1 12 0.397908
1 0 16 0.514810
2 1 20 0.571735
2 1 25 0.428265
3 0 15 0.255649
3 1 28 1.000000
3 0 13 0.322434
4 0 10 0.330244
4 1 18 1.000000
4 0 16 0.490594
5 0 26 0.498095
5 1 3 0.476414
5 1 10 0.523586
6 0 28 0.141562
6 1 17 1.000000
6 0 14 0.267379
7 1 0 1.000000
7 0 20 0.831470
9 0 16 0.582845
9 1 18 0.213906
9 1 25 0.786094
11 1 14 0.524139
11 1 3 0.475861
12 0 4 0.623646
12 1 11 0.883027
12 1 27 0.116973
13 0 22 0.416907
13 1 6 1.000000
13 0 7 0.381151
14 0 26 0.010176
14 1 21 0.903871
14 1 25 0.096129
15 0 18 0.335533
15 1 0 1.000000
15 0 5 0.474271
16 0 24 0.714542
16 1 26 0.472950
16 1 10 0.527050
17 0 19 0.980184
18 0 15 0.467650
18 1 3 0.396848
18 1 6 0.603152
19 1 1 0.799130
19 1 24 0.200870
20 0 15 0.465329
20 1 22 1.000000
20 0 12 0.287466
21 0 20 0.407726
21 1 23 1.000000
21 0 2 0.276015
22 0 19 0.427018
22 1 25 1.000000
22 0 26 0.330012
23 1 19 0.597827
23 1 22 0.402173
24 0 16 0.651440
26 0 25 0.107666
26 1 18 1.000000
26 0 12 0.351837
27 1 28 1.000000
27 0 10 0.327983
28 1 19 0.988069
28 1 16 0.011931
