36 14
12 0 6 0.420801
1 0 7 0.472304
2 0 12 0.634155
3 0 1 0.612184
4 0 13 1.000000
13 0 9 0.345558
6 0 12 1.000000
7 0 3 0.499373
8 0 10 0.266601
13 1 12 1.000000
10 0 8 1.000000
11 0 13 1.000000
12 0 11 0.041155
13 0 11 0.654442
0 0 8 1.000000
0 1 13 1.000000
12 0 13 0.538044
1 0 2 0.527696
1 1 5 0.588466
1 1 8 0.411534
2 0 5 0.365845
2 1 0 0.859145
2 1 13 0.140855
3 0 0 0.387816
4 1 13 0.208579
4 1 0 0.791421
5 1 9 1.000000
12 1 13 1.000000
7 0 7 0.500627
8 0 9 0.733399
11 1 13 0.352098
9 1 8 0.233581
9 1 12 0.766419
10 1 1 0.414147
10 1 2 0.585853
11 1 1 0.647902
