55 18
0 0 5 1.000000
1 0 10 1.000000
2 0 12 1.000000
3 0 15 0.073392
4 0 14 0.204605
5 0 3 1.000000
6 0 8 0.414312
7 0 4 0.226101
8 0 7 0.092951
9 0 8 0.296595
10 0 2 0.505862
11 0 2 0.278134
0 1 17 0.028022
13 0 3 0.880623
14 0 4 1.000000
15 0 8 0.096399
16 0 1 0.863195
17 0 8 0.960854
0 1 5 0.613361
0 1 7 0.358617
3 0 3 0.926608
4 0 15 0.380657
4 1 6 1.000000
4 0 0 0.414738
6 0 12 0.585688
6 1 12 0.629206
6 1 14 0.370794
7 0 5 0.042762
7 1 3 1.000000
7 0 12 0.731137
8 1 1 1.000000
8 0 9 0.907049
9 0 5 0.703405
9 1 1 0.574694
9 1 3 0.425306
10 0 8 0.494138
10 1 2 0.257750
10 1 14 0.742250
11 0 12 0.401281
11 1 0 1.000000
11 0 13 0.320585
17 1 6 0.396024
12 1 8 0.506271
12 1 13 0.493729
13 0 0 0.119377
13 1 16 0.772723
13 1 8 0.227277
14 1 12 0.445713
14 1 0 0.554287
15 0 11 0.903601
15 1 5 0.879123
15 1 8 0.120877
16 0 9 0.136805
17 0 15 0.039146
17 1 0 0.603976
