62 22
0 0 2 0.737186
1 0 7 0.850311
2 0 7 0.336726
3 0 17 0.190389
4 0 2 1.000000
5 0 2 1.000000
6 0 2 0.646218
7 0 0 0.064618
8 0 0 1.000000
9 0 10 1.000000
10 0 5 1.000000
11 0 18 1.000000
12 0 8 0.078463
13 0 15 1.000000
14 0 6 0.380845
15 0 14 0.526199
16 0 13 1.000000
17 0 14 0.446465
18 0 11 0.724529
19 0 7 0.838612
20 0 8 0.400368
21 0 17 0.057313
0 0 6 0.262814
1 0 17 0.149689
2 1 5 1.000000
2 0 6 0.663274
3 0 6 0.411710
3 1 13 0.583870
3 1 11 0.416130
5 1 14 0.390570
5 1 1 0.609430
6 0 1 0.353782
7 0 18 0.478150
7 1 18 1.000000
7 0 12 0.457232
8 1 4 0.986362
8 1 19 0.013638
9 1 3 0.236205
9 1 20 0.763795
11 1 13 0.487736
11 1 15 0.512264
12 0 13 0.636803
12 1 9 1.000000
12 0 5 0.284734
14 0 20 0.619155
14 1 14 0.656746
14 1 0 0.343254
15 0 13 0.473801
16 1 14 0.507046
16 1 4 0.492954
17 0 17 0.186391
17 1 19 1.000000
17 0 9 0.367144
18 0 4 0.275471
19 0 19 0.161388
20 0 14 0.599632
20 1 12 0.355854
20 1 16 0.644146
21 0 16 0.942687
21 1 5 0.807664
21 1 13 0.192336
3 0 21 0.397900
