40 13
0 0 12 0.146537
1 0 2 1.000000
2 0 8 0.334091
3 0 6 0.638690
4 0 12 0.451621
5 0 11 0.296831
6 0 8 0.277254
7 0 2 0.417542
8 0 2 0.460236
9 0 0 0.249661
10 0 4 0.304413
11 0 8 0.373543
12 0 10 0.690942
0 0 1 0.400490
0 1 0 1.000000
0 0 3 0.452973
1 1 12 0.383997
1 1 3 0.616003
3 1 7 1.000000
3 0 8 0.361310
4 0 0 0.050540
4 1 7 1.000000
4 0 8 0.497839
5 0 5 0.332892
5 1 6 1.000000
5 0 0 0.370277
6 0 11 0.722746
7 0 3 0.582458
7 1 3 0.546721
7 1 5 0.453279
8 0 12 0.539764
9 0 6 0.559437
9 1 8 1.000000
9 0 2 0.190902
10 0 8 0.695587
11 0 6 0.626457
12 0 5 0.309058
12 1 6 0.767700
12 1 7 0.232300
2 0 9 0.665909
