60 21
0 0 5 1.000000
1 0 15 1.000000
2 0 7 1.000000
3 0 18 0.164299
4 0 10 1.000000
5 0 2 0.548892
13 0 1 0.248255
7 0 20 0.290142
20 0 3 0.531283
9 0 14 0.614198
10 0 12 1.000000
11 0 9 0.455317
12 0 18 0.522100
13 0 8 0.351529
14 0 5 1.000000
15 0 9 0.366217
16 0 12 1.000000
19 1 20 0.500746
18 0 17 0.852491
19 0 18 0.535878
20 0 7 0.468717
0 1 13 0.468458
0 1 16 0.531542
19 1 10 0.499254
1 1 8 1.000000
19 0 2 0.464122
2 1 11 0.652989
2 1 10 0.347011
3 0 5 0.417944
3 1 6 1.000000
3 0 15 0.417757
5 0 8 0.001231
5 1 19 1.000000
5 0 4 0.449877
18 1 5 0.625795
6 1 5 0.276368
6 1 11 0.723632
7 0 15 0.344707
7 1 19 1.000000
7 0 0 0.365151
18 1 9 0.374205
9 1 12 1.000000
9 0 12 0.385802
10 1 8 0.827552
10 1 18 0.172448
11 0 12 0.240656
11 1 14 1.000000
11 0 14 0.304027
12 1 14 1.000000
12 0 4 0.477900
13 0 2 0.084416
13 1 20 1.000000
13 0 12 0.315800
15 1 4 1.000000
15 0 16 0.633783
16 1 13 0.733225
16 1 15 0.266775
18 0 14 0.147508
17 1 19 1.000000
17 0 8 1.000000
