47 19
0 0 2 0.359641
1 0 3 1.000000
8 0 17 0.265125
3 0 14 0.467900
4 0 5 1.000000
5 0 15 1.000000
6 0 18 1.000000
7 0 13 0.214180
8 0 1 0.298095
9 0 4 1.000000
10 0 0 0.758504
11 0 6 0.477302
12 0 7 0.450070
13 0 10 1.000000
14 0 16 0.371618
15 0 14 0.707074
18 0 11 0.465010
17 0 15 1.000000
18 0 8 0.534990
0 0 16 0.172729
0 1 3 1.000000
0 0 1 0.467630
18 1 14 1.000000
2 1 14 1.000000
2 0 12 1.000000
3 0 8 0.369532
3 1 13 1.000000
3 0 10 0.162568
4 1 3 0.497101
4 1 16 0.502899
7 0 16 0.785820
16 0 5 1.000000
15 0 2 0.087100
8 0 3 0.436780
10 1 2 1.000000
10 0 14 0.241496
11 0 1 0.522698
12 0 4 0.213309
12 1 15 1.000000
12 0 14 0.336621
13 1 8 0.489923
13 1 13 0.510077
14 0 12 0.354117
14 1 9 1.000000
14 0 13 0.274266
15 0 1 0.205826
15 1 4 1.000000
