75 27
0 0 7 0.594250
1 0 4 0.414388
2 0 7 0.650676
3 0 2 1.000000
4 0 14 1.000000
5 0 2 0.623426
6 0 5 0.617288
7 0 17 1.000000
8 0 2 1.000000
9 0 20 0.523527
10 0 4 0.208461
11 0 20 1.000000
12 0 21 0.276113
13 0 17 0.798033
14 0 18 1.000000
15 0 3 0.530699
16 0 26 0.191008
12 0 25 0.723887
18 0 24 0.260837
19 0 26 0.230425
20 0 12 0.682675
21 0 12 0.654581
22 0 24 0.417914
23 0 15 0.487322
24 0 9 1.000000
25 0 18 0.370421
26 0 13 1.000000
0 0 1 0.405750
0 1 8 0.498247
0 1 1 0.501753
1 0 16 0.585612
2 0 17 0.349324
3 1 11 0.138878
3 1 16 0.861122
4 1 10 0.903895
4 1 2 0.096105
5 0 11 0.376574
5 1 6 0.524210
5 1 12 0.475790
6 1 9 1.000000
6 0 24 0.046378
7 1 26 0.497949
7 1 5 0.502051
9 0 16 0.165660
9 1 11 1.000000
9 0 21 0.310813
10 0 10 0.791539
10 1 9 0.504110
10 1 14 0.495890
11 1 6 0.996739
11 1 2 0.003261
13 0 20 0.187957
13 1 19 1.000000
13 0 10 0.014011
15 0 19 0.469301
15 1 19 0.029206
15 1 14 0.970794
16 0 3 0.479911
16 1 14 1.000000
16 0 20 0.329080
17 1 17 1.000000
18 0 23 0.739163
19 1 20 1.000000
19 0 10 0.769575
20 0 26 0.317325
21 0 19 0.345419
22 1 11 1.000000
22 0 18 0.582086
23 1 23 1.000000
23 0 22 0.512678
6 0 22 0.336334
24 1 26 1.000000
26 1 16 0.772770
25 0 26 0.629579
26 1 12 0.227230
