79 29
0 0 12 1.000000
1 0 9 0.721733
2 0 27 0.001586
3 0 5 1.000000
4 0 13 0.094141
5 0 26 0.822771
6 0 8 0.231852
7 0 9 0.411632
8 0 20 0.515714
9 0 16 1.000000
10 0 24 1.000000
11 0 9 0.974456
12 0 4 1.000000
13 0 9 0.099224
14 0 25 0.427759
15 0 17 1.000000
16 0 20 1.000000
17 0 11 1.000000
18 0 21 1.000000
19 0 4 0.158855
20 0 16 1.000000
21 0 18 1.000000
22 0 1 0.314506
23 0 10 0.539948
24 0 19 0.497084
25 0 13 1.000000
26 0 25 1.000000
27 0 19 1.000000
28 0 3 0.494653
1 0 0 0.278267
1 1 17 0.864223
1 1 16 0.135777
2 0 5 0.830931
2 1 10 1.000000
2 0 25 0.167482
4 1 25 1.000000
4 0 8 0.905859
5 0 17 0.177229
6 1 20 1.000000
6 0 5 0.768148
7 1 0 1.000000
7 0 12 0.588368
8 0 24 0.484286
8 1 21 0.597163
8 1 2 0.402837
9 1 14 0.246172
9 1 9 0.753828
11 0 20 0.025544
11 1 28 0.223037
11 1 4 0.776963
12 1 19 0.359075
12 1 25 0.640925
13 0 23 0.900776
13 1 24 0.885520
13 1 7 0.114480
14 0 16 0.057455
14 1 28 1.000000
14 0 19 0.514786
16 1 28 0.368201
16 1 13 0.631799
17 1 6 0.670386
17 1 8 0.329614
19 0 24 0.841145
19 1 19 0.839868
19 1 22 0.160132
21 1 4 0.558120
21 1 0 0.441880
22 0 26 0.685494
23 0 1 0.460052
23 1 28 0.633529
23 1 8 0.366471
24 1 28 1.000000
24 0 6 0.502916
25 1 13 0.247713
25 1 8 0.752287
27 1 10 0.476503
27 1 1 0.523497
28 0 8 0.505347
28 1 15 1.000000
