46 18
0 0 6 0.588100
1 0 11 1.000000
2 0 6 0.237396
3 0 13 1.000000
4 0 0 1.000000
5 0 11 0.975877
6 0 12 1.000000
7 0 10 0.799558
8 0 10 1.000000
9 0 5 0.645258
10 0 6 0.681556
11 0 3 0.677806
12 0 14 0.617721
13 0 0 0.141198
14 0 12 1.000000
15 0 2 0.607424
16 0 14 0.442174
17 0 13 1.000000
0 0 14 0.411900
2 0 2 0.613139
2 1 11 1.000000
2 0 13 0.149466
3 1 5 0.595122
3 1 0 0.404878
5 0 13 0.024123
7 0 2 0.200442
12 0 16 0.147246
10 0 7 0.318444
8 1 9 0.325578
8 1 4 0.674422
9 0 6 0.354742
11 0 5 0.116907
11 1 8 1.000000
11 0 2 0.205287
12 1 17 1.000000
12 0 2 0.235033
13 0 5 0.338455
14 1 8 0.294810
14 1 4 0.705190
15 0 15 0.136169
15 1 9 1.000000
15 0 11 0.256407
16 0 11 0.557826
17 1 15 0.334925
17 1 14 0.665075
13 0 1 0.520347
