40 14
0 0 6 0.734354
1 0 3 0.995448
2 0 1 0.859261
3 0 10 0.280524
4 0 5 1.000000
5 0 2 0.096256
6 0 13 0.001312
7 0 4 0.785054
8 0 0 0.357241
9 0 7 0.338925
10 0 7 0.445004
11 0 13 1.000000
13 0 7 0.660995
13 0 4 0.339005
0 0 10 0.265646
0 1 10 0.478965
0 1 1 0.521035
1 0 11 0.004552
2 0 11 0.140739
3 0 4 0.687380
3 1 4 1.000000
3 0 6 0.032096
4 1 2 0.442940
4 1 12 0.557060
5 0 9 0.388480
5 1 8 1.000000
5 0 7 0.515264
6 0 6 0.690164
6 1 7 1.000000
6 0 8 0.308524
7 0 8 0.214946
8 0 9 0.383589
8 1 4 1.000000
8 0 12 0.259170
9 0 3 0.661075
10 0 10 0.479285
10 1 6 1.000000
10 0 1 0.075711
12 0 8 1.000000
12 1 4 1.000000
