55 19
0 0 1 0.787233
17 0 4 0.075925
2 0 9 1.000000
3 0 6 0.234788
4 0 2 0.718290
5 0 18 0.179744
6 0 17 0.182127
7 0 3 1.000000
8 0 7 0.336379
9 0 18 0.904288
10 0 5 0.457392
11 0 6 0.334183
18 1 17 0.589287
13 0 12 0.389061
14 0 12 1.000000
15 0 16 1.000000
16 0 18 0.501468
17 0 7 0.481374
18 0 2 0.568053
0 0 9 0.212767
1 0 1 1.000000
1 1 18 1.000000
18 1 13 0.410713
3 0 10 0.765212
3 1 15 0.957197
3 1 16 0.042803
4 1 17 1.000000
4 0 1 0.281710
5 1 13 1.000000
5 0 0 0.820256
6 1 16 1.000000
6 0 15 0.817873
7 1 12 0.056267
7 1 8 0.943733
8 0 6 0.578173
8 1 11 1.000000
8 0 2 0.085448
9 0 16 0.095712
9 1 5 0.525593
9 1 10 0.474407
10 1 16 1.000000
10 0 14 0.542608
11 0 7 0.485014
11 1 16 1.000000
11 0 9 0.180803
12 1 1 1.000000
18 0 1 0.431947
13 1 7 1.000000
13 0 14 0.610939
14 1 8 0.781091
14 1 3 0.218909
16 1 17 1.000000
16 0 1 0.498532
17 1 8 1.000000
17 0 15 0.442701
