57 20
0 0 19 0.525120
1 0 14 1.000000
2 0 8 0.200524
0 1 13 0.257538
4 0 14 1.000000
5 0 15 0.423400
6 0 4 0.358847
7 0 0 0.311304
8 0 15 1.000000
9 0 10 0.399539
10 0 11 1.000000
11 0 10 0.611258
12 0 10 0.747654
13 0 3 0.185916
14 0 8 0.584412
15 0 10 0.408883
19 0 14 0.586354
17 0 1 1.000000
18 0 6 1.000000
19 0 3 0.413646
0 1 5 0.742462
0 0 7 0.474880
2 1 1 1.000000
2 0 7 0.799476
3 0 3 1.000000
3 1 14 1.000000
18 1 7 1.000000
4 1 9 0.392439
4 1 10 0.607561
5 1 5 1.000000
5 0 16 0.576600
6 0 9 0.641153
6 1 17 0.601622
6 1 15 0.398378
7 0 12 0.289181
7 1 5 1.000000
7 0 6 0.399514
9 0 15 0.250022
9 1 6 1.000000
9 0 19 0.350439
10 1 9 0.460757
10 1 2 0.539243
11 0 2 0.206910
11 1 18 1.000000
11 0 11 0.181832
12 1 18 1.000000
12 0 8 0.252346
13 0 2 0.814084
14 1 2 1.000000
14 0 16 0.415588
15 0 17 0.241584
15 1 18 1.000000
15 0 14 0.349532
16 0 6 1.000000
16 1 0 1.000000
17 1 14 0.620806
17 1 10 0.379194
