48 17
0 0 3 0.766416
1 0 8 0.754112
2 0 15 0.225944
3 0 1 1.000000
4 0 3 0.339316
5 0 12 1.000000
2 1 15 0.487656
7 0 8 0.149178
0 0 13 0.233584
9 0 0 0.305654
10 0 14 0.560125
11 0 5 0.990986
12 0 7 0.231390
13 0 16 1.000000
14 0 3 0.556206
15 0 16 0.255881
16 0 3 0.519050
1 1 9 1.000000
1 0 0 0.245888
2 0 0 0.043386
2 1 14 0.512344
2 0 14 0.730670
3 1 6 0.623320
3 1 14 0.376680
4 0 6 0.238819
4 1 14 1.000000
4 0 9 0.421865
8 1 11 0.334167
7 1 4 1.000000
7 0 0 0.850822
9 0 2 0.694346
8 1 14 0.665833
8 0 12 1.000000
9 1 9 0.813889
9 1 4 0.186111
10 1 7 1.000000
10 0 3 0.439875
11 0 9 0.009014
12 0 12 0.565180
12 1 7 1.000000
12 0 8 0.203430
14 0 10 0.002976
14 1 4 1.000000
14 0 5 0.440818
15 0 9 0.744119
16 0 9 0.480950
16 1 16 0.764541
16 1 12 0.235459
