68 20
0 0 5 0.245749
1 0 15 0.601479
2 0 7 0.397722
3 0 15 0.564157
4 0 12 0.283723
5 0 2 0.377825
17 0 14 0.226042
7 0 17 1.000000
8 0 6 0.447169
9 0 19 0.270495
10 0 5 0.208715
11 0 9 0.340480
12 0 19 0.423281
13 0 2 1.000000
14 0 4 0.482717
15 0 12 0.150418
16 0 18 0.616599
17 0 19 0.604293
18 0 5 0.233086
19 0 1 0.398511
0 0 13 0.392307
0 1 0 1.000000
0 0 16 0.361944
1 1 3 1.000000
1 0 11 0.398521
2 0 15 0.426744
2 1 11 1.000000
2 0 5 0.175534
3 0 17 0.435843
4 0 1 0.716277
5 0 15 0.302760
5 1 7 1.000000
5 0 11 0.319414
19 1 6 0.398777
6 1 10 0.120900
6 1 19 0.879100
7 1 9 0.553575
7 1 17 0.446425
8 0 12 0.508736
8 1 9 1.000000
8 0 4 0.044096
9 0 6 0.430522
9 1 19 1.000000
9 0 8 0.298983
10 0 7 0.286313
10 1 13 1.000000
10 0 6 0.504972
11 0 19 0.162504
11 1 7 1.000000
11 0 5 0.497016
12 0 17 0.576719
12 1 7 0.890622
12 1 19 0.109378
13 1 18 0.508061
13 1 10 0.491939
14 0 9 0.517283
15 0 16 0.849582
15 1 16 0.525515
15 1 2 0.474485
16 0 17 0.383401
16 1 6 0.482197
16 1 12 0.517803
17 1 18 1.000000
17 0 0 0.169664
18 1 7 1.000000
18 0 13 0.766914
19 0 12 0.601489
19 1 16 0.601223
