45 17
0 0 14 0.838346
1 0 13 1.000000
2 0 1 0.936093
3 0 9 0.617854
4 0 11 0.802031
5 0 1 1.000000
2 0 7 0.063907
7 0 14 1.000000
8 0 5 0.393491
9 0 0 1.000000
10 0 16 1.000000
11 0 16 0.496816
12 0 8 0.398158
13 0 16 0.145747
14 0 9 1.000000
15 0 12 1.000000
16 0 10 0.485469
0 0 9 0.161654
1 1 3 0.585286
1 1 8 0.414714
3 0 8 0.247703
4 1 3 1.000000
4 0 5 0.197969
5 1 16 0.199970
5 1 14 0.800030
13 0 6 0.481632
8 0 14 0.151916
8 1 15 1.000000
8 0 10 0.454593
9 1 12 0.567147
9 1 4 0.432853
10 1 1 0.201904
10 1 4 0.798096
11 1 16 1.000000
11 0 9 0.503184
12 0 3 0.378907
12 1 12 1.000000
12 0 14 0.222935
13 0 12 0.372621
13 1 10 0.090046
13 1 9 0.909954
14 1 14 0.492100
14 1 16 0.507900
3 0 2 0.134442
16 0 4 0.514531
