34 12
0 0 5 0.432176
1 0 8 0.856186
2 0 6 1.000000
3 0 4 1.000000
4 0 7 0.116927
5 0 0 0.705348
6 0 0 0.533089
7 0 4 1.000000
8 0 2 1.000000
9 0 0 1.000000
10 0 7 1.000000
11 0 10 0.605071
0 0 3 0.515204
0 1 2 1.000000
0 0 6 0.052620
1 0 4 0.143814
1 1 4 0.346424
1 1 11 0.653576
3 1 11 0.533783
3 1 8 0.466217
4 1 9 1.000000
4 0 11 0.883073
5 1 10 1.000000
5 0 2 0.294652
6 0 3 0.466911
6 1 1 0.948574
6 1 11 0.051426
9 1 2 0.409431
9 1 4 0.590569
10 1 7 0.383567
10 1 6 0.616433
11 0 7 0.394929
11 1 2 0.651863
11 1 7 0.348137
