51 18
0 0 1 1.000000
1 0 13 0.253118
2 0 8 1.000000
3 0 12 0.291884
4 0 7 0.550955
5 0 17 1.000000
6 0 15 0.171110
7 0 13 0.090953
8 0 16 1.000000
9 0 7 1.000000
10 0 13 0.133578
11 0 3 0.891958
12 0 1 0.342837
13 0 7 0.335914
14 0 17 0.386309
15 0 1 0.363134
16 0 6 0.678217
17 0 15 0.318842
1 0 9 0.746882
1 1 16 0.488976
1 1 14 0.511024
3 0 4 0.440021
3 1 10 0.387686
3 0 17 0.268095
4 1 14 1.000000
4 0 8 0.449045
6 0 16 0.420651
6 1 10 1.000000
6 0 3 0.408239
7 0 11 0.161878
7 1 12 1.000000
7 0 16 0.747170
3 1 2 0.612314
8 1 8 1.000000
17 1 9 0.545564
10 0 17 0.219465
10 1 14 1.000000
10 0 9 0.646957
11 1 8 1.000000
11 0 5 0.108042
12 0 7 0.270276
12 1 13 1.000000
12 0 5 0.386887
13 1 6 1.000000
13 0 4 0.664086
14 1 11 1.000000
14 0 0 0.613691
15 0 12 0.636866
16 0 0 0.321783
17 0 14 0.681158
17 1 10 0.454436
