35 12
11 1 9 0.185445
1 0 4 1.000000
2 0 11 1.000000
3 0 2 0.479267
4 0 8 1.000000
5 0 1 0.625591
6 0 4 0.142883
7 0 11 0.839632
8 0 7 1.000000
11 1 6 0.814555
10 0 0 1.000000
11 0 4 1.000000
10 1 5 0.094053
1 1 0 0.342902
1 1 8 0.657098
2 1 7 0.509978
2 1 11 0.490022
3 0 1 0.396643
3 1 9 1.000000
3 0 10 0.124090
4 1 1 0.671758
4 1 3 0.328242
5 0 0 0.374409
5 1 3 0.855302
5 1 4 0.144698
6 0 10 0.426542
6 1 9 1.000000
6 0 1 0.430575
7 0 3 0.160368
7 1 10 0.446113
7 1 8 0.553887
10 1 1 0.905947
8 1 6 1.000000
9 0 7 1.000000
9 1 10 1.000000
