70 28
0 0 24 1.000000
1 0 15 1.000000
2 0 27 0.179943
3 0 0 1.000000
4 0 20 0.612275
5 0 17 0.016249
13 0 9 0.059036
7 0 23 1.000000
8 0 13 0.686368
9 0 4 0.278031
10 0 21 1.000000
11 0 6 0.583185
12 0 16 0.696611
13 0 12 0.940964
14 0 15 1.000000
15 0 21 0.852436
16 0 23 0.360076
17 0 24 0.504390
18 0 13 1.000000
19 0 1 0.098323
20 0 0 0.915400
21 0 19 1.000000
22 0 4 0.691781
23 0 5 0.083871
26 0 8 0.389092
25 0 6 1.000000
26 0 16 0.610908
27 0 11 1.000000
1 1 25 0.361171
1 1 27 0.638829
2 0 0 0.820057
24 0 15 0.256626
24 1 6 1.000000
4 1 12 1.000000
4 0 2 0.387725
5 0 25 0.557708
5 1 19 1.000000
5 0 26 0.426043
6 0 7 1.000000
6 1 22 1.000000
24 0 5 0.743374
8 0 20 0.170053
8 1 26 1.000000
8 0 15 0.143579
9 0 7 0.721969
9 1 17 0.530846
9 1 18 0.469154
10 1 20 0.468129
10 1 18 0.531871
11 0 4 0.416815
12 1 14 1.000000
12 0 0 0.303389
13 1 21 0.173080
13 1 10 0.826920
14 1 21 0.078201
14 1 3 0.921799
15 1 18 1.000000
15 0 10 0.147564
16 1 4 1.000000
16 0 5 0.639924
17 0 18 0.495610
18 1 4 0.330404
18 1 19 0.669596
19 0 20 0.901677
20 0 23 0.084600
21 1 8 0.364764
21 1 25 0.635236
22 0 23 0.308219
23 1 2 1.000000
23 0 6 0.916129
