70 23
0 0 13 1.000000
1 0 5 1.000000
2 0 0 0.116734
3 0 0 0.523657
4 0 0 0.114076
5 0 21 1.000000
6 0 4 0.355342
7 0 14 0.567642
8 0 14 0.303007
9 0 4 0.512024
10 0 0 0.577186
11 0 3 0.680560
12 0 1 0.787622
13 0 8 0.149516
14 0 2 0.112443
15 0 20 1.000000
22 0 6 0.301575
17 0 12 0.589801
18 0 4 1.000000
19 0 9 1.000000
20 0 10 1.000000
21 0 14 1.000000
22 0 9 0.698425
0 1 2 0.543294
0 1 11 0.456706
1 1 12 0.274591
1 1 15 0.725409
2 0 5 0.111803
2 1 11 1.000000
2 0 17 0.771464
3 0 15 0.476343
3 1 6 0.680723
3 1 19 0.319277
4 0 7 0.564273
4 1 18 1.000000
4 0 20 0.321651
6 0 12 0.356893
6 1 19 1.000000
6 0 1 0.287765
7 0 8 0.432358
7 1 19 0.202446
7 1 7 0.797554
8 0 5 0.346568
8 1 12 1.000000
8 0 0 0.350424
9 0 0 0.487976
10 1 9 1.000000
10 0 11 0.422814
11 1 19 1.000000
11 0 8 0.319440
12 0 5 0.212378
12 1 19 0.702054
12 1 10 0.297946
13 0 16 0.850484
13 1 6 0.238913
13 1 10 0.761087
14 0 11 0.887557
14 1 7 0.546360
14 1 18 0.453640
21 1 10 0.863787
16 1 11 0.726035
16 1 7 0.273965
17 0 0 0.161694
17 1 14 1.000000
17 0 22 0.248506
18 1 21 0.352763
18 1 11 0.647237
20 1 19 0.789357
20 1 10 0.210643
21 1 18 0.136213
