42 14
0 0 9 1.000000
1 0 5 0.259501
2 0 12 0.561041
3 0 12 1.000000
4 0 3 0.343075
5 0 0 0.312305
6 0 8 1.000000
7 0 12 1.000000
8 0 9 0.182118
9 0 8 0.510299
4 0 13 0.333618
11 0 5 0.586369
12 0 4 0.155221
13 0 1 1.000000
0 1 11 0.935828
0 1 6 0.064172
1 0 12 0.740498
2 0 8 0.438959
2 1 8 0.265025
2 1 9 0.734975
3 1 4 0.056038
3 1 7 0.943962
4 0 10 0.323307
4 1 7 0.168299
4 1 8 0.831701
5 0 3 0.571020
5 1 6 1.000000
5 0 5 0.116675
6 1 8 0.384676
6 1 10 0.201755
7 1 4 0.197209
7 1 1 0.802791
8 1 6 1.000000
8 0 3 0.817882
9 0 10 0.489701
9 1 9 0.299000
9 1 11 0.701000
6 1 2 0.413569
11 0 8 0.413631
12 0 12 0.406431
12 1 11 1.000000
12 0 1 0.438348
