43 15
0 0 13 1.000000
1 0 3 1.000000
2 0 8 1.000000
3 0 0 0.466165
4 0 10 0.033095
5 0 1 0.288777
6 0 14 0.443814
7 0 11 0.380093
8 0 0 0.386111
9 0 5 1.000000
10 0 13 1.000000
11 0 7 0.292876
12 0 10 1.000000
13 0 2 0.072340
14 0 13 0.054365
0 1 4 0.559773
0 1 0 0.440227
3 0 14 0.533835
4 1 0 1.000000
4 0 5 0.966905
5 1 4 0.842201
5 0 8 0.711223
6 0 13 0.556186
6 1 14 0.584758
6 1 5 0.415242
7 0 0 0.313175
7 1 1 1.000000
7 0 2 0.306732
8 0 5 0.613889
8 1 11 0.547690
8 1 7 0.452310
9 1 5 0.602382
9 1 14 0.397618
11 1 10 1.000000
11 0 8 0.707124
12 1 2 0.315532
12 1 14 0.684468
14 0 0 0.133828
14 1 4 1.000000
14 0 2 0.387084
14 0 6 0.424723
13 0 9 0.927660
5 1 12 0.157799
