34 13
0 0 9 0.108152
1 0 5 0.776694
2 0 6 0.667231
3 0 9 0.053623
4 0 12 1.000000
5 0 12 0.126380
6 0 2 0.600509
7 0 0 0.503567
8 0 9 1.000000
9 0 7 0.549980
10 0 9 1.000000
11 0 4 1.000000
12 0 0 1.000000
0 0 0 0.890797
0 1 10 1.000000
0 0 1 0.001051
3 0 3 0.106785
3 1 8 0.326003
3 1 1 0.673997
6 1 1 1.000000
6 0 0 0.399491
7 0 8 0.496433
7 1 5 0.550930
7 1 1 0.449070
9 1 0 1.000000
9 0 1 0.450020
10 1 12 0.513446
10 1 8 0.486554
2 0 11 0.332769
11 1 6 1.000000
3 0 6 0.394109
5 0 2 0.873621
1 0 3 0.223306
3 0 4 0.445482
