77 25
0 0 11 1.000000
1 0 19 0.575171
2 0 11 0.597611
3 0 8 0.079559
4 0 14 0.087267
5 0 12 0.163161
6 0 16 0.232359
7 0 24 1.000000
8 0 0 0.007095
9 0 0 0.247338
10 0 17 0.421729
11 0 8 1.000000
12 0 8 0.455593
17 1 22 0.758636
14 0 16 1.000000
15 0 13 0.471346
16 0 6 1.000000
17 0 3 0.831889
18 0 13 1.000000
19 0 18 0.958787
20 0 12 1.000000
21 0 2 0.249720
22 0 8 0.397183
23 0 17 1.000000
24 0 10 0.581198
0 1 3 0.693850
0 1 11 0.306150
1 0 20 0.424829
1 1 10 0.671634
1 1 8 0.328366
2 1 17 1.000000
2 0 6 0.402389
3 0 21 0.920441
4 1 23 1.000000
4 0 3 0.912733
5 0 10 0.539885
5 1 5 1.000000
5 0 8 0.296954
6 0 8 0.715734
6 1 8 1.000000
6 0 13 0.051906
7 1 5 0.627778
7 1 15 0.372222
8 0 16 0.467644
8 1 9 1.000000
8 0 5 0.525261
9 0 13 0.752662
10 0 4 0.134858
10 1 8 1.000000
10 0 18 0.443413
12 1 9 1.000000
12 0 15 0.544407
13 0 5 1.000000
13 1 9 1.000000
24 1 16 0.747495
14 1 24 0.342909
14 1 8 0.657091
15 1 18 1.000000
15 0 5 0.528654
16 1 3 0.362093
16 1 1 0.637907
17 1 12 0.241364
17 0 14 0.168111
18 1 18 0.296970
18 1 14 0.703030
19 1 10 1.000000
19 0 7 0.041213
20 1 0 0.090920
20 1 5 0.909080
21 0 18 0.750280
21 1 20 0.541533
21 1 1 0.458467
22 0 9 0.295622
22 1 23 1.000000
22 0 19 0.307195
24 0 3 0.418802
24 1 4 0.252505
