39 14
8 0 3 0.380131
1 0 4 0.266531
2 0 8 0.970514
3 0 12 0.412907
4 0 1 0.701253
5 0 4 0.607194
6 0 10 0.308242
7 0 12 0.129281
8 0 1 0.193362
9 0 1 0.062962
10 0 8 0.475948
11 0 10 1.000000
12 0 7 1.000000
13 0 7 1.000000
13 1 9 0.602352
0 1 12 1.000000
0 0 2 1.000000
1 1 12 1.000000
1 0 7 0.733469
2 0 2 0.029486
2 1 2 0.332449
2 1 13 0.667551
3 0 9 0.587093
13 1 10 0.397648
12 1 10 0.488862
4 1 2 1.000000
4 0 5 0.298747
5 1 1 1.000000
5 0 13 0.392806
6 1 13 1.000000
6 0 9 0.691758
7 0 10 0.870719
7 1 9 0.782633
7 1 6 0.217367
8 0 11 0.426507
9 1 0 1.000000
9 0 6 0.937038
10 0 6 0.524052
12 1 2 0.511138
