37 12
11 0 0 0.232263
1 0 11 1.000000
2 0 10 1.000000
3 0 5 0.259020
4 0 5 0.094554
5 0 4 0.261159
6 0 11 0.239509
7 0 3 0.816353
8 0 9 1.000000
9 0 10 1.000000
10 0 5 0.398420
11 0 5 0.584984
0 1 6 1.000000
5 0 7 0.369617
1 1 2 0.737689
1 1 1 0.262311
4 0 3 0.276718
2 1 2 1.000000
6 0 1 0.099081
3 0 2 0.302462
3 1 4 1.000000
3 0 7 0.438518
4 0 4 0.248264
4 1 10 1.000000
4 0 9 0.380463
5 0 8 0.369225
5 1 10 0.080026
5 1 6 0.919974
6 0 6 0.311269
6 1 10 1.000000
6 0 2 0.350141
7 0 8 0.183647
7 1 6 0.863386
7 1 7 0.136614
11 0 8 0.182754
10 0 11 0.601580
10 1 5 1.000000
