33 13
0 0 5 0.111866
1 0 9 1.000000
2 0 0 1.000000
3 0 0 0.522376
12 0 6 0.651727
5 0 6 1.000000
6 0 0 0.470325
7 0 5 0.559051
8 0 6 1.000000
9 0 10 0.229771
10 0 7 0.531043
11 0 1 1.000000
12 0 3 0.348273
0 0 3 0.888134
0 1 0 0.149617
0 1 2 0.850383
2 1 8 0.685388
2 1 5 0.314612
3 0 3 0.259433
3 1 4 1.000000
3 0 11 0.218191
10 0 3 0.226919
4 1 11 1.000000
4 0 10 1.000000
6 0 4 0.520005
6 1 12 1.000000
6 0 7 0.009670
7 0 6 0.440950
7 1 10 0.494167
7 1 9 0.505833
9 0 5 0.770229
10 0 5 0.242037
10 1 10 1.000000
