42 14
0 0 10 1.000000
1 0 6 0.279163
2 0 9 1.000000
3 0 12 0.061707
4 0 0 0.353960
5 0 10 0.359397
6 0 2 0.540633
8 0 6 0.008656
8 0 10 0.268120
9 0 2 0.700878
10 0 5 1.000000
11 0 9 0.165106
12 0 7 0.594344
13 0 4 0.690511
0 1 13 0.656369
0 1 12 0.343631
1 0 13 0.440423
1 1 7 1.000000
1 0 0 0.280414
3 1 6 1.000000
3 0 11 0.938293
4 0 11 0.321178
4 1 11 1.000000
4 0 8 0.324862
5 1 8 1.000000
5 0 12 0.640603
6 1 2 1.000000
6 0 5 0.459367
11 0 3 0.640501
7 1 2 1.000000
7 0 13 1.000000
8 0 8 0.315284
8 1 8 1.000000
8 0 8 0.407941
9 0 13 0.080742
11 0 2 0.194393
12 1 7 1.000000
12 0 5 0.405656
13 0 10 0.250432
13 1 11 1.000000
13 0 12 0.059057
9 0 1 0.218380
