43 16
0 0 13 0.427219
1 0 6 1.000000
2 0 12 0.357149
3 0 11 0.568176
4 0 6 1.000000
5 0 4 0.396122
6 0 14 0.763188
7 0 2 1.000000
8 0 4 0.479906
9 0 6 0.478731
10 0 6 1.000000
11 0 2 0.703175
12 0 5 1.000000
13 0 3 1.000000
14 0 4 0.154089
15 0 4 1.000000
0 1 14 1.000000
0 0 1 0.572781
2 0 15 0.268090
2 1 13 1.000000
2 0 8 0.374761
3 0 12 0.431824
4 1 12 0.754593
4 1 9 0.245407
5 0 15 0.102401
5 1 0 1.000000
5 0 1 0.501477
8 1 11 1.000000
8 0 2 0.520094
9 1 2 1.000000
9 0 2 0.521269
10 1 1 0.873853
10 1 9 0.126147
11 0 5 0.012189
11 1 11 1.000000
11 0 12 0.284636
12 1 7 0.437088
12 1 1 0.562912
13 1 1 0.885017
13 1 0 0.114983
14 1 4 1.000000
14 0 9 0.845911
6 0 10 0.236812
