39 15
0 0 10 1.000000
1 0 4 0.300438
2 0 3 0.548624
3 0 11 1.000000
4 0 6 0.375151
5 0 6 0.752385
6 0 10 0.157606
7 0 14 0.368969
8 0 0 0.036624
7 0 13 0.525298
10 0 14 1.000000
11 0 1 0.672551
12 0 2 0.330316
13 0 11 0.433079
14 0 9 0.499327
1 1 4 1.000000
1 0 1 0.699562
2 0 6 0.451376
2 1 7 0.801909
2 1 10 0.198091
4 1 2 1.000000
4 0 5 0.624849
5 0 4 0.247615
5 1 12 0.155928
5 1 1 0.844072
6 0 14 0.842394
6 1 7 0.632464
6 1 3 0.367536
7 0 0 0.105733
8 0 4 0.468273
8 1 4 1.000000
8 0 6 0.495103
14 0 7 0.500673
13 0 4 0.566921
12 0 9 0.491001
11 1 1 1.000000
11 0 4 0.327449
12 0 8 0.178683
12 1 8 1.000000
