59 20
0 0 4 0.312023
1 0 3 0.739466
2 0 8 0.724552
3 0 16 0.507076
4 0 9 0.300471
5 0 15 0.881526
6 0 14 1.000000
7 0 6 0.404354
8 0 14 0.355680
9 0 2 0.890006
10 0 8 0.160410
11 0 6 1.000000
12 0 14 0.675689
13 0 5 0.816683
14 0 18 0.270138
15 0 3 1.000000
16 0 5 0.833851
17 0 4 0.509824
18 0 11 1.000000
19 0 14 1.000000
0 0 14 0.192605
0 1 0 1.000000
0 0 11 0.495372
1 1 4 1.000000
1 0 18 0.260534
2 1 12 0.683903
2 0 12 0.275448
3 1 2 1.000000
3 0 14 0.492924
4 1 1 1.000000
4 0 7 0.699529
5 0 18 0.118474
7 0 15 0.456818
7 1 9 1.000000
7 0 17 0.138827
8 0 12 0.644320
8 1 6 0.477297
8 1 15 0.522703
9 0 15 0.109994
10 0 14 0.671315
10 1 9 1.000000
10 0 12 0.168276
11 1 3 0.620575
11 1 17 0.379425
12 1 2 1.000000
12 0 1 0.324311
13 0 6 0.183317
14 0 1 0.729862
14 1 0 0.600581
14 1 13 0.399419
15 1 12 0.129276
15 1 10 0.870724
16 0 6 0.117429
16 1 6 1.000000
16 0 17 0.048720
17 0 1 0.490176
17 1 12 0.524152
17 1 17 0.475848
2 1 19 0.316097
