45 18
2 0 0 0.508340
1 0 15 1.000000
2 0 13 0.491660
3 0 1 1.000000
4 0 8 0.354037
5 0 1 1.000000
6 0 2 0.670873
7 0 4 1.000000
8 0 11 0.581179
9 0 6 1.000000
10 0 13 1.000000
11 0 2 0.880602
12 0 6 0.890092
13 0 4 0.712271
14 0 9 1.000000
15 0 5 0.568312
16 0 6 0.756413
17 0 3 1.000000
0 1 9 1.000000
16 0 10 0.108866
1 1 14 0.246846
1 1 11 0.753154
4 0 3 0.419664
4 1 5 1.000000
4 0 12 0.226299
6 1 1 1.000000
6 0 6 0.329127
7 1 17 0.178335
7 1 16 0.821665
8 0 7 0.418821
9 1 9 0.522583
9 1 12 0.477417
10 1 9 0.659784
10 1 15 0.340216
11 0 15 0.119398
12 1 1 1.000000
12 0 3 0.109908
13 0 7 0.287729
13 1 8 0.656025
13 1 6 0.343975
15 0 9 0.431688
16 1 3 1.000000
16 0 8 0.134721
17 1 12 0.404367
17 1 1 0.595633
