84 30
0 0 25 0.532690
1 0 0 1.000000
2 0 14 1.000000
3 0 19 0.588304
4 0 15 0.681674
5 0 6 1.000000
6 0 14 0.397726
7 0 6 0.600247
8 0 14 1.000000
9 0 15 0.173940
10 0 26 0.029762
11 0 21 1.000000
26 1 24 0.020455
13 0 2 0.731034
14 0 1 1.000000
15 0 28 1.000000
16 0 15 0.490156
17 0 8 1.000000
18 0 26 0.052783
19 0 18 0.380025
20 0 26 1.000000
21 0 1 0.259872
22 0 15 1.000000
23 0 1 1.000000
24 0 18 1.000000
25 0 12 1.000000
0 0 7 0.354785
27 0 8 0.301345
28 0 0 0.369212
29 0 27 0.263746
0 0 16 0.112525
0 1 23 0.464329
0 1 5 0.535671
1 1 18 0.877593
1 1 26 0.122407
2 1 11 0.342054
2 1 20 0.657946
3 1 18 1.000000
3 0 23 0.411696
4 0 8 0.318326
4 1 22 0.215547
4 1 9 0.784453
6 0 26 0.230741
6 1 6 1.000000
6 0 27 0.371533
7 1 24 1.000000
7 0 0 0.399753
9 0 25 0.826060
9 1 0 0.125780
9 1 8 0.874220
10 0 17 0.970238
10 1 2 0.140761
10 1 10 0.859239
11 1 27 0.295570
11 1 23 0.704430
29 0 20 0.736254
12 1 27 0.582019
12 1 2 0.417981
13 0 29 0.268966
14 1 16 0.734825
14 1 20 0.265175
16 1 13 1.000000
16 0 3 0.509844
17 1 3 0.913511
17 1 10 0.086489
18 0 27 0.947217
18 1 2 0.604373
18 1 29 0.395627
19 0 26 0.619975
19 1 25 0.879504
19 1 14 0.120496
21 0 12 0.381209
21 1 23 1.000000
21 0 13 0.358919
23 1 20 0.695315
23 1 19 0.304685
29 1 23 1.000000
26 1 10 0.499983
26 1 20 0.479562
27 1 18 1.000000
27 0 12 0.698655
28 0 4 0.630788
28 1 19 0.800714
28 1 10 0.199286
