57 20
0 0 5 0.144397
1 0 8 1.000000
2 0 3 0.879891
3 0 12 1.000000
0 1 17 0.504865
5 0 8 1.000000
6 0 5 0.538744
7 0 18 0.858654
8 0 6 0.514184
9 0 18 1.000000
10 0 2 0.044765
11 0 3 0.068967
12 0 5 1.000000
13 0 16 1.000000
14 0 19 1.000000
15 0 16 0.849835
16 0 6 0.071336
17 0 18 1.000000
18 0 13 0.388895
19 0 13 1.000000
0 0 18 0.855603
0 1 11 0.395615
0 1 5 0.099520
1 1 14 0.624481
1 1 13 0.375519
2 0 16 0.120109
2 1 4 0.430171
2 1 19 0.569829
3 1 0 0.827079
3 1 1 0.172921
4 1 8 1.000000
16 0 10 0.926108
5 1 16 0.530798
5 1 18 0.469202
6 1 3 1.000000
6 0 6 0.461256
7 1 6 1.000000
7 0 1 0.141346
8 0 0 0.334581
8 1 3 0.481151
8 1 15 0.518849
10 0 13 0.955235
11 1 1 1.000000
11 0 16 0.931033
12 1 16 0.835214
12 1 12 0.164786
14 1 3 0.952666
14 1 19 0.047334
15 0 13 0.150165
16 1 6 1.000000
16 0 2 0.002555
17 1 10 0.250198
17 1 19 0.749802
18 0 3 0.278993
18 1 13 1.000000
18 0 9 0.332113
8 0 7 0.151235
