55 18
0 0 9 0.985276
1 0 12 1.000000
2 0 4 0.255122
3 0 10 1.000000
4 0 0 0.047341
5 0 17 0.023829
6 0 5 1.000000
7 0 14 0.550823
8 0 1 0.544276
9 0 14 1.000000
10 0 7 0.325113
11 0 10 1.000000
12 0 9 0.191851
13 0 11 0.291465
14 0 17 1.000000
15 0 11 1.000000
16 0 5 0.564396
17 0 14 0.371256
0 0 14 0.014724
0 1 4 0.690676
0 1 16 0.309324
2 1 11 1.000000
2 0 11 0.744878
3 1 9 0.190718
3 1 8 0.809282
4 1 1 1.000000
4 0 6 0.952659
5 0 10 0.456370
6 1 15 0.509577
6 1 0 0.490423
7 0 15 0.381614
7 1 1 1.000000
7 0 13 0.067563
8 0 3 0.455724
8 1 15 0.474649
8 1 7 0.525351
10 0 9 0.313472
10 1 3 1.000000
10 0 10 0.361416
11 1 4 0.830355
11 1 8 0.169646
12 0 8 0.808149
12 1 8 0.365250
12 1 5 0.634750
13 1 3 1.000000
13 0 17 0.708535
14 1 11 0.928629
14 1 7 0.071372
15 1 10 0.448912
15 1 5 0.551088
16 0 9 0.277214
16 1 4 1.000000
16 0 17 0.158390
17 0 4 0.628744
5 0 2 0.519801
