90 30
0 0 6 0.752351
1 0 5 1.000000
2 0 15 1.000000
3 0 19 1.000000
4 0 9 0.243764
5 0 21 0.472869
6 0 23 0.655305
7 0 1 0.523672
8 0 20 0.244081
9 0 14 0.549587
10 0 23 0.895848
11 0 1 0.574013
12 0 15 0.161439
13 0 28 0.451541
14 0 23 1.000000
4 1 29 0.255957
16 0 24 0.373053
17 0 6 1.000000
18 0 19 1.000000
19 0 2 0.358154
20 0 0 0.136652
21 0 18 0.381786
22 0 1 0.774216
23 0 17 1.000000
24 0 14 1.000000
25 0 1 0.132852
26 0 9 0.761170
27 0 25 1.000000
28 0 6 0.667490
29 0 5 1.000000
0 0 12 0.247649
0 1 13 0.346318
0 1 25 0.653682
1 1 10 0.528469
1 1 25 0.471531
2 1 2 0.286996
2 1 3 0.713004
3 1 0 0.459210
3 1 13 0.540790
4 0 21 0.756236
4 1 5 0.152431
4 1 15 0.591612
5 1 0 1.000000
5 0 3 0.527131
6 0 19 0.344695
6 1 16 0.598970
6 1 18 0.401030
7 0 23 0.476328
8 1 3 1.000000
8 0 12 0.755919
9 0 26 0.110846
9 1 24 1.000000
9 0 27 0.339566
10 1 13 1.000000
10 0 6 0.104152
11 0 13 0.425987
12 0 23 0.421287
12 1 22 1.000000
12 0 13 0.417274
13 1 16 1.000000
13 0 1 0.548459
14 1 7 0.405661
14 1 17 0.594339
21 0 4 0.618214
15 1 16 0.381988
15 1 8 0.618012
16 0 2 0.626947
17 1 2 0.242640
17 1 16 0.757360
19 0 6 0.641846
19 1 11 0.463544
19 1 10 0.536456
20 1 28 1.000000
20 0 8 0.863348
21 1 11 0.101455
21 1 1 0.898545
22 1 3 1.000000
22 0 25 0.225784
24 1 10 0.525413
24 1 11 0.474587
25 1 8 1.000000
25 0 15 0.867148
26 1 10 1.000000
26 0 1 0.238830
27 1 12 0.559566
27 1 14 0.440434
28 1 1 1.000000
28 0 16 0.332510
29 1 22 0.625107
29 1 21 0.374893
