62 21
0 0 8 1.000000
1 0 16 0.057961
14 0 9 0.477153
3 0 7 0.838319
4 0 8 0.190026
5 0 14 0.409758
6 0 16 0.435887
5 1 2 0.140933
8 0 4 0.784098
9 0 6 0.709206
10 0 11 0.153275
11 0 0 0.228945
12 0 18 1.000000
13 0 15 1.000000
14 0 3 0.334348
15 0 16 0.453035
16 0 1 0.464702
17 0 16 0.308128
18 0 13 0.038996
19 0 16 0.261749
20 0 4 0.494277
0 1 10 0.595060
0 1 4 0.404940
1 0 4 0.942039
1 1 7 0.616165
1 1 6 0.383835
20 1 16 0.318782
3 0 14 0.161681
3 1 1 0.619415
3 1 11 0.380585
4 0 13 0.433769
4 1 0 1.000000
4 0 19 0.376205
5 1 5 0.859067
5 0 6 0.590242
6 0 13 0.564113
20 1 17 0.681218
7 1 15 1.000000
7 0 10 1.000000
8 1 5 1.000000
8 0 15 0.215902
9 0 1 0.290794
10 0 19 0.429156
10 1 16 1.000000
10 0 18 0.417570
11 0 7 0.771055
12 1 20 0.667057
12 1 18 0.332943
14 1 5 1.000000
14 0 4 0.188499
15 1 3 1.000000
15 0 1 0.546965
16 0 14 0.535299
17 1 4 1.000000
17 0 17 0.691872
18 0 8 0.961004
18 1 20 0.357246
18 1 16 0.642754
19 0 14 0.738251
19 1 12 0.556004
19 1 3 0.443996
20 0 18 0.505723
