53 21
0 0 17 1.000000
1 0 18 0.470207
2 0 19 0.660981
3 0 19 0.604977
4 0 3 0.977511
5 0 18 0.346555
6 0 5 1.000000
7 0 12 0.897510
8 0 1 1.000000
9 0 1 0.502926
9 0 6 0.057141
11 0 12 1.000000
12 0 9 0.228895
13 0 10 0.657342
14 0 1 0.533832
15 0 16 0.911885
16 0 10 0.772974
17 0 1 1.000000
18 0 16 1.000000
19 0 5 1.000000
20 0 15 0.346677
1 0 7 0.529793
2 0 11 0.339019
2 1 1 0.670695
2 1 12 0.329305
3 0 1 0.395023
3 1 0 0.917043
3 1 12 0.082957
4 1 12 1.000000
4 0 9 0.022489
5 0 20 0.653445
5 1 18 0.952259
5 1 20 0.047741
6 1 1 0.402137
6 1 10 0.597863
7 1 4 1.000000
7 0 16 0.102490
9 0 17 0.439933
10 0 20 1.000000
10 1 17 1.000000
20 0 8 0.653323
12 1 18 1.000000
12 0 13 0.771105
13 0 12 0.342658
13 1 5 0.116108
13 1 19 0.883892
14 0 4 0.466168
15 1 2 1.000000
15 0 9 0.088115
16 0 19 0.227026
17 1 14 0.683148
17 1 17 0.316852
20 1 1 1.000000
