73 25
0 0 17 0.508720
1 0 8 1.000000
2 0 0 0.540882
3 0 11 0.441508
4 0 16 1.000000
5 0 16 0.123932
6 0 24 1.000000
7 0 0 0.325300
8 0 12 0.091367
9 0 10 0.426958
10 0 7 1.000000
11 0 22 0.601943
12 0 22 0.215307
13 0 19 0.229830
14 0 22 1.000000
15 0 11 0.226780
16 0 6 0.433521
17 0 23 1.000000
18 0 4 1.000000
19 0 17 0.495308
20 0 3 0.488816
21 0 15 1.000000
22 0 24 0.424187
23 0 18 0.427391
24 0 8 0.578070
0 1 22 1.000000
0 0 19 0.491280
1 1 8 0.880551
1 1 9 0.119449
2 0 3 0.459118
2 1 6 0.234259
2 1 0 0.765741
3 0 5 0.558492
3 1 9 0.413767
3 1 3 0.586233
5 1 12 1.000000
5 0 2 0.876068
7 0 8 0.424659
7 1 4 1.000000
7 0 5 0.250041
8 0 6 0.908633
9 1 22 1.000000
9 0 2 0.573042
10 1 5 0.493027
10 1 0 0.506973
11 0 1 0.398057
11 1 12 0.672715
11 1 9 0.327285
12 0 11 0.208936
12 1 7 0.508384
12 0 17 0.334563
13 0 14 0.770170
13 1 23 0.383382
13 1 15 0.616618
14 1 16 0.731685
14 1 12 0.268315
15 0 1 0.773220
16 0 4 0.275930
16 1 0 1.000000
16 0 21 0.290549
12 1 14 0.491616
12 0 13 0.241194
19 0 11 0.435948
19 1 5 1.000000
19 0 24 0.068744
20 0 17 0.511184
21 1 1 0.744293
21 1 22 0.255707
22 0 23 0.295884
22 1 22 1.000000
22 0 20 0.279929
23 0 7 0.572609
24 0 4 0.421930
