40 17
0 0 2 0.625803
1 0 10 1.000000
2 0 7 0.075249
3 0 4 0.782616
4 0 12 1.000000
5 0 9 0.844040
6 0 15 0.569004
7 0 15 0.740839
8 0 9 0.065603
9 0 16 0.161830
10 0 14 0.448815
11 0 1 1.000000
12 0 16 0.491953
13 0 4 0.925489
14 0 1 0.600300
15 0 7 1.000000
3 0 6 0.217384
0 0 12 0.374197
2 0 12 0.924751
5 1 0 1.000000
5 0 1 0.155960
6 0 9 0.430996
6 1 4 0.476388
6 1 12 0.523612
7 0 0 0.259161
8 0 4 0.934397
9 0 15 0.675079
9 1 11 1.000000
9 0 11 0.163091
10 0 3 0.094874
10 1 3 1.000000
10 0 5 0.456311
12 0 2 0.439616
12 1 8 1.000000
12 0 12 0.068431
13 1 7 1.000000
13 0 0 0.074511
14 0 13 0.399700
16 1 9 0.960323
16 1 8 0.039677
