54 21
0 0 7 1.000000
1 0 12 1.000000
2 0 13 0.497916
3 0 4 0.349312
4 0 12 0.338353
5 0 16 1.000000
6 0 15 0.069590
7 0 4 1.000000
8 0 17 1.000000
9 0 14 1.000000
10 0 6 1.000000
11 0 17 1.000000
12 0 0 1.000000
13 0 3 0.251632
14 0 11 0.905328
15 0 3 0.545459
16 0 17 0.639146
17 0 9 0.221914
18 0 12 1.000000
19 0 18 1.000000
20 0 12 1.000000
2 0 19 0.425827
2 1 19 1.000000
2 0 5 0.076257
3 0 10 0.650688
4 0 9 0.280335
4 1 6 1.000000
4 0 10 0.381312
6 0 10 0.930410
6 1 14 0.461423
6 1 16 0.538577
8 1 1 0.518686
8 1 2 0.481314
10 1 17 0.509632
10 1 11 0.490368
11 1 4 0.910463
11 1 16 0.089537
12 1 19 0.568050
12 1 13 0.431950
13 0 5 0.497534
13 1 7 1.000000
13 0 7 0.250833
14 0 20 0.094672
14 1 19 0.180095
14 1 15 0.819905
15 0 8 0.454541
16 1 0 1.000000
16 0 20 0.360854
17 1 19 1.000000
17 0 19 0.778086
18 1 20 0.599889
18 1 9 0.400111
19 1 17 0.597861
19 1 18 0.402139
