41 16
0 0 3 0.425597
1 0 11 0.660283
2 0 4 0.740104
3 0 5 0.440590
4 0 1 0.253626
5 0 13 0.893969
6 0 13 1.000000
7 0 15 1.000000
8 0 3 0.290076
9 0 13 1.000000
10 0 12 1.000000
11 0 10 0.454890
12 0 13 1.000000
13 0 12 0.383203
14 0 15 0.448177
15 0 11 1.000000
0 1 4 1.000000
0 0 4 0.574403
1 1 13 1.000000
1 0 1 0.339717
2 1 5 1.000000
2 0 11 0.259896
3 1 15 1.000000
3 0 12 0.559410
4 0 6 0.387871
4 1 10 1.000000
4 0 7 0.358504
5 0 8 0.106031
5 1 8 0.798883
5 1 0 0.201117
14 0 9 0.551823
14 1 14 0.292419
8 1 11 1.000000
8 0 5 0.709924
10 1 2 0.519340
10 1 14 0.480660
11 0 12 0.541804
11 1 14 1.000000
11 0 0 0.003307
13 0 11 0.616797
14 1 3 0.707581
