85 29
0 0 27 1.000000
1 0 14 0.686044
2 0 28 0.735146
3 0 27 1.000000
4 0 19 1.000000
5 0 6 1.000000
6 0 12 0.363842
7 0 17 0.442450
8 0 16 1.000000
9 0 4 1.000000
10 0 23 1.000000
11 0 15 1.000000
12 0 13 1.000000
13 0 17 0.344586
14 0 5 1.000000
15 0 27 1.000000
16 0 12 0.587406
17 0 21 0.174189
18 0 23 1.000000
19 0 22 0.373235
20 0 19 1.000000
21 0 6 0.861452
22 0 15 0.331279
23 0 6 1.000000
24 0 11 0.168949
25 0 24 0.069332
26 0 2 1.000000
27 0 25 0.741234
28 0 2 0.748762
1 0 15 0.313956
2 1 8 1.000000
2 0 9 0.264854
3 1 23 0.692236
3 1 9 0.307764
4 1 17 0.241200
4 1 5 0.758800
5 1 5 0.987563
5 1 26 0.012437
6 1 15 1.000000
6 0 25 0.636158
7 0 11 0.407804
7 1 16 1.000000
7 0 0 0.149746
8 1 3 0.772971
8 1 5 0.227029
10 1 13 0.837123
10 1 19 0.162877
11 1 18 0.671689
11 1 23 0.328311
12 1 15 0.391331
12 1 0 0.608669
13 0 4 0.370298
13 1 16 1.000000
13 0 27 0.285116
14 1 11 0.360597
14 1 3 0.639403
15 1 19 0.219157
15 1 23 0.119908
16 0 4 0.412594
16 1 23 0.493439
16 1 9 0.506561
17 1 13 1.000000
17 0 19 0.825811
19 0 11 0.223763
19 1 27 0.613006
19 1 24 0.386994
20 1 26 0.944996
20 1 4 0.055004
21 0 8 0.138548
21 1 11 0.851009
21 1 15 0.148990
22 0 26 0.668721
24 0 25 0.831051
24 1 14 0.189660
24 1 8 0.810340
25 1 2 0.402943
25 0 26 0.930668
27 0 23 0.041077
27 1 21 1.000000
27 0 2 0.217689
28 0 12 0.251238
15 1 1 0.344971
25 1 7 0.597057
19 0 10 0.403002
15 1 20 0.315964
