41 15
0 0 9 0.235870
1 0 11 0.520179
2 0 14 0.072270
3 0 1 1.000000
4 0 14 0.535236
5 0 11 0.558267
6 0 0 1.000000
7 0 2 1.000000
8 0 7 0.242648
9 0 3 0.545548
10 0 13 0.750093
11 0 7 1.000000
12 0 14 1.000000
13 0 8 0.951769
14 0 1 1.000000
0 0 12 0.153392
0 1 0 1.000000
0 0 11 0.610738
1 0 1 0.479821
2 0 2 0.448997
2 1 0 0.120891
2 1 1 0.879109
3 1 10 0.552587
3 1 0 0.447413
4 1 2 1.000000
4 0 8 0.464764
5 0 3 0.441733
7 1 1 0.296669
7 1 8 0.703331
8 0 2 0.585753
8 1 10 0.980538
8 0 3 0.171599
9 0 12 0.454452
2 0 6 0.478733
8 1 5 0.019462
10 1 14 1.000000
10 0 1 0.249907
11 1 4 0.442752
11 1 0 0.557248
13 0 3 0.048231
14 1 4 1.000000
