79 27
0 0 4 0.273608
1 0 18 0.662691
2 0 14 1.000000
3 0 9 1.000000
4 0 15 0.378009
5 0 20 0.163540
6 0 1 0.413363
7 0 1 1.000000
8 0 14 1.000000
9 0 2 1.000000
10 0 6 1.000000
11 0 21 0.484897
12 0 5 0.559879
13 0 26 1.000000
14 0 20 1.000000
15 0 19 0.492258
16 0 24 1.000000
26 0 11 0.976494
18 0 4 0.612190
19 0 4 0.670359
20 0 8 1.000000
21 0 20 0.705394
22 0 13 0.309747
23 0 0 0.171065
24 0 23 0.481941
25 0 17 0.576889
26 0 7 0.023506
0 0 18 0.301321
0 1 24 1.000000
0 0 23 0.425071
1 0 6 0.337309
1 1 4 0.807242
1 1 18 0.192758
2 1 4 0.538646
2 1 10 0.461354
4 1 2 1.000000
4 0 21 0.621991
5 1 17 1.000000
5 0 6 0.836460
6 0 0 0.586637
26 1 14 1.000000
25 0 0 0.254387
7 1 2 0.783863
7 1 23 0.216137
9 1 13 0.228787
9 1 19 0.771213
11 0 26 0.515104
11 1 15 0.256899
11 1 12 0.743101
12 0 9 0.440121
12 1 23 0.280577
12 1 5 0.719423
13 1 14 0.280352
13 1 9 0.719648
14 1 9 0.497062
14 1 7 0.502938
15 0 9 0.507742
16 1 8 0.484998
16 1 17 0.515002
25 1 17 1.000000
17 1 8 0.449001
17 1 6 0.550999
18 0 8 0.387810
18 1 20 0.734286
18 1 25 0.265714
19 1 13 1.000000
19 0 5 0.329641
20 1 21 0.444941
20 1 26 0.555059
21 0 16 0.294606
21 1 23 0.530032
21 1 6 0.469968
22 1 3 1.000000
22 0 11 0.690253
23 0 22 0.828935
23 1 6 0.025673
23 1 18 0.974327
24 0 26 0.518059
25 0 20 0.168724
