86 30
0 0 3 0.171032
1 0 24 0.412320
2 0 25 0.500794
3 0 11 0.901630
4 0 20 1.000000
5 0 8 1.000000
6 0 8 0.656513
7 0 24 0.709729
8 0 14 0.251948
9 0 4 0.422199
10 0 11 0.463437
2 0 19 0.128201
12 0 27 1.000000
13 0 23 0.743988
14 0 1 0.429642
15 0 26 0.484899
16 0 14 1.000000
17 0 4 1.000000
18 0 6 0.300707
19 0 9 0.399505
20 0 9 1.000000
21 0 9 0.191967
22 0 28 0.953975
23 0 14 0.221167
24 0 20 0.497802
25 0 21 1.000000
26 0 22 0.632384
27 0 23 0.911857
28 0 7 1.000000
29 0 4 0.413574
0 0 13 0.456097
0 1 15 1.000000
0 0 26 0.372871
1 0 14 0.291642
1 1 13 1.000000
1 0 9 0.296038
2 1 11 1.000000
2 0 11 0.371005
3 1 8 1.000000
3 0 16 0.098370
5 1 4 0.137859
5 1 17 0.862141
6 0 15 0.343487
7 0 4 0.290271
8 0 27 0.748052
8 1 28 0.542859
8 1 16 0.457141
9 0 1 0.354619
9 1 21 1.000000
9 0 23 0.062795
10 1 13 1.000000
10 0 17 0.536563
29 1 12 0.682536
11 1 3 0.517011
11 1 26 0.482989
12 1 22 0.225886
12 1 7 0.774114
13 0 21 0.256012
14 0 7 0.570359
14 1 21 0.320610
14 1 24 0.679390
15 0 25 0.515101
18 0 13 0.699293
18 1 0 0.675179
18 1 29 0.324821
19 0 14 0.600495
21 1 2 1.000000
21 0 4 0.808033
22 0 15 0.046025
23 0 7 0.778833
23 1 29 0.072483
23 1 13 0.927517
24 0 23 0.502198
24 1 8 0.642643
24 1 22 0.357357
26 0 2 0.081302
26 1 1 1.000000
26 0 28 0.286314
27 0 15 0.088143
27 1 15 0.548402
27 1 18 0.451598
28 1 3 0.429491
28 1 10 0.570509
29 1 20 0.317464
29 0 6 0.586426
9 0 5 0.160386
