77 25
0 0 22 0.411634
1 0 16 0.043895
2 0 10 0.142387
3 0 17 1.000000
4 0 6 1.000000
5 0 20 0.933386
6 0 14 1.000000
7 0 6 0.727224
8 0 20 1.000000
9 0 3 1.000000
10 0 17 0.427788
11 0 21 1.000000
12 0 1 0.708070
13 0 15 0.746949
14 0 7 0.620563
15 0 9 0.665147
16 0 14 0.498874
17 0 7 0.494041
18 0 16 0.100576
19 0 9 0.230178
20 0 21 1.000000
21 0 23 0.378954
22 0 4 0.201996
23 0 15 0.302805
24 0 7 1.000000
0 1 12 1.000000
0 0 14 0.588366
1 0 21 0.956105
1 1 23 0.846304
1 1 6 0.153696
2 0 19 0.857613
2 1 12 0.560183
2 1 15 0.439817
4 1 19 0.656135
4 1 12 0.343865
5 0 2 0.066614
6 1 3 0.417327
6 1 18 0.582673
7 1 11 1.000000
7 0 8 0.272776
8 1 6 0.422168
8 1 14 0.577832
9 1 11 0.160927
9 1 4 0.839073
10 0 14 0.410871
10 1 5 1.000000
10 0 11 0.161341
12 0 20 0.291930
12 1 22 0.924185
12 1 7 0.075815
13 1 17 1.000000
13 0 16 0.253051
14 1 15 1.000000
14 0 9 0.379437
15 0 3 0.334853
15 1 18 0.534306
15 1 11 0.465694
17 0 20 0.505959
17 1 17 0.649927
17 1 24 0.350073
18 0 19 0.899424
19 1 14 1.000000
19 0 14 0.769822
20 1 9 0.440492
20 1 21 0.559508
21 0 14 0.029777
21 1 5 1.000000
21 0 3 0.591269
22 0 12 0.798004
22 1 10 0.219803
22 1 3 0.780197
23 0 21 0.260731
23 1 0 1.000000
23 0 0 0.436464
24 1 2 0.047220
24 1 10 0.952780
16 0 13 0.501126
