88 30
0 0 14 1.000000
1 0 7 0.387474
2 0 17 0.673622
3 0 1 0.978154
4 0 12 1.000000
5 0 12 0.430523
6 0 9 1.000000
7 0 19 0.178025
8 0 19 0.204630
7 1 4 0.927609
10 0 23 1.000000
11 0 21 0.332538
12 0 26 0.443368
13 0 12 1.000000
14 0 11 1.000000
15 0 11 1.000000
16 0 28 0.792980
17 0 13 0.584687
18 0 12 1.000000
19 0 20 0.324910
20 0 28 0.059889
21 0 13 0.008651
22 0 1 1.000000
23 0 25 0.605600
24 0 21 0.259008
25 0 0 0.078780
26 0 6 0.188241
27 0 26 0.391321
28 0 7 0.509749
29 0 8 0.628088
1 0 5 0.605439
1 1 15 1.000000
1 0 26 0.007087
2 1 6 1.000000
2 0 29 0.326378
3 0 0 0.021846
3 1 1 0.652066
3 1 15 0.347934
5 0 3 0.313382
5 1 19 1.000000
5 0 21 0.256095
6 1 22 0.135122
6 1 0 0.864878
7 0 16 0.131367
7 1 19 0.072391
7 0 13 0.690608
8 1 28 1.000000
8 0 28 0.795370
29 1 13 0.601649
9 1 17 1.000000
9 0 14 1.000000
10 1 3 0.575751
10 1 23 0.424249
11 0 16 0.667462
12 0 11 0.043825
12 1 17 1.000000
12 0 2 0.512807
13 1 11 0.558758
13 1 17 0.441242
14 1 12 0.183072
14 1 7 0.816928
15 1 8 0.121509
15 1 19 0.878491
16 0 10 0.207020
17 1 1 1.000000
17 0 3 0.415313
18 1 3 0.551441
18 1 22 0.448559
19 0 27 0.675090
20 0 23 0.940111
21 0 5 0.991349
22 1 12 0.549710
22 1 15 0.450290
23 0 13 0.394400
23 1 14 0.729214
23 1 7 0.270786
24 0 25 0.334197
24 1 22 1.000000
24 0 18 0.406796
25 1 26 1.000000
25 0 2 0.921220
26 0 8 0.811759
27 0 2 0.256320
27 1 9 1.000000
27 0 24 0.352359
28 0 22 0.490251
29 0 15 0.371912
29 1 20 0.398351
