40 15
0 0 11 1.000000
1 0 11 0.651669
2 0 12 0.926637
3 0 7 0.412524
4 0 0 1.000000
5 0 9 1.000000
6 0 4 0.643663
7 0 3 1.000000
8 0 4 1.000000
9 0 5 0.137644
10 0 14 0.684075
11 0 7 0.351638
12 0 6 1.000000
13 0 1 0.961042
14 0 6 0.454167
2 1 7 1.000000
2 0 1 0.073363
3 0 11 0.478665
3 1 2 1.000000
3 0 4 0.108810
5 1 5 0.683658
5 1 2 0.316342
6 0 1 0.032269
6 1 3 0.421446
6 0 2 0.324068
7 1 9 0.356723
7 1 6 0.643277
9 0 3 0.593791
9 1 14 1.000000
9 0 2 0.268565
10 0 6 0.315925
11 1 14 1.000000
11 0 2 0.648362
13 1 11 1.000000
13 0 8 0.038958
14 0 3 0.263644
14 1 8 1.000000
14 0 9 0.282190
6 1 10 0.578554
1 0 13 0.348331
