44 15
0 0 14 0.013369
1 0 3 0.392836
2 0 1 1.000000
3 0 12 0.969162
4 0 3 1.000000
5 0 2 0.089715
6 0 3 0.506659
7 0 13 0.756446
8 0 0 0.013597
9 0 6 0.687483
10 0 14 1.000000
11 0 2 0.009747
12 0 1 0.154305
13 0 14 0.888438
14 0 11 1.000000
0 1 3 1.000000
0 0 12 0.986631
1 0 4 0.607164
1 1 0 0.592565
1 1 7 0.407435
2 1 0 0.104690
2 1 7 0.895310
3 0 10 0.030838
3 1 0 0.741724
3 1 9 0.258276
12 0 8 0.311524
4 1 13 1.000000
14 1 11 0.666513
5 1 3 1.000000
5 0 6 0.910285
6 0 9 0.493341
7 1 4 1.000000
7 0 10 0.243554
8 1 12 1.000000
8 0 14 0.986403
9 1 4 1.000000
9 0 12 0.312517
11 1 12 1.000000
11 0 4 0.990253
12 0 9 0.534171
12 1 2 0.849657
12 1 1 0.150343
13 0 9 0.111563
14 1 0 0.333487
