52 17
0 0 12 0.022175
1 0 13 1.000000
2 0 12 0.019003
3 0 8 0.371599
4 0 5 0.720575
5 0 1 0.452060
6 0 4 0.372046
7 0 0 0.500872
8 0 2 1.000000
9 0 4 0.481436
10 0 15 1.000000
11 0 10 0.353605
12 0 4 1.000000
13 0 7 0.515079
14 0 10 0.710739
15 0 14 0.012635
16 0 3 0.233319
0 0 14 0.126969
0 1 7 1.000000
0 0 4 0.850856
2 0 9 0.254153
2 1 1 1.000000
2 0 15 0.726843
3 0 5 0.628401
3 1 11 0.376740
3 1 0 0.623260
4 0 10 0.279425
5 0 15 0.547940
6 0 9 0.228800
7 1 10 1.000000
7 0 11 0.499128
8 1 6 0.418255
8 1 13 0.581745
9 0 2 0.518564
9 1 5 0.381344
9 1 9 0.618656
11 0 14 0.646395
11 1 13 0.131410
11 1 12 0.868590
12 1 12 0.939850
12 1 3 0.060150
13 0 0 0.484921
13 1 11 0.832220
13 1 1 0.167780
14 0 3 0.289261
14 1 11 0.803286
14 1 7 0.196714
15 0 15 0.987365
16 0 13 0.517006
16 1 7 1.000000
16 0 12 0.249675
6 0 16 0.399154
