68 24
0 0 23 0.157185
1 0 4 0.538643
2 0 12 0.545115
3 0 15 1.000000
4 0 6 1.000000
5 0 19 0.079218
6 0 5 1.000000
7 0 13 0.563648
8 0 11 0.365118
9 0 22 0.398098
10 0 4 1.000000
11 0 6 1.000000
12 0 9 1.000000
13 0 10 0.127093
14 0 19 0.231019
15 0 12 1.000000
23 0 7 0.576153
17 0 14 1.000000
18 0 15 0.089448
19 0 13 0.315459
20 0 21 1.000000
21 0 22 0.154233
22 0 12 0.506332
23 0 17 0.423847
0 0 17 0.842815
0 1 21 0.104466
0 1 22 0.895534
1 1 21 1.000000
1 0 16 0.461357
2 0 18 0.454885
3 1 3 0.364963
3 1 18 0.635037
4 1 15 0.099830
4 1 19 0.900170
5 0 13 0.920783
7 0 10 0.436352
7 1 20 0.876731
7 1 18 0.123269
8 0 5 0.427963
8 1 23 1.000000
8 0 13 0.206920
9 1 0 1.000000
9 0 3 0.601902
10 1 5 0.116372
10 1 16 0.883628
11 1 0 0.000491
11 1 14 0.999509
12 1 5 0.476501
12 1 11 0.523499
13 1 6 1.000000
13 0 12 0.872907
15 1 0 0.792285
15 1 14 0.207715
14 0 2 0.768981
17 1 12 0.403757
17 1 4 0.596243
18 0 16 0.468618
18 1 0 1.000000
18 0 11 0.441934
19 0 18 0.435508
19 1 0 0.495151
19 1 20 0.504849
21 0 23 0.106333
21 1 11 1.000000
21 0 20 0.739434
22 1 14 1.000000
22 0 17 0.493668
19 0 1 0.249033
