49 16
15 1 15 0.077754
1 0 4 0.149472
2 0 14 1.000000
3 0 11 0.067483
15 1 9 0.922246
14 0 14 0.430829
6 0 3 0.503823
7 0 8 0.684451
8 0 12 0.317341
9 0 15 1.000000
10 0 8 0.327727
11 0 0 0.295807
12 0 10 1.000000
13 0 0 0.363975
14 0 15 0.569171
15 0 0 1.000000
0 0 11 1.000000
0 1 12 1.000000
14 1 8 1.000000
1 0 10 0.850528
2 1 6 0.463725
2 1 7 0.536275
3 0 4 0.932517
3 1 12 0.536442
3 1 2 0.463558
4 1 11 1.000000
13 1 0 0.461151
5 1 1 1.000000
13 1 15 0.538849
6 0 5 0.496177
6 1 12 0.441712
6 1 3 0.558288
7 0 13 0.315549
7 1 2 0.480750
7 1 15 0.519250
8 0 10 0.329775
8 1 13 1.000000
8 0 1 0.352884
9 1 6 0.749456
9 1 7 0.250544
10 0 12 0.672273
10 1 6 0.403218
10 1 1 0.596782
11 0 4 0.058095
11 1 6 1.000000
11 0 12 0.646098
12 1 2 0.526717
12 1 0 0.473283
13 0 15 0.636025
