67 23
0 0 1 1.000000
1 0 17 0.372992
2 0 8 1.000000
3 0 17 0.316037
4 0 14 1.000000
5 0 17 0.519260
6 0 13 1.000000
7 0 2 1.000000
8 0 20 0.464077
9 0 3 1.000000
10 0 0 1.000000
11 0 4 1.000000
12 0 19 0.358917
13 0 21 0.567160
14 0 0 0.532905
15 0 22 0.439775
16 0 2 0.577350
17 0 4 1.000000
18 0 11 0.209163
19 0 14 1.000000
20 0 2 0.718551
21 0 18 1.000000
22 0 2 1.000000
0 1 18 0.354848
0 1 16 0.645151
1 0 5 0.507979
1 1 14 1.000000
1 0 6 0.119029
2 1 6 0.253762
2 1 9 0.746238
3 0 13 0.683963
3 1 3 0.125751
3 1 11 0.874249
4 1 5 0.974274
4 1 18 0.025726
5 0 12 0.480740
6 1 4 0.808048
6 1 16 0.191952
7 1 12 0.900522
7 1 8 0.099478
8 0 12 0.535923
22 1 9 0.143454
22 1 10 0.856546
11 1 7 0.571429
11 1 0 0.428571
12 0 8 0.160351
12 1 15 1.000000
12 0 14 0.480732
13 0 15 0.432840
13 1 14 0.872451
13 1 7 0.127549
14 1 19 1.000000
14 0 12 0.467095
15 1 3 1.000000
15 0 18 0.560225
16 1 4 1.000000
16 0 11 0.422650
17 1 12 0.477617
17 1 11 0.522383
18 0 20 0.790837
19 1 14 0.647609
19 1 3 0.352391
20 0 1 0.281449
20 1 3 0.477008
20 1 21 0.522992
21 1 8 0.833518
21 1 20 0.166482
