48 19
0 0 3 1.000000
1 0 11 1.000000
18 0 10 0.696905
18 1 9 1.000000
4 0 9 0.447574
5 0 8 0.278778
6 0 3 1.000000
7 0 11 0.500862
8 0 16 1.000000
9 0 4 1.000000
10 0 13 0.790700
17 0 7 0.354615
17 1 14 1.000000
13 0 10 0.342793
14 0 7 0.421065
15 0 1 0.636582
16 0 14 0.657902
17 0 4 0.645385
18 0 1 0.303095
16 1 3 0.576916
16 1 13 0.423084
16 0 0 0.342098
2 1 13 0.584624
2 1 9 0.415376
3 0 1 1.000000
3 1 10 1.000000
15 1 14 0.333807
4 1 15 1.000000
4 0 6 0.552426
5 1 3 1.000000
5 0 18 0.721222
7 0 17 0.499138
7 1 8 0.334597
7 1 5 0.665403
15 1 11 0.666193
15 0 15 0.363418
9 1 5 0.284441
9 1 2 0.715559
10 1 11 1.000000
10 0 12 0.209300
14 1 1 0.461715
11 1 12 1.000000
11 0 1 1.000000
14 1 8 0.538285
13 0 11 0.657207
13 1 10 0.544995
13 1 4 0.455005
14 0 12 0.578935
