60 20
0 0 12 0.677717
1 0 19 1.000000
2 0 8 1.000000
3 0 5 0.392822
4 0 2 0.399618
5 0 10 0.154764
6 0 1 0.708423
7 0 8 0.746507
8 0 5 0.422119
9 0 1 1.000000
10 0 9 1.000000
11 0 13 0.359378
12 0 14 0.962521
13 0 0 0.621811
14 0 17 0.536344
15 0 7 0.460042
16 0 6 1.000000
17 0 15 0.315705
18 0 1 0.434329
19 0 1 1.000000
0 1 14 1.000000
0 0 17 0.322283
2 1 16 0.776828
2 1 19 0.223172
3 0 19 0.607178
4 0 11 0.600382
5 0 1 0.404863
5 1 10 1.000000
5 0 18 0.440373
6 0 9 0.291577
6 1 11 0.717139
6 1 13 0.282860
7 0 12 0.253493
7 1 10 0.486081
7 1 3 0.513919
8 0 19 0.577881
8 1 0 0.260219
8 1 15 0.739781
10 1 16 0.697862
10 1 17 0.302138
11 0 7 0.074625
11 1 7 1.000000
11 0 15 0.565997
12 0 15 0.037479
13 0 12 0.362695
13 1 10 1.000000
13 0 2 0.015494
14 1 1 1.000000
14 0 7 0.463656
15 0 12 0.380996
15 1 10 1.000000
15 0 1 0.158962
16 1 11 0.425091
16 1 15 0.574909
17 0 17 0.531463
17 1 3 1.000000
17 0 18 0.152832
18 1 5 1.000000
18 0 9 0.565671
19 1 4 1.000000
