45 16
15 0 3 0.300461
1 0 4 0.202078
2 0 10 0.535316
3 0 6 1.000000
4 0 6 0.722603
5 0 1 0.151214
6 0 10 0.513615
7 0 0 0.523186
8 0 10 0.835092
9 0 5 0.671235
15 1 2 1.000000
11 0 9 0.865646
12 0 11 0.432342
13 0 9 0.499982
14 0 11 1.000000
15 0 14 0.699539
0 0 0 1.000000
0 1 1 1.000000
13 0 11 0.172596
1 0 15 0.409632
1 1 5 1.000000
1 0 0 0.388290
2 0 12 0.464684
4 0 8 0.277397
4 1 12 0.505024
4 1 5 0.494976
5 0 8 0.848786
5 1 4 0.682489
5 1 6 0.317511
6 1 1 1.000000
6 0 8 0.486385
7 0 8 0.476814
7 1 2 0.428957
7 1 9 0.571043
8 1 12 1.000000
8 0 14 0.164908
9 1 9 1.000000
9 0 13 0.328765
13 1 11 1.000000
10 1 10 1.000000
10 0 3 1.000000
11 1 9 1.000000
11 0 10 0.134354
12 0 7 0.567658
13 0 14 0.327422
