56 21
0 0 15 0.452326
1 0 2 0.175433
2 0 3 1.000000
3 0 4 0.275615
4 0 8 0.383020
5 0 1 0.417339
6 0 19 0.273167
7 0 16 0.295131
8 0 14 0.597723
9 0 17 1.000000
10 0 9 1.000000
11 0 15 1.000000
12 0 5 1.000000
13 0 4 1.000000
14 0 1 0.213652
15 0 3 0.163978
16 0 0 1.000000
17 0 6 1.000000
18 0 6 1.000000
19 0 16 0.347074
20 0 6 0.348123
0 0 20 0.203495
0 1 2 1.000000
0 0 0 0.344179
1 0 3 0.824567
3 0 8 0.724385
4 0 5 0.302837
4 1 4 0.513817
4 1 19 0.486183
5 0 17 0.121787
5 1 3 0.007614
5 0 13 0.460874
6 1 19 1.000000
6 0 13 0.726833
7 1 7 0.935062
7 0 0 0.704869
8 0 12 0.210221
8 1 16 1.000000
8 0 7 0.192056
4 0 18 0.314143
9 1 4 1.000000
15 0 11 0.326197
14 0 5 0.483071
14 1 5 1.000000
14 0 6 0.303277
15 0 5 0.509825
16 1 3 0.924082
16 1 14 0.075918
19 0 14 0.513549
19 1 4 1.000000
19 0 1 0.139377
20 0 12 0.475420
20 1 19 1.000000
20 0 0 0.176457
7 1 9 0.064938
5 1 10 0.992386
