58 20
0 0 11 0.316594
1 0 7 0.620070
2 0 6 0.081653
3 0 5 0.458732
4 0 1 0.714560
5 0 9 1.000000
6 0 4 0.512612
7 0 4 0.805657
8 0 5 0.301031
9 0 2 0.627135
10 0 14 1.000000
11 0 15 0.104175
12 0 6 0.409739
13 0 9 0.668615
14 0 11 0.501402
15 0 4 0.383295
16 0 12 1.000000
17 0 14 0.224704
18 0 2 0.912680
19 0 1 0.555322
0 1 15 1.000000
0 0 0 0.683406
1 1 0 1.000000
1 0 6 0.379930
2 1 4 1.000000
2 0 11 0.918347
4 1 2 1.000000
4 0 6 0.285440
5 1 0 0.751377
5 1 9 0.248623
6 0 2 0.487388
6 1 1 0.614591
6 1 12 0.385409
7 1 1 1.000000
7 0 17 0.194343
8 0 0 0.698969
9 0 5 0.372865
9 1 14 0.614722
9 1 12 0.385278
11 0 7 0.342700
12 1 18 1.000000
12 0 13 0.590261
13 0 18 0.107912
13 1 9 1.000000
13 0 17 0.223473
14 0 15 0.291732
14 1 17 0.493181
14 1 8 0.506819
15 0 18 0.616705
15 1 9 0.514493
15 1 11 0.485507
17 0 9 0.775296
3 0 19 0.541268
14 0 10 0.206866
18 1 16 1.000000
18 0 12 0.087320
19 0 17 0.444678
11 0 3 0.553126
