40 14
0 0 2 0.902158
1 0 3 0.247084
2 0 6 1.000000
3 0 4 1.000000
4 0 10 0.642153
5 0 4 0.223632
6 0 5 1.000000
7 0 9 0.518460
8 0 5 0.702287
9 0 3 1.000000
10 0 11 0.701867
11 0 13 0.478031
12 0 7 0.500649
13 0 8 1.000000
0 0 4 0.097842
1 1 9 1.000000
1 0 4 0.752916
2 1 6 0.156280
2 1 9 0.843720
4 1 9 1.000000
4 0 2 0.357847
5 1 4 1.000000
5 0 10 0.776368
6 1 13 0.569496
6 1 7 0.430504
7 0 4 0.222731
7 1 3 1.000000
7 0 3 0.258809
8 0 7 0.090455
8 1 12 1.000000
8 0 0 0.207257
9 1 2 0.287219
9 1 8 0.263892
10 0 4 0.298133
11 1 10 1.000000
11 0 7 0.521969
12 0 4 0.499351
13 1 3 0.088531
13 1 6 0.911469
9 1 1 0.448889
