88 29
0 0 22 0.735057
1 0 4 0.176290
2 0 0 0.083578
3 0 20 1.000000
4 0 3 0.805899
5 0 3 1.000000
6 0 24 0.461003
7 0 8 0.276798
8 0 15 1.000000
9 0 6 0.834557
10 0 24 0.126952
11 0 28 0.241165
12 0 6 1.000000
13 0 5 1.000000
14 0 23 0.050863
15 0 21 0.537895
22 1 16 0.197746
17 0 12 1.000000
18 0 6 0.500589
19 0 3 0.490617
20 0 21 1.000000
21 0 6 0.675494
22 0 28 0.562679
23 0 6 1.000000
24 0 8 1.000000
25 0 18 0.217230
26 0 1 0.384518
27 0 11 0.246862
28 0 12 0.791636
0 0 17 0.264943
0 1 6 0.425437
0 1 20 0.574563
1 0 28 0.486947
1 1 6 1.000000
1 0 0 0.336762
2 1 25 1.000000
2 0 21 0.916422
3 1 10 0.023247
3 1 22 0.976753
4 0 5 0.194101
5 1 4 0.620900
5 1 5 0.379100
6 0 20 0.189991
6 1 15 1.000000
6 0 25 0.349006
7 0 3 0.723202
8 1 7 0.632719
8 1 27 0.367281
9 0 20 0.165443
9 1 6 0.613447
9 1 9 0.386553
10 0 27 0.821956
10 1 10 1.000000
10 0 13 0.051092
11 0 0 0.062538
11 1 12 1.000000
11 0 10 0.696297
12 1 9 0.121464
12 1 13 0.878536
13 1 8 0.404923
13 1 11 0.595077
14 1 6 1.000000
14 0 4 0.949137
16 1 19 1.000000
15 0 14 0.462105
18 0 26 0.499411
18 1 2 0.231591
18 1 12 0.768409
19 0 13 0.509383
19 1 19 0.491881
19 1 17 0.508119
21 1 22 1.000000
21 0 25 0.324506
22 0 1 0.437321
22 1 0 0.275918
22 1 6 0.526336
23 1 17 0.358892
23 1 20 0.641108
28 1 1 0.377123
28 1 23 0.622877
25 0 13 0.398751
25 1 21 1.000000
25 0 15 0.384019
26 0 13 0.615482
27 0 12 0.753138
27 1 13 0.650670
27 1 23 0.349330
28 0 19 0.208364
