37 12
0 0 11 0.125512
1 0 3 1.000000
2 0 6 0.320340
3 0 11 0.414635
11 1 9 0.931678
5 0 0 0.490819
6 0 8 0.350772
7 0 9 0.362957
8 0 11 0.864786
11 1 4 0.068322
10 0 4 0.465903
11 0 6 0.181093
0 0 9 0.405566
0 1 1 1.000000
0 0 10 0.468922
1 1 5 0.428450
1 1 6 0.571550
2 1 5 1.000000
2 0 11 0.679660
3 0 0 0.585365
3 1 1 0.683485
3 1 8 0.316515
11 0 5 0.818907
4 1 2 1.000000
4 0 11 1.000000
5 0 7 0.509181
5 1 5 0.699593
5 1 7 0.300407
6 1 9 1.000000
6 0 0 0.649228
7 0 5 0.546313
7 1 0 1.000000
7 0 2 0.090729
8 1 0 1.000000
8 0 0 0.135214
9 1 10 1.000000
10 0 2 0.534097
