41 16
0 0 14 0.301884
1 0 5 0.580451
2 0 5 0.296372
3 0 11 1.000000
15 1 13 0.535897
5 0 10 1.000000
6 0 13 0.536427
7 0 10 0.261266
8 0 10 1.000000
9 0 11 1.000000
10 0 11 0.355665
11 0 4 1.000000
12 0 6 0.572892
13 0 10 0.712671
14 0 8 0.622434
15 0 3 1.000000
0 0 6 0.681444
0 1 6 1.000000
0 0 7 0.016672
1 0 0 0.419549
2 0 11 0.610791
2 1 2 1.000000
2 0 2 0.092837
4 0 5 1.000000
4 1 5 1.000000
15 1 12 0.464103
5 1 10 0.508916
5 1 15 0.491084
6 0 1 0.463573
7 0 8 0.738734
10 0 15 0.199331
10 1 8 1.000000
10 0 2 0.445004
12 1 14 1.000000
12 0 12 0.427108
13 0 15 0.287329
13 1 9 0.882956
13 1 12 0.117044
14 0 12 0.373574
14 1 8 1.000000
14 0 13 0.003993
