82 28
0 0 2 0.616560
1 0 22 0.555117
2 0 4 0.967851
3 0 18 0.412418
4 0 19 0.682195
5 0 18 0.038207
6 0 1 0.304519
7 0 13 0.317740
8 0 22 0.927789
9 0 27 0.318124
10 0 19 1.000000
11 0 10 0.202169
12 0 11 1.000000
13 0 19 0.432550
14 0 2 0.869082
15 0 20 1.000000
26 1 19 0.616958
17 0 3 0.186589
18 0 7 0.237853
19 0 25 0.129614
20 0 11 0.746148
21 0 7 0.350978
22 0 0 0.171429
23 0 13 0.792971
24 0 21 1.000000
25 0 2 0.349421
26 0 20 1.000000
27 0 4 1.000000
0 0 5 0.161087
0 1 11 1.000000
0 0 14 0.222353
1 0 1 0.444883
1 1 19 0.289189
1 1 9 0.710811
2 1 7 1.000000
2 0 9 0.032149
3 0 8 0.587582
4 1 20 1.000000
4 0 24 0.317805
5 0 23 0.961793
6 0 18 0.282234
6 1 9 1.000000
6 0 10 0.413248
7 1 26 1.000000
7 0 15 0.682260
8 1 26 1.000000
8 0 7 0.072211
9 1 11 1.000000
9 0 12 0.681876
11 0 13 0.213156
11 1 17 1.000000
11 0 0 0.584675
13 0 17 0.291951
13 1 19 1.000000
13 0 2 0.275498
14 0 12 0.130918
14 1 26 0.823944
14 1 1 0.176056
15 1 12 0.169199
15 1 2 0.830801
26 1 26 0.383042
16 1 11 0.177190
16 1 8 0.822810
17 0 6 0.061466
17 1 5 1.000000
17 0 16 0.751945
18 1 22 1.000000
18 0 15 0.762147
19 0 27 0.628846
19 1 14 1.000000
19 0 24 0.241540
20 0 14 0.253852
21 1 25 1.000000
21 0 18 0.649022
22 1 13 1.000000
22 0 6 0.828571
23 0 17 0.207029
23 1 11 0.025856
23 1 9 0.974144
24 1 0 0.695037
24 1 20 0.304963
25 0 3 0.650579
