42 14
0 0 13 1.000000
1 0 4 0.528222
2 0 9 0.987211
3 0 1 1.000000
4 0 1 0.494589
5 0 13 0.505944
6 0 4 1.000000
7 0 0 0.073815
8 0 9 0.768156
9 0 6 0.218081
10 0 7 0.460909
11 0 7 1.000000
12 0 13 1.000000
13 0 6 0.604545
0 1 8 0.603637
0 1 12 0.396363
1 1 12 1.000000
1 0 0 0.471778
2 0 3 0.012789
3 1 2 0.349969
3 1 0 0.650031
4 0 2 0.505411
5 0 8 0.494056
13 0 1 0.395455
13 1 3 1.000000
6 1 10 0.464118
6 1 11 0.535882
7 0 10 0.750966
7 1 5 1.000000
7 0 12 0.175219
8 0 5 0.119143
8 1 7 1.000000
8 0 12 0.112701
9 1 8 1.000000
9 0 1 0.781919
10 0 6 0.236348
10 1 2 1.000000
10 0 1 0.302743
11 1 0 0.540730
11 1 9 0.459270
12 1 9 0.611881
12 1 10 0.388119
