56 20
0 0 9 1.000000
1 0 16 0.431686
10 0 15 0.152583
3 0 17 1.000000
4 0 6 0.499983
5 0 18 1.000000
6 0 13 0.054730
7 0 13 0.364118
8 0 0 0.471261
19 0 9 0.115483
10 0 2 0.847417
11 0 10 0.092482
12 0 5 0.519382
13 0 2 0.687750
14 0 1 0.730887
15 0 10 0.217536
16 0 9 0.486619
17 0 12 0.537690
18 0 19 0.716899
19 0 16 0.884517
1 0 7 0.345151
1 1 11 1.000000
1 0 3 0.223163
19 1 3 1.000000
2 1 6 1.000000
2 0 14 1.000000
4 1 13 1.000000
4 0 17 0.500017
5 1 16 0.070266
5 1 17 0.929734
6 0 10 0.945270
7 0 14 0.635882
7 1 12 0.131928
7 1 4 0.868072
8 1 10 1.000000
8 0 4 0.528739
9 0 7 1.000000
9 1 13 1.000000
18 0 5 0.283101
11 0 18 0.907518
11 1 19 0.733831
11 1 9 0.266169
12 1 11 1.000000
12 0 3 0.480618
13 0 17 0.312250
14 1 6 1.000000
14 0 6 0.269113
15 0 14 0.459527
15 1 2 1.000000
15 0 0 0.322937
16 1 2 1.000000
16 0 7 0.513381
17 0 18 0.462310
17 1 14 0.108010
17 1 8 0.891990
18 1 16 1.000000
