81 26
0 0 20 0.978061
1 0 19 0.253128
2 0 5 0.470248
3 0 12 0.180374
4 0 22 0.556145
5 0 21 0.301140
6 0 7 0.927555
7 0 22 1.000000
8 0 15 0.402211
9 0 10 1.000000
10 0 7 0.124991
11 0 21 0.169039
12 0 20 0.278013
13 0 3 0.295478
14 0 17 0.660769
15 0 8 0.669862
16 0 22 1.000000
17 0 5 0.623661
18 0 22 0.593329
19 0 12 0.803886
20 0 5 1.000000
21 0 20 0.664739
22 0 8 1.000000
23 0 20 0.420133
24 0 7 0.361988
25 0 11 0.348037
0 0 11 0.021939
0 1 16 0.120301
0 1 19 0.334217
1 1 22 1.000000
1 0 1 0.746872
2 0 13 0.529752
0 1 1 0.545482
25 0 14 0.629060
3 0 21 0.329870
3 1 3 1.000000
3 0 5 0.489756
4 0 0 0.385045
4 1 2 1.000000
4 0 24 0.058810
5 0 23 0.698860
6 0 6 0.072445
6 1 14 0.006970
6 1 11 0.993030
7 1 16 0.307640
7 1 3 0.692360
8 0 8 0.356567
8 1 11 1.000000
8 0 12 0.241222
25 1 20 1.000000
25 0 15 0.022902
10 1 17 1.000000
10 0 21 0.875009
11 0 13 0.830961
11 1 16 0.761841
11 1 17 0.238159
12 0 13 0.721987
12 1 6 0.690453
12 1 13 0.309547
13 0 17 0.342213
13 1 17 1.000000
13 0 12 0.362309
14 0 25 0.339231
15 1 0 1.000000
15 0 23 0.330138
16 1 0 0.462800
16 1 14 0.537200
17 1 18 1.000000
17 0 8 0.376339
18 0 5 0.406671
19 0 22 0.196114
19 1 9 0.388428
19 1 23 0.611572
20 1 17 0.977082
20 1 21 0.022918
21 1 13 1.000000
21 0 22 0.335261
23 0 5 0.579867
24 0 4 0.229490
24 1 11 1.000000
24 0 18 0.408522
