67 25
0 0 20 1.000000
1 0 13 0.196331
2 0 16 0.145855
3 0 22 1.000000
4 0 3 0.592623
5 0 10 0.156398
6 0 21 1.000000
7 0 1 0.068668
8 0 19 1.000000
9 0 10 1.000000
10 0 16 1.000000
11 0 13 0.311450
12 1 24 0.217728
13 0 1 1.000000
14 0 15 0.388474
15 0 2 0.494215
16 0 4 1.000000
17 0 9 1.000000
18 0 4 0.298351
19 0 14 1.000000
20 0 13 0.127332
21 0 2 0.528192
22 0 23 0.548916
23 0 3 0.666675
24 0 4 1.000000
1 1 16 1.000000
1 0 0 0.803669
2 1 11 1.000000
2 0 2 0.854145
4 0 20 0.407377
5 0 23 0.644778
5 1 19 1.000000
5 0 22 0.198823
7 0 22 0.011191
7 1 4 1.000000
7 0 13 0.395808
8 1 6 0.596645
8 1 9 0.403355
11 0 0 0.249001
11 1 12 1.000000
11 0 1 0.439550
12 0 21 1.000000
12 1 11 0.337777
7 0 18 0.524332
14 0 21 0.611526
15 1 4 1.000000
15 0 12 0.505785
17 1 17 0.404428
17 1 21 0.595572
18 0 17 0.398109
18 1 6 1.000000
18 0 15 0.303540
19 1 13 0.483775
19 1 8 0.516225
20 0 6 0.872668
20 1 1 0.224634
20 1 17 0.775366
21 1 2 1.000000
21 0 5 0.471808
22 0 5 0.451084
22 1 1 0.610392
22 1 10 0.389608
23 1 3 1.000000
23 0 16 0.333325
24 1 8 0.204633
24 1 18 0.795367
12 1 7 0.444495
