39 14
0 0 9 0.737346
1 0 11 0.448601
2 0 4 1.000000
3 0 10 0.121655
4 0 7 0.195666
5 0 7 1.000000
6 0 12 0.614807
7 0 11 0.515902
8 0 10 0.456034
9 0 4 0.620177
4 0 2 0.804334
11 0 8 0.321088
12 0 8 1.000000
13 0 1 1.000000
0 0 7 0.217835
0 1 12 1.000000
0 0 3 0.044820
1 0 1 0.551399
1 1 3 0.401345
1 1 7 0.598655
3 0 12 0.878345
3 1 13 0.337179
3 1 9 0.662821
4 1 6 0.527688
4 1 12 0.472312
5 1 5 0.845293
5 1 1 0.154707
6 1 3 1.000000
6 0 10 0.385193
7 0 3 0.484098
7 1 6 0.801022
7 1 10 0.198978
8 0 7 0.543966
9 0 7 0.379823
11 0 4 0.212123
10 1 6 1.000000
10 0 5 1.000000
11 0 9 0.466789
11 1 0 1.000000
