90 30
0 0 5 0.453026
21 0 23 0.060209
2 0 19 0.544323
3 0 25 1.000000
4 0 16 0.424385
5 0 24 0.261513
6 0 29 0.610401
7 0 3 0.070194
8 0 6 0.215362
9 0 12 0.815815
10 0 28 0.672769
11 0 10 0.201982
12 0 18 1.000000
13 0 6 0.412024
14 0 15 0.432115
15 0 4 1.000000
16 0 14 0.353678
17 0 29 0.354921
18 0 4 0.966035
19 0 3 0.665622
20 0 12 0.571813
21 0 27 0.913856
22 0 18 0.461202
23 0 28 1.000000
24 0 14 0.330676
25 0 3 0.450943
26 0 13 0.657623
27 0 1 1.000000
4 0 7 0.344126
29 0 25 0.349328
0 0 8 0.546974
0 1 20 0.265644
0 1 8 0.734356
29 0 3 0.650672
1 1 24 0.517218
1 1 27 0.482782
2 1 11 1.000000
2 0 21 0.455677
4 0 9 0.231489
5 0 2 0.738487
5 1 25 0.548831
5 1 29 0.451169
6 0 20 0.389599
7 0 7 0.929806
7 1 13 0.270091
7 1 26 0.729909
8 1 24 1.000000
8 0 12 0.784638
9 1 3 1.000000
9 0 19 0.184185
10 1 16 1.000000
10 0 5 0.327231
11 0 17 0.798018
11 1 0 0.631657
11 1 5 0.368343
12 1 12 0.501116
12 1 20 0.498884
13 0 17 0.038901
13 1 29 1.000000
13 0 25 0.549075
14 1 13 1.000000
14 0 1 0.567886
15 1 2 0.742190
15 1 19 0.257810
16 0 1 0.646322
17 0 2 0.645079
17 1 8 0.397407
17 1 15 0.602593
18 1 15 1.000000
18 0 28 0.033965
19 1 27 1.000000
19 0 13 0.334378
20 0 1 0.428187
20 1 26 0.272659
20 1 10 0.727341
21 0 22 0.025934
22 0 1 0.209050
22 1 3 1.000000
22 0 27 0.329748
23 1 18 0.955651
23 1 22 0.044349
24 1 27 1.000000
24 0 13 0.669324
25 0 24 0.549057
25 1 19 0.442322
25 1 24 0.557679
26 0 18 0.342377
26 1 22 0.600477
26 1 26 0.399523
29 1 28 1.000000
