41 15
0 0 9 0.581240
1 0 2 1.000000
2 0 11 1.000000
14 0 10 0.307256
4 0 14 0.227771
5 0 12 0.940861
6 0 14 0.008120
7 0 4 1.000000
8 0 11 1.000000
14 1 5 1.000000
10 0 7 0.014091
11 0 1 0.482452
12 0 4 0.153492
13 0 10 0.416221
14 0 13 0.692744
0 0 1 0.418760
0 1 5 0.363632
0 1 8 0.636368
1 1 4 0.527898
1 1 8 0.472102
3 1 2 1.000000
13 0 9 0.197223
4 1 8 1.000000
4 0 4 0.772229
5 1 14 1.000000
5 0 0 0.059139
6 0 9 0.655702
6 1 13 1.000000
6 0 3 0.336178
8 1 5 0.414274
8 1 12 0.585726
9 0 8 1.000000
9 1 9 1.000000
13 1 0 1.000000
10 0 11 0.985909
11 0 9 0.517548
11 1 5 0.568063
11 1 13 0.431937
12 1 1 1.000000
12 0 3 0.846508
13 0 6 0.386557
