65 23
0 0 4 1.000000
1 0 21 1.000000
2 0 13 1.000000
3 0 15 0.447037
4 0 20 0.497674
5 0 7 1.000000
6 0 1 0.359183
5 1 18 0.411940
8 0 21 0.571802
9 0 3 0.535717
10 0 12 0.743070
11 0 7 0.420338
12 0 11 0.651250
13 0 5 0.159902
14 0 2 1.000000
15 0 7 1.000000
16 0 8 0.511928
17 0 10 1.000000
18 0 6 1.000000
9 0 16 0.464283
20 0 14 1.000000
21 0 10 0.874931
7 1 6 0.541407
0 1 15 0.620019
0 1 11 0.379981
1 1 19 0.929358
1 1 8 0.070642
3 1 14 1.000000
3 0 9 0.552963
4 1 20 1.000000
4 0 7 0.502326
5 1 12 0.125499
5 1 22 0.462561
6 1 6 1.000000
6 0 17 0.640817
7 0 14 1.000000
7 1 10 0.458593
22 0 1 0.387624
8 0 19 0.027947
8 1 17 1.000000
8 0 20 0.400251
9 1 3 0.246825
9 1 10 0.753175
10 0 4 0.256930
11 1 13 1.000000
11 0 12 0.579662
12 0 5 0.348750
13 1 13 1.000000
13 0 3 0.840098
14 1 11 0.634885
14 1 3 0.365114
15 1 22 0.389742
15 1 0 0.610258
16 0 21 0.488072
16 1 5 0.723311
16 1 22 0.276689
17 1 7 0.391715
17 1 1 0.608285
22 1 10 1.000000
19 1 0 1.000000
19 0 1 1.000000
20 1 11 0.567205
20 1 7 0.432795
21 0 9 0.125069
22 0 5 0.612376
