67 24
0 0 18 0.249878
1 0 6 1.000000
2 0 5 0.480427
3 0 16 0.433060
4 0 15 0.110369
5 0 22 1.000000
6 0 21 0.981291
7 0 22 1.000000
8 0 20 0.537914
9 0 6 0.571243
10 0 6 1.000000
11 0 1 1.000000
12 0 22 1.000000
13 0 5 0.373691
14 0 12 1.000000
15 0 21 0.916251
16 0 8 0.395927
17 0 15 0.538258
18 0 19 0.769992
19 0 7 0.560038
20 0 2 0.311242
21 0 14 1.000000
22 0 16 0.490629
23 0 2 0.269061
0 0 2 0.184110
0 1 21 1.000000
0 0 12 0.566012
2 0 20 0.519573
2 1 20 0.499489
2 1 13 0.500511
3 0 7 0.566940
4 0 21 0.889631
6 1 22 1.000000
6 0 2 0.018709
8 1 13 1.000000
8 0 9 0.462086
9 0 11 0.428757
9 1 13 0.234039
9 1 8 0.765961
10 1 12 0.504252
10 1 16 0.495748
11 1 9 0.042800
11 1 11 0.957200
12 1 6 0.351630
12 1 11 0.638945
13 1 16 1.000000
13 0 19 0.626309
15 0 18 0.083749
15 1 9 0.155885
15 1 12 0.844115
16 1 18 1.000000
16 0 23 0.604074
17 0 20 0.461742
19 0 15 0.439962
19 1 16 0.790372
19 1 3 0.209628
20 1 19 1.000000
20 0 15 0.688758
21 1 18 0.846839
21 1 4 0.153161
22 0 19 0.335105
22 1 14 1.000000
22 0 0 0.174266
23 1 6 1.000000
23 0 0 0.730939
18 0 10 0.230008
12 1 17 0.009424
