48 20
0 0 2 1.000000
1 0 19 1.000000
2 0 9 1.000000
3 0 7 0.501857
4 0 6 0.574109
5 0 15 0.246563
7 0 2 0.243930
7 0 9 0.043495
8 0 5 0.312754
7 0 0 0.362403
10 0 12 0.616199
11 0 4 0.359011
12 0 3 1.000000
13 0 6 0.498095
3 0 18 0.215967
15 0 17 1.000000
18 1 7 0.935302
17 0 8 1.000000
18 0 15 0.067163
19 0 4 1.000000
0 1 1 0.527259
0 1 10 0.472741
18 1 3 0.064698
18 0 13 0.932837
3 0 12 0.282175
4 0 13 0.425891
5 0 10 0.070412
5 1 10 1.000000
5 0 11 0.683025
6 1 10 1.000000
17 1 9 0.810915
7 0 1 0.284451
7 1 3 1.000000
7 0 7 0.065721
8 0 7 0.687246
17 1 7 0.189085
9 1 12 0.115070
9 1 11 0.884930
10 0 9 0.383800
10 1 6 0.375181
10 1 7 0.624819
11 1 11 1.000000
11 0 7 0.640989
13 0 4 0.501905
13 1 8 0.797507
13 1 17 0.202493
14 1 7 1.000000
16 0 5 1.000000
