48 18
0 0 17 1.000000
1 0 15 1.000000
2 0 13 0.087737
3 0 7 0.243701
4 0 8 1.000000
5 0 6 0.175813
6 0 8 1.000000
7 0 8 1.000000
8 0 14 1.000000
5 0 16 0.698970
10 0 2 1.000000
11 0 3 0.622580
12 0 5 1.000000
13 0 7 0.472108
14 0 6 1.000000
2 0 12 0.358205
16 0 4 0.643003
17 0 13 1.000000
3 0 10 0.089908
15 1 9 0.784069
2 0 2 0.554058
3 0 17 0.253245
3 1 11 1.000000
3 0 4 0.413146
4 1 2 0.777972
4 1 7 0.222028
5 0 13 0.075531
5 1 8 1.000000
5 0 3 0.049686
17 1 8 0.873974
17 1 2 0.126026
16 1 15 0.554695
10 1 16 0.565973
10 1 5 0.434027
11 0 8 0.377420
11 1 2 0.089634
11 1 15 0.910366
12 1 16 0.122863
12 1 8 0.877137
13 0 5 0.527892
13 1 1 0.963615
13 1 15 0.036385
14 1 17 0.524296
14 1 3 0.475704
16 1 3 0.445305
15 1 11 0.215931
15 0 7 1.000000
16 0 13 0.356997
