74 27
0 0 8 0.474870
1 0 18 0.437224
2 0 18 1.000000
3 0 22 0.706316
4 0 0 0.345154
5 0 2 0.275843
6 0 10 0.134698
7 0 22 0.019962
8 0 19 1.000000
9 0 13 0.399806
10 0 22 0.334466
11 0 26 0.647216
12 0 23 0.713676
13 0 25 1.000000
14 0 9 1.000000
15 0 0 0.540071
16 0 18 1.000000
17 0 21 0.776616
18 0 23 0.577362
25 0 4 0.219215
20 0 8 0.624535
21 0 15 0.693962
22 0 12 0.388430
23 0 19 0.119290
24 0 5 0.018587
25 0 23 0.571840
26 0 12 1.000000
0 1 26 1.000000
0 0 23 0.525130
1 0 15 0.562776
26 1 7 0.422798
2 1 19 1.000000
26 1 25 0.577202
3 0 7 0.058054
3 1 20 1.000000
3 0 24 0.235630
4 0 10 0.654846
5 0 7 0.567836
5 1 10 1.000000
5 0 11 0.156321
6 0 12 0.865302
7 0 9 0.143789
7 1 24 1.000000
7 0 12 0.836249
9 0 6 0.600194
9 1 2 0.134284
9 1 26 0.865716
10 0 24 0.444690
10 1 17 1.000000
10 0 19 0.220845
11 0 19 0.352784
12 0 15 0.286324
13 1 2 0.053198
13 1 24 0.946802
15 0 14 0.459929
16 1 1 0.720688
16 1 9 0.279312
17 0 5 0.223384
18 0 26 0.422638
25 0 24 0.203592
19 1 24 0.009593
19 1 3 0.990407
20 0 10 0.375465
20 1 16 0.301422
20 1 21 0.698578
21 0 1 0.306038
22 0 2 0.611570
23 1 15 1.000000
23 0 0 0.880710
24 0 1 0.199468
24 1 3 1.000000
24 0 13 0.781945
25 0 18 0.005352
25 1 10 1.000000
