42 14
0 0 12 0.321013
1 0 12 1.000000
2 0 9 0.488986
3 0 1 0.565042
4 0 13 0.772281
5 0 13 1.000000
6 0 11 1.000000
7 0 3 1.000000
8 0 6 1.000000
9 0 1 1.000000
10 0 7 0.183402
11 0 5 0.454543
12 0 0 1.000000
13 0 1 0.205445
0 0 2 0.214973
0 1 4 1.000000
0 0 13 0.464014
1 1 4 0.786820
1 1 1 0.213180
2 1 4 1.000000
2 0 8 0.511014
3 0 0 0.434958
4 0 11 0.227719
4 1 7 0.388935
4 1 9 0.611065
5 1 10 0.568463
5 1 1 0.431537
6 1 7 0.704569
6 1 1 0.295431
9 1 7 0.942430
9 1 10 0.057570
10 0 4 0.505391
10 1 0 1.000000
10 0 5 0.311206
11 0 3 0.545457
11 1 9 0.586430
11 1 11 0.413570
12 1 9 0.273919
12 1 6 0.726081
13 0 2 0.794555
13 1 13 0.238214
13 1 5 0.761786
