38 14
0 0 7 1.000000
1 0 3 0.571540
2 0 1 1.000000
3 0 10 0.376209
4 0 6 1.000000
5 0 12 1.000000
6 0 1 0.287366
7 0 13 0.506783
8 0 10 1.000000
9 0 4 0.318960
10 0 9 0.248025
11 0 12 0.460974
12 0 5 0.429900
13 0 4 0.206862
1 1 11 1.000000
1 0 8 0.428460
3 0 2 0.102577
3 1 13 1.000000
3 0 4 0.521214
4 1 13 0.035987
4 1 1 0.964013
5 1 3 0.271890
5 1 5 0.728110
6 0 4 0.712634
7 0 1 0.493217
8 1 12 0.857912
8 1 10 0.142088
9 0 1 0.681040
10 0 6 0.751975
10 1 4 0.325351
10 1 6 0.674649
12 0 10 0.119248
12 1 9 1.000000
12 0 4 0.450852
13 0 7 0.252607
13 1 11 1.000000
13 0 5 0.540532
11 0 0 0.539026
