48 17
0 0 14 0.430512
14 1 5 0.639162
2 0 10 0.493340
3 0 2 0.901145
4 0 14 0.201915
5 0 12 0.519637
6 0 0 1.000000
16 0 4 0.108410
8 0 9 0.305752
9 0 11 0.832346
10 0 8 0.091088
11 0 13 0.311214
12 0 14 0.675220
13 0 1 0.267098
14 0 15 0.801761
15 0 16 1.000000
16 0 9 0.609107
0 0 7 0.569488
1 1 13 1.000000
16 1 4 1.000000
2 0 12 0.506660
2 1 2 0.853977
2 1 6 0.146023
3 1 13 1.000000
3 0 6 0.098855
4 0 16 0.406114
4 1 0 1.000000
4 0 11 0.391972
5 0 9 0.254998
5 1 4 1.000000
5 0 14 0.225366
7 0 11 1.000000
7 1 8 1.000000
16 0 11 0.282483
8 0 2 0.694248
9 0 12 0.167654
14 0 14 0.198239
14 1 15 0.360838
10 0 1 0.242142
10 1 3 1.000000
10 0 10 0.666769
11 0 3 0.688786
11 1 3 0.465268
11 1 6 0.534732
12 0 8 0.324780
13 0 12 0.732902
13 1 8 0.606821
13 1 2 0.393179
