37 14
0 0 13 0.499750
1 0 13 0.198798
2 0 7 0.742834
3 0 9 1.000000
4 0 11 0.243382
5 0 6 1.000000
6 0 11 1.000000
7 0 4 1.000000
8 0 0 0.340288
9 0 13 0.588131
10 0 0 0.986680
11 0 1 1.000000
12 0 7 0.340605
13 0 8 0.449870
0 0 4 0.301790
0 1 5 1.000000
0 0 5 0.198460
1 0 2 0.801202
1 1 13 0.576872
1 1 6 0.423128
2 0 6 0.257166
2 1 9 0.621181
2 1 11 0.378819
4 0 7 0.361493
4 1 12 1.000000
4 0 6 0.395125
7 1 13 0.274916
7 1 10 0.725084
8 0 10 0.659712
9 0 12 0.411869
10 0 8 0.013320
10 1 3 0.366900
10 1 7 0.633100
12 0 4 0.659395
13 0 10 0.060736
13 1 3 1.000000
13 0 2 0.489394
