79 28
0 0 10 0.607689
1 0 22 0.789660
2 0 23 0.900901
3 0 5 0.197910
4 0 23 0.482624
5 0 0 1.000000
6 0 2 0.229420
7 0 12 0.756635
8 0 14 1.000000
9 0 15 0.682989
10 0 6 1.000000
11 0 12 0.592866
12 0 6 0.692472
13 0 27 0.190388
14 0 16 0.647725
15 0 23 1.000000
16 0 0 0.678685
17 0 22 0.440768
18 0 21 1.000000
19 0 25 0.726025
20 0 12 0.242302
21 0 1 1.000000
14 0 24 0.352275
23 0 9 0.212061
24 0 10 1.000000
25 0 2 1.000000
26 0 1 0.513697
27 0 19 0.616834
0 0 9 0.027378
0 1 15 0.405958
0 0 13 0.364932
1 0 10 0.194269
1 1 14 1.000000
1 0 18 0.016072
2 1 26 1.000000
2 0 14 0.099099
3 0 22 0.802090
4 1 2 1.000000
4 0 3 0.517376
6 0 0 0.183389
6 1 4 1.000000
6 0 11 0.587191
7 0 10 0.243365
7 1 1 0.501140
7 1 9 0.498860
0 1 17 0.594042
13 0 7 0.067282
9 0 12 0.191427
9 1 9 1.000000
9 0 2 0.125584
10 1 22 0.453035
10 1 6 0.546965
11 1 2 1.000000
11 0 19 0.407134
12 1 3 1.000000
12 0 19 0.307528
13 0 22 0.399305
13 1 5 1.000000
13 0 3 0.343024
16 1 10 1.000000
16 0 25 0.321315
17 1 20 1.000000
17 0 6 0.559232
19 1 26 1.000000
19 0 15 0.273975
20 0 14 0.493934
20 1 11 1.000000
20 0 11 0.263765
27 1 21 0.778268
23 0 26 0.787939
24 1 8 0.386156
24 1 1 0.613844
25 1 20 0.691111
25 1 8 0.308889
26 0 21 0.449629
26 1 6 1.000000
26 0 3 0.036674
27 0 16 0.383166
27 1 3 0.221732
