85 29
0 0 24 0.523314
1 0 10 0.322600
2 0 6 0.509761
3 0 25 0.435405
4 0 20 1.000000
5 0 25 0.437387
6 0 21 1.000000
7 0 23 1.000000
8 0 12 0.347683
9 0 7 0.063281
10 0 11 0.206343
11 0 28 1.000000
12 0 9 0.310263
13 0 21 1.000000
14 0 2 1.000000
15 0 0 1.000000
16 0 22 0.833031
17 0 21 0.460059
18 0 22 0.370679
19 0 1 0.259028
20 0 12 0.619606
21 0 27 0.250128
22 0 7 0.671042
23 0 17 0.234244
24 0 11 1.000000
25 0 18 0.420598
26 0 11 0.202441
27 0 5 1.000000
28 0 19 1.000000
0 0 3 0.476686
0 1 2 0.080487
0 1 15 0.919513
1 1 26 1.000000
1 0 6 0.677400
2 0 7 0.490239
3 0 5 0.236641
3 1 13 1.000000
3 0 8 0.327955
5 0 15 0.562613
6 1 6 0.568915
6 1 25 0.431085
8 0 24 0.045185
8 1 13 1.000000
8 0 15 0.607133
9 1 4 1.000000
9 0 17 0.936719
10 0 28 0.308529
10 1 25 1.000000
10 0 4 0.485128
11 1 19 0.593370
11 1 23 0.406630
12 0 17 0.370667
12 1 24 1.000000
12 0 13 0.319070
13 1 22 0.871913
13 1 21 0.128087
14 1 20 0.453356
14 1 0 0.111214
16 1 9 1.000000
16 0 0 0.166969
17 0 2 0.539941
18 0 28 0.629321
18 1 10 0.637528
18 1 23 0.362472
19 1 18 1.000000
19 0 23 0.740972
20 0 8 0.380394
20 1 10 0.574318
20 1 18 0.425682
21 1 12 1.000000
21 0 3 0.749871
22 1 0 1.000000
22 0 23 0.328958
23 1 11 1.000000
23 0 20 0.765756
25 0 21 0.128281
25 1 10 1.000000
25 0 4 0.451121
26 0 1 0.133614
26 1 19 1.000000
26 0 2 0.276886
28 1 19 0.127393
28 1 0 0.872607
26 0 14 0.387059
14 1 16 0.435430
