36 12
0 0 7 0.273319
1 0 5 0.469939
2 0 5 1.000000
3 0 0 1.000000
4 0 0 1.000000
5 0 2 0.337675
6 0 5 0.476160
7 0 10 0.500840
8 0 6 0.434853
9 0 1 0.574543
10 0 0 0.025524
11 0 9 0.670967
0 0 9 0.726681
1 0 0 0.530061
10 0 11 0.484342
2 1 1 1.000000
7 0 4 0.089110
4 1 7 0.407414
4 1 9 0.592586
5 0 3 0.662325
5 1 8 0.561798
5 1 10 0.438202
6 0 3 0.523840
6 1 6 0.553335
6 1 9 0.446665
7 0 6 0.410050
8 0 0 0.247564
8 1 9 1.000000
8 0 10 0.317583
9 0 10 0.425457
9 1 2 0.305101
9 1 5 0.694898
10 0 5 0.490134
11 0 10 0.329033
11 1 1 0.479819
11 1 6 0.520181
