51 17
0 0 1 0.146940
3 0 16 0.530407
2 0 4 1.000000
3 0 10 0.158446
9 0 15 0.008493
5 0 10 0.203505
6 0 3 1.000000
7 0 2 0.917741
8 0 10 0.536924
9 0 11 0.991507
10 0 4 0.339930
11 0 8 0.971464
12 0 7 0.189249
13 0 11 0.986302
14 0 0 0.817396
15 0 4 1.000000
4 1 14 0.055472
0 0 3 0.853060
0 1 2 0.384981
0 1 6 0.615019
6 1 13 0.491323
2 1 3 0.525925
2 1 5 0.474075
3 0 6 0.311147
10 0 12 0.123611
4 1 8 0.851861
4 1 3 0.092667
5 0 5 0.174819
6 1 10 0.305533
6 1 0 0.203144
7 0 7 0.082259
8 1 7 1.000000
8 0 6 0.463076
9 1 7 0.426973
9 1 15 0.573027
10 0 7 0.536459
11 0 5 0.028536
11 1 9 0.426676
11 1 13 0.573324
12 0 6 0.389061
12 1 12 1.000000
12 0 9 0.421691
13 1 5 1.000000
13 0 0 0.013698
14 1 13 1.000000
14 0 13 0.182604
5 0 11 0.290391
15 1 10 1.000000
5 0 9 0.331285
16 0 14 1.000000
16 1 4 1.000000
