71 24
0 0 12 1.000000
1 0 14 0.495157
2 0 5 0.579527
3 0 12 1.000000
4 0 7 0.403537
5 0 17 0.375327
6 0 15 0.564994
7 0 4 0.132899
8 0 11 0.555575
9 0 7 0.628889
10 0 17 1.000000
11 0 6 0.432059
12 0 7 0.705702
13 0 4 0.176958
14 0 19 1.000000
15 0 8 1.000000
16 0 17 1.000000
17 0 23 0.566890
18 0 13 0.751115
19 0 15 0.075812
20 0 19 1.000000
21 0 18 0.050928
22 0 13 1.000000
23 0 6 0.698873
1 0 7 0.504843
2 0 0 0.420473
2 1 23 0.419514
2 1 15 0.580486
3 1 1 0.094187
3 1 4 0.905813
4 0 6 0.133429
4 1 0 1.000000
4 0 20 0.463033
5 0 18 0.124534
5 1 11 1.000000
5 0 16 0.500139
6 0 21 0.327757
6 1 15 1.000000
6 0 7 0.107249
7 1 14 1.000000
7 0 19 0.867101
8 1 14 1.000000
8 0 19 0.444425
9 0 4 0.307190
9 1 5 1.000000
9 0 21 0.063921
11 0 3 0.019066
23 0 13 0.301127
11 0 4 0.548875
11 1 4 0.840274
11 1 11 0.159726
12 0 20 0.127463
12 1 2 1.000000
12 0 22 0.166835
13 1 14 1.000000
13 0 18 0.823042
16 1 1 0.118757
16 1 4 0.881243
17 0 14 0.433110
18 0 21 0.248885
18 1 7 0.488677
18 1 10 0.511323
19 0 14 0.924188
19 1 0 0.530149
19 1 13 0.469851
21 0 15 0.364913
21 1 15 1.000000
21 0 1 0.584160
22 1 17 0.024153
22 1 4 0.975847
23 1 9 1.000000
