70 24
0 0 9 1.000000
1 0 16 0.291906
2 0 7 0.330815
3 0 19 0.687284
4 0 10 0.388048
5 0 18 1.000000
6 0 15 0.516423
7 0 17 0.965390
8 0 21 1.000000
9 0 4 0.327119
10 0 12 0.586528
11 0 16 1.000000
12 0 7 1.000000
13 0 8 0.843168
14 0 4 0.463402
15 0 12 1.000000
16 0 10 0.798423
17 0 20 1.000000
18 0 2 0.309188
19 0 11 0.061083
20 0 17 1.000000
21 0 10 0.359441
22 0 5 1.000000
23 0 2 1.000000
0 1 20 0.979675
0 1 10 0.020325
1 0 21 0.708094
2 1 19 1.000000
2 0 16 0.305798
3 0 16 0.199768
3 1 11 1.000000
3 0 2 0.112948
4 0 3 0.611952
4 1 4 0.492462
4 1 10 0.507538
6 0 1 0.483577
8 1 21 0.273004
8 1 23 0.288814
9 0 10 0.672881
10 0 1 0.118142
10 1 12 1.000000
10 0 3 0.295331
11 1 19 0.259726
11 1 11 0.740274
12 1 4 0.788982
12 1 2 0.211018
13 0 20 0.156832
13 1 23 0.405402
13 1 1 0.594598
14 0 22 0.536598
14 1 22 0.440384
14 1 1 0.559616
16 1 6 1.000000
16 0 7 0.201577
18 0 5 0.349526
18 1 19 1.000000
18 0 22 0.341286
19 0 12 0.938917
20 1 0 0.355136
20 1 3 0.330825
21 0 8 0.640559
21 1 6 0.353599
21 1 9 0.646401
22 1 14 0.910668
22 1 1 0.089332
2 0 5 0.276508
8 1 13 0.438182
2 0 14 0.086878
7 0 18 0.034610
20 1 22 0.314040
