64 23
0 0 19 0.274114
1 0 8 1.000000
2 0 22 1.000000
3 0 1 0.211780
4 0 11 1.000000
5 0 21 0.872375
6 0 15 0.289517
7 0 4 0.434615
8 0 20 0.483143
9 0 1 1.000000
10 0 22 1.000000
11 0 1 0.059447
12 0 19 0.153699
13 0 7 0.679413
14 0 2 1.000000
15 0 21 1.000000
16 0 20 0.181524
17 0 9 0.581871
18 0 22 0.369699
19 0 3 1.000000
20 0 5 0.682567
21 0 20 1.000000
22 0 2 1.000000
0 0 12 0.277402
0 1 22 1.000000
0 0 4 0.166290
1 1 15 0.419241
1 1 4 0.580759
2 1 1 0.861711
2 1 17 0.138289
3 0 8 0.392061
3 1 15 1.000000
3 0 12 0.396159
5 0 17 0.127625
6 0 21 0.710483
6 1 11 0.467287
6 1 19 0.532713
7 1 12 1.000000
7 0 22 0.565385
8 0 16 0.316173
8 1 18 1.000000
8 0 22 0.200684
11 0 12 0.460097
11 1 2 1.000000
11 0 9 0.480456
12 0 15 0.258554
12 1 9 1.000000
12 0 3 0.587747
13 0 10 0.320587
0 0 6 0.282194
21 1 22 0.174991
14 1 8 0.210012
14 1 18 0.789988
15 1 13 0.398860
15 1 1 0.601140
16 0 10 0.398423
16 1 15 1.000000
16 0 14 0.420053
17 0 14 0.205320
17 1 11 1.000000
17 0 12 0.212809
18 0 0 0.630301
20 0 9 0.317433
21 1 14 0.825009
