65 21
0 0 2 1.000000
1 0 15 0.277536
2 0 8 0.293548
3 0 17 1.000000
4 0 3 0.466791
5 0 1 1.000000
6 0 2 1.000000
7 0 15 1.000000
8 0 16 1.000000
9 0 13 0.642195
10 0 15 0.786994
11 0 17 0.034723
12 0 5 0.549484
13 0 11 0.442332
14 0 17 1.000000
15 0 14 0.210504
16 0 4 0.359212
17 0 18 0.756303
18 0 0 0.536704
19 0 1 0.974917
20 0 19 0.251773
0 1 8 0.736682
0 1 11 0.263318
1 1 4 1.000000
1 0 17 0.722464
2 1 10 1.000000
2 0 10 0.706452
3 1 13 0.439480
3 1 15 0.560520
4 0 12 0.533209
4 1 16 0.134282
4 1 13 0.865718
5 1 2 0.326596
5 1 10 0.673404
20 0 2 0.240347
20 1 7 1.000000
7 1 1 0.636044
7 1 15 0.363956
8 1 16 0.717203
8 1 5 0.282797
9 0 10 0.357805
9 1 20 0.789557
9 1 15 0.210443
10 1 20 1.000000
10 0 6 0.213006
11 0 14 0.954236
11 1 19 1.000000
11 0 13 0.011041
12 1 17 1.000000
12 0 12 0.450516
13 1 20 1.000000
13 0 8 0.557668
14 1 6 0.849813
14 1 18 0.150187
15 0 9 0.789496
16 0 12 0.388684
16 1 7 1.000000
16 0 8 0.252104
17 0 12 0.243697
17 1 1 0.263768
17 1 15 0.736232
18 0 11 0.463296
19 1 10 1.000000
19 0 9 0.025083
20 0 11 0.507881
