78 29
0 0 24 1.000000
1 0 21 1.000000
2 0 6 0.836517
3 0 5 0.650207
4 0 15 0.042514
5 0 10 1.000000
6 0 11 0.382215
28 1 12 0.120801
8 0 5 0.575616
9 0 0 0.461716
10 0 28 0.537797
11 0 20 0.011102
12 0 28 0.879040
13 0 21 1.000000
14 0 3 1.000000
15 0 13 0.895233
16 0 4 0.627030
17 0 11 1.000000
18 0 23 0.844593
19 0 25 1.000000
28 1 28 0.879199
21 0 23 0.196119
22 0 20 0.116646
23 0 16 1.000000
24 0 16 0.449424
25 0 18 0.783564
26 0 7 0.134531
27 0 7 0.721769
28 0 6 0.793501
28 0 19 0.206499
27 0 2 0.278231
2 0 4 0.163483
2 1 4 0.462480
2 1 0 0.537520
3 1 26 1.000000
3 0 20 0.349793
4 0 17 0.255959
4 1 19 1.000000
4 0 26 0.701526
6 0 14 0.617785
7 1 28 1.000000
26 1 2 0.486698
8 0 10 0.343145
8 1 10 1.000000
8 0 1 0.081239
9 0 13 0.538284
10 0 14 0.462203
11 1 28 1.000000
11 0 8 0.988898
12 1 13 1.000000
12 0 21 0.120960
13 1 8 0.491214
13 1 7 0.508786
14 1 12 0.720346
14 1 15 0.279654
15 1 7 1.000000
15 0 23 0.104767
16 0 0 0.372970
16 1 24 0.646949
16 1 9 0.353051
17 1 9 0.634154
17 1 7 0.365846
18 0 24 0.155407
19 1 6 0.806494
19 1 20 0.193506
20 1 26 1.000000
26 1 22 0.513302
21 0 12 0.312425
21 1 5 1.000000
21 0 25 0.491455
22 0 3 0.883354
22 1 4 0.378484
22 1 17 0.621516
24 0 20 0.550576
24 1 14 0.388379
24 1 16 0.611621
25 0 20 0.216436
26 0 27 0.865469
