84 28
0 0 10 0.734240
1 0 27 0.220984
2 0 25 1.000000
3 0 21 0.800797
4 0 13 0.628077
5 0 24 0.232157
6 0 14 1.000000
7 0 24 0.354390
8 0 10 1.000000
9 0 24 0.397558
10 0 26 0.444339
11 0 18 0.391344
12 0 19 0.476659
13 0 11 0.518873
14 0 26 1.000000
15 0 2 1.000000
16 0 12 0.542682
17 0 19 1.000000
18 0 21 0.691148
19 0 21 0.763849
20 0 15 0.381765
21 0 17 0.229325
22 0 1 0.330465
23 0 5 0.101619
24 0 12 1.000000
25 0 21 0.412075
26 0 23 0.204449
27 0 9 0.425988
0 1 20 1.000000
0 0 15 0.265760
1 1 23 1.000000
1 0 24 0.779016
2 1 11 0.316134
2 1 18 0.683866
3 0 16 0.199203
4 0 10 0.371923
4 1 2 0.510710
4 1 4 0.489290
5 0 9 0.767843
7 0 1 0.645610
7 1 27 0.304681
7 1 23 0.695319
9 0 16 0.602442
9 1 12 0.361938
9 1 7 0.209279
10 0 18 0.555661
10 1 3 0.488724
10 1 15 0.511276
11 1 18 1.000000
11 0 3 0.608656
12 0 13 0.038969
12 1 24 1.000000
12 0 21 0.484372
13 1 20 1.000000
13 0 26 0.481127
16 0 17 0.311729
16 1 22 1.000000
16 0 14 0.145589
18 0 15 0.308852
18 1 22 0.478104
18 1 23 0.521896
19 0 18 0.236151
19 1 7 0.896699
19 1 10 0.103301
20 0 25 0.539915
20 1 27 1.000000
20 0 16 0.078321
22 0 2 0.669535
22 1 13 0.511446
22 1 4 0.488554
23 0 26 0.678774
23 1 21 1.000000
23 0 25 0.219607
25 0 3 0.587925
25 1 13 0.705850
25 1 3 0.294150
26 0 15 0.420152
26 1 22 1.000000
26 0 3 0.375399
27 0 20 0.574012
27 1 6 0.539847
27 1 16 0.460153
21 0 8 0.770675
9 1 0 0.428783
