42 15
0 0 12 1.000000
1 0 4 0.311509
2 0 1 0.271567
3 0 8 1.000000
4 0 3 1.000000
5 0 10 1.000000
6 0 10 1.000000
7 0 11 0.028590
8 0 5 0.750218
9 0 8 0.500916
10 0 7 0.098204
11 0 3 0.391038
12 0 4 1.000000
13 0 12 0.742171
14 0 3 0.443332
1 0 9 0.435716
1 1 7 1.000000
1 0 2 0.252776
2 0 12 0.323495
2 1 6 1.000000
2 0 6 0.404938
4 1 14 0.333035
4 1 3 0.666965
10 1 13 0.164517
12 1 2 0.579857
7 1 14 1.000000
7 0 4 0.971410
8 0 12 0.249782
8 1 11 0.822786
8 1 0 0.177214
9 0 4 0.127411
9 1 3 1.000000
9 0 3 0.371673
10 0 6 0.901796
10 1 11 0.464860
10 1 9 0.370624
11 0 1 0.608962
14 1 12 0.480813
14 1 4 0.519187
12 1 9 0.420143
14 0 6 0.556668
13 0 6 0.257829
