88 29
0 0 22 0.823956
1 0 26 0.545274
2 0 7 0.715996
3 0 12 1.000000
4 0 26 0.644779
5 0 12 0.519252
6 0 1 0.063201
7 0 5 0.414128
8 0 24 0.579221
9 0 5 1.000000
10 0 8 0.381440
11 0 15 0.364455
12 0 24 0.610796
5 0 28 0.106225
14 0 22 0.695966
15 0 5 1.000000
16 0 6 0.737732
17 0 3 0.579559
18 0 26 1.000000
19 0 6 1.000000
20 0 10 1.000000
21 0 16 0.107790
22 0 1 0.392417
23 0 3 1.000000
24 0 21 0.319637
25 0 6 0.475224
26 0 0 1.000000
27 0 15 0.506225
28 0 6 0.525421
0 0 5 0.176044
1 0 12 0.186886
1 1 24 1.000000
1 0 13 0.267840
2 0 24 0.165197
3 1 27 0.708017
3 1 19 0.291983
4 0 21 0.355221
4 1 9 0.103626
4 1 6 0.896374
5 0 11 0.374523
5 1 2 0.512061
5 1 9 0.487939
6 0 22 0.139634
6 1 27 1.000000
6 0 9 0.282515
7 0 27 0.351840
7 1 4 1.000000
7 0 2 0.234032
8 0 7 0.289646
8 1 9 1.000000
8 0 22 0.131134
9 1 21 0.122580
9 1 16 0.877420
10 1 20 1.000000
10 0 25 0.618560
11 1 1 1.000000
11 0 27 0.635545
12 0 25 0.389204
12 1 15 0.047703
12 1 14 0.952298
6 0 20 0.514650
13 1 22 0.362180
13 1 12 0.637820
14 1 8 1.000000
14 0 7 0.304033
15 1 21 0.844530
15 1 14 0.155471
16 0 26 0.262268
17 0 5 0.420441
17 1 12 0.543958
17 1 23 0.456042
2 0 18 0.118807
18 1 16 1.000000
22 0 10 0.582728
20 1 26 0.459328
20 1 27 0.540672
21 1 23 1.000000
21 0 7 0.892210
22 1 8 1.000000
22 0 25 0.024854
24 0 24 0.680363
25 1 16 1.000000
25 0 3 0.524776
26 1 26 0.313779
26 1 14 0.686221
27 1 5 1.000000
27 0 2 0.493775
28 0 5 0.474579
