77 25
4 0 15 0.596095
1 0 16 0.931862
2 0 4 0.268544
3 0 22 1.000000
4 0 0 0.403905
5 0 11 0.964855
6 0 19 1.000000
7 0 9 1.000000
8 0 13 1.000000
9 0 8 1.000000
10 0 8 0.806748
11 0 14 0.712966
12 0 18 1.000000
13 0 8 0.124482
14 0 11 0.261662
15 0 12 0.226552
16 0 17 1.000000
17 0 19 0.505433
18 0 16 0.960693
19 0 7 0.614260
20 0 7 1.000000
21 0 7 1.000000
22 0 23 0.720948
23 0 3 1.000000
24 0 10 1.000000
19 1 6 0.142466
0 1 8 0.287068
0 1 23 0.712932
1 0 17 0.068138
1 1 20 0.579100
1 1 19 0.420900
2 0 19 0.324055
2 1 13 1.000000
2 0 9 0.407401
3 1 0 0.012736
3 1 7 0.987264
4 1 21 0.808066
4 1 7 0.191934
5 0 19 0.035145
6 1 7 0.494046
6 1 20 0.505954
8 1 8 0.479830
8 1 11 0.520170
9 1 22 0.589951
9 1 24 0.410049
10 1 2 1.000000
10 0 2 0.193252
11 0 11 0.287034
12 1 24 0.356111
12 1 10 0.643889
13 1 19 1.000000
13 0 16 0.875518
14 1 22 0.568432
14 0 20 0.738338
15 1 4 1.000000
15 0 23 0.773448
16 1 7 0.695614
16 1 13 0.304386
17 0 20 0.284032
17 1 3 1.000000
17 0 16 0.210535
18 1 11 1.000000
18 0 10 0.039307
19 1 17 0.857534
19 0 22 0.385740
20 1 17 0.811602
20 1 22 0.188398
21 1 8 0.489416
21 1 7 0.510584
22 0 22 0.279052
22 1 2 0.834700
22 1 5 0.165300
23 1 12 0.522225
23 1 9 0.477775
24 1 12 0.417192
24 1 0 0.582808
14 1 1 0.431568
