33 13
0 0 1 0.755305
1 0 8 0.993912
2 0 1 1.000000
3 0 10 1.000000
4 0 5 0.106359
5 0 7 0.262104
6 0 5 1.000000
7 0 8 0.007037
8 0 1 1.000000
9 0 8 1.000000
10 0 0 0.028063
11 0 8 0.668271
12 0 8 0.769519
0 0 2 0.244695
1 0 0 0.006088
2 1 3 0.374670
2 1 5 0.625330
3 1 9 0.367614
3 1 4 0.632386
4 1 0 1.000000
4 0 12 0.816840
5 0 8 0.470989
6 1 2 0.581555
6 1 0 0.418445
7 0 5 0.395618
7 1 1 1.000000
7 0 9 0.597345
10 1 8 1.000000
10 0 3 0.971937
11 0 11 0.331729
5 0 11 0.266907
4 0 6 0.076801
12 0 10 0.230481
