84 29
0 0 12 0.605405
1 0 17 0.656460
2 0 5 0.111299
3 0 1 0.419941
4 0 6 0.090107
5 0 15 0.447989
6 0 28 0.388212
7 0 3 0.500403
8 0 2 0.945973
9 0 6 1.000000
10 0 19 0.006702
11 0 25 1.000000
12 0 5 0.241134
13 0 26 0.630781
14 0 1 0.039663
15 0 1 1.000000
16 0 7 0.587961
17 0 24 0.732983
18 0 5 1.000000
19 0 5 0.168732
20 0 28 0.696918
21 0 25 1.000000
22 0 27 1.000000
23 0 11 0.424008
24 0 26 0.095521
25 0 12 0.327032
26 0 24 1.000000
27 0 0 0.247263
28 0 6 0.898755
0 0 16 0.394595
0 1 10 0.265434
0 1 27 0.734566
1 0 13 0.343540
1 1 27 0.364666
1 1 1 0.635334
2 0 27 0.888701
3 0 15 0.400898
3 1 14 1.000000
3 0 12 0.179161
4 0 8 0.771418
4 1 26 1.000000
4 0 19 0.138475
5 0 6 0.389740
5 1 23 1.000000
5 0 19 0.162271
6 0 4 0.611788
7 0 26 0.499597
7 1 16 0.731252
7 1 14 0.268748
8 1 11 1.000000
8 0 11 0.054027
9 1 6 0.488690
9 1 21 0.511310
10 0 3 0.993298
12 0 14 0.493039
12 1 4 1.000000
12 0 28 0.265827
13 1 24 1.000000
13 0 5 0.369219
14 0 9 0.345362
14 1 16 1.000000
14 0 11 0.614975
16 1 22 1.000000
16 0 17 0.412039
17 0 18 0.267017
17 1 27 0.531184
17 1 2 0.468816
28 1 0 0.423840
18 1 12 1.000000
28 1 20 0.576160
19 1 25 1.000000
19 0 16 0.831268
20 0 8 0.303081
21 1 22 0.458925
21 1 5 0.541075
23 0 10 0.575992
24 0 2 0.904479
28 0 13 0.101245
27 1 11 0.488126
25 0 1 0.384841
25 1 6 1.000000
25 0 10 0.288127
27 0 7 0.752737
27 1 24 0.511874
