34 13
0 0 9 0.329458
1 0 9 0.471738
2 0 9 1.000000
3 0 9 0.318484
4 0 1 0.811331
5 0 0 1.000000
6 0 0 0.088652
7 0 4 1.000000
8 0 10 0.374054
9 0 4 0.113077
10 0 2 0.595359
11 0 1 1.000000
12 0 2 1.000000
0 0 3 0.018320
1 0 12 0.528262
2 1 2 0.336451
2 1 6 0.663549
3 1 1 1.000000
3 0 12 0.681516
4 0 12 0.188669
6 0 5 0.911348
8 0 2 0.359899
8 1 7 0.656004
8 0 5 0.266047
9 0 2 0.814947
9 1 9 1.000000
9 0 1 0.071976
10 0 3 0.254950
10 1 10 1.000000
10 0 11 0.149691
0 0 7 0.240947
0 0 8 0.408315
8 1 10 0.343996
0 0 11 0.002960
