85 29
0 0 28 0.610264
1 0 27 0.263537
2 0 0 1.000000
3 0 28 0.178485
4 0 18 1.000000
5 0 21 0.342228
6 0 1 0.871003
7 0 24 1.000000
8 0 5 0.546303
9 0 16 1.000000
10 0 5 0.910510
11 0 6 0.070674
12 0 16 0.607693
13 0 18 0.097081
14 0 5 0.555806
15 0 3 1.000000
16 0 11 0.074478
17 0 10 0.059459
18 0 17 1.000000
19 0 14 1.000000
20 0 12 0.283015
21 0 6 0.700770
22 0 17 0.278591
23 0 15 1.000000
24 0 4 0.272679
25 0 19 0.004586
26 0 5 1.000000
27 0 2 0.769941
28 0 21 0.537580
0 0 25 0.389736
0 1 23 0.768368
0 1 4 0.231632
1 0 8 0.168126
1 1 25 1.000000
1 0 24 0.568337
2 1 16 0.592830
2 1 21 0.407170
3 0 9 0.301965
3 1 22 1.000000
3 0 12 0.519550
4 1 21 0.670178
4 1 0 0.329822
5 0 13 0.657772
6 0 20 0.128997
6 1 19 0.256892
6 1 8 0.743108
8 0 4 0.453697
8 1 0 0.092370
8 1 18 0.907630
9 1 4 0.865647
9 1 14 0.134353
10 0 18 0.089490
10 1 9 0.205156
10 1 23 0.794844
11 0 22 0.651234
11 1 28 1.000000
11 0 23 0.278092
12 1 0 1.000000
12 0 17 0.392307
13 0 2 0.902919
14 0 21 0.444194
14 1 21 0.641325
14 1 12 0.358675
16 0 4 0.359724
16 1 11 1.000000
16 0 23 0.565798
17 0 0 0.351331
17 1 0 1.000000
17 0 1 0.589210
19 1 25 0.716245
19 1 17 0.283755
20 0 19 0.394968
20 1 28 1.000000
20 0 2 0.322017
21 1 26 1.000000
21 0 4 0.299230
22 1 7 1.000000
22 0 24 0.721409
24 1 21 1.000000
24 0 16 0.727321
25 1 21 1.000000
25 0 23 0.995414
27 0 8 0.230059
28 1 19 1.000000
28 0 19 0.462420
