71 24
0 0 2 1.000000
1 0 2 1.000000
2 0 20 0.142809
3 0 5 0.174308
4 0 17 1.000000
5 0 22 0.546626
12 1 10 0.106461
7 0 6 0.232669
8 0 18 0.603487
9 0 11 0.278275
23 0 8 0.527720
11 0 15 1.000000
12 0 3 0.654568
13 0 18 0.585788
14 0 21 0.488158
15 0 13 0.561488
16 0 20 0.777192
17 0 4 1.000000
18 0 12 0.478389
19 0 11 0.667172
20 0 12 0.518993
21 0 14 1.000000
22 0 1 0.279975
23 0 19 0.472280
1 1 9 0.503416
1 1 16 0.496584
2 0 8 0.180464
2 1 8 1.000000
2 0 15 0.676728
3 0 0 0.436915
3 1 4 1.000000
3 0 1 0.388777
5 0 23 0.453374
6 0 0 1.000000
6 1 5 1.000000
22 0 4 0.253526
7 1 9 1.000000
7 0 21 0.767331
8 0 3 0.396513
8 1 19 0.727202
8 1 5 0.272798
9 0 22 0.396557
9 1 14 1.000000
9 0 17 0.325167
22 1 7 1.000000
12 0 16 0.345432
12 1 5 0.596720
12 1 0 0.296819
13 0 1 0.160196
13 1 8 1.000000
13 0 19 0.254017
14 0 14 0.511842
14 1 4 0.280471
14 1 16 0.719529
15 1 13 1.000000
15 0 22 0.438512
16 0 0 0.222808
16 1 17 0.077331
16 1 8 0.922669
17 1 18 0.398367
17 1 17 0.601633
18 0 20 0.297670
18 1 18 1.000000
18 0 9 0.223941
19 0 6 0.332828
19 1 7 0.176295
19 1 17 0.823705
20 0 21 0.481007
21 1 19 0.711424
21 1 6 0.288576
22 0 14 0.466499
