58 18
0 0 4 1.000000
1 0 11 0.304682
2 0 5 0.228966
3 0 6 0.462539
4 0 12 0.717651
5 0 11 1.000000
6 0 0 0.303826
7 0 11 0.419687
8 0 6 0.713768
9 0 14 0.464812
10 0 1 0.415127
11 0 6 0.146407
12 0 15 0.018738
13 0 10 0.515114
14 0 10 0.402951
15 0 2 0.304005
16 0 3 0.310136
17 0 2 0.190309
0 1 16 0.913017
0 1 10 0.086983
1 0 2 0.695318
2 0 10 0.771034
3 0 8 0.140411
3 1 11 1.000000
3 0 15 0.397050
4 1 3 1.000000
4 0 15 0.282349
5 1 4 0.557725
5 1 7 0.442275
6 0 5 0.411862
6 1 10 1.000000
6 0 16 0.284312
7 0 7 0.075309
7 1 3 1.000000
7 0 0 0.505004
8 0 0 0.286232
8 1 5 0.907452
8 1 2 0.092548
9 1 2 1.000000
9 0 12 0.535188
10 1 7 1.000000
10 0 17 0.584873
11 0 3 0.406018
11 1 14 1.000000
11 0 1 0.447575
12 0 9 0.757823
12 1 6 1.000000
12 0 7 0.223439
13 0 6 0.484886
14 0 11 0.120347
14 1 3 1.000000
14 0 14 0.476702
15 0 3 0.287593
15 1 3 1.000000
15 0 14 0.408401
16 0 15 0.689864
17 0 15 0.116178
17 0 13 0.693513
