64 24
0 0 15 0.359513
1 0 3 0.410818
2 0 3 1.000000
3 0 2 0.961042
4 0 13 0.112257
5 0 21 0.377818
6 0 18 0.585491
7 0 2 1.000000
8 0 17 1.000000
8 1 22 0.247341
10 0 17 0.800287
11 0 10 1.000000
12 0 14 0.578686
13 0 14 0.378161
14 0 6 1.000000
15 0 7 0.818114
16 0 17 0.273254
17 0 16 0.721191
18 0 0 0.959055
19 0 3 0.964448
20 0 13 0.400014
21 0 9 0.159026
22 0 12 1.000000
23 0 10 0.464496
0 1 23 1.000000
0 0 12 0.640487
1 0 9 0.434919
3 1 6 1.000000
3 0 17 0.038958
4 1 7 1.000000
4 0 20 0.887743
5 0 3 0.622182
6 0 14 0.414509
8 1 17 0.372298
8 1 23 0.380361
16 0 21 0.204665
9 1 23 1.000000
9 0 3 1.000000
10 1 8 1.000000
10 0 20 0.199713
12 0 4 0.421314
12 1 8 0.473285
12 1 23 0.526715
13 0 11 0.466018
13 1 1 1.000000
13 0 10 0.155821
15 0 4 0.181886
15 1 16 0.532929
15 1 2 0.467071
16 0 19 0.522081
17 0 19 0.278809
17 1 3 0.227547
17 1 20 0.772453
18 0 23 0.040945
18 1 13 0.528628
18 1 18 0.471372
19 1 18 1.000000
19 0 18 0.035552
20 0 7 0.599986
20 1 2 0.915465
20 1 6 0.084535
21 0 14 0.840974
23 0 9 0.535504
1 0 5 0.154263
