70 23
0 0 13 0.154476
1 0 21 0.469535
2 0 21 0.081112
3 0 21 1.000000
4 0 9 0.399958
5 0 8 0.449038
6 0 18 0.293591
7 0 15 0.355544
8 0 18 0.126098
9 0 4 1.000000
10 0 12 1.000000
11 0 5 1.000000
12 0 2 0.361187
13 0 15 0.561060
14 0 8 0.404507
15 0 13 1.000000
16 0 19 1.000000
17 0 18 0.439750
18 0 14 0.014649
19 0 20 0.378961
20 0 2 0.339838
21 0 4 0.604313
22 0 1 0.540768
0 0 6 0.845524
1 1 20 1.000000
1 0 22 0.530465
2 0 4 0.379715
2 1 10 1.000000
2 0 6 0.539174
3 1 19 0.756492
3 1 5 0.243508
4 0 19 0.600042
4 1 21 0.251471
4 1 3 0.748529
5 0 11 0.550962
5 1 9 0.844907
5 1 10 0.155093
6 0 2 0.706409
7 0 19 0.413467
7 1 19 1.000000
7 0 6 0.230989
8 0 15 0.873902
8 1 11 0.315498
8 1 19 0.684502
11 1 9 0.650137
11 1 17 0.349863
12 1 16 0.913748
12 1 12 0.086252
13 0 14 0.438940
13 1 12 0.132231
13 1 5 0.867769
14 1 2 1.000000
14 0 0 0.595493
15 1 15 0.378821
15 1 17 0.621179
17 1 14 1.000000
17 0 6 0.560250
18 0 6 0.482686
18 1 20 1.000000
18 0 21 0.502665
19 0 19 0.315062
19 1 0 1.000000
19 0 2 0.305977
20 0 9 0.313035
20 1 0 1.000000
20 0 21 0.347127
21 1 8 1.000000
21 0 1 0.395687
22 0 18 0.459232
12 0 7 0.638813
