68 19
0 0 13 0.333732
1 0 2 0.542468
2 0 5 0.093176
3 0 6 1.000000
4 0 13 0.076211
5 0 11 0.118274
6 0 3 1.000000
7 0 12 0.468905
8 0 4 0.042343
9 0 15 1.000000
10 0 5 1.000000
11 0 13 0.581226
12 0 0 1.000000
13 0 10 0.390823
13 1 18 0.863087
15 0 9 0.211462
16 0 14 0.364462
17 0 18 0.274157
0 0 17 0.254923
0 0 8 0.290665
1 1 6 0.218544
1 1 13 0.546122
2 1 7 0.910681
2 0 0 0.136988
3 1 5 0.624142
3 1 10 0.375858
4 0 3 0.440662
4 1 10 1.000000
4 0 16 0.483127
5 0 18 0.329462
7 0 14 0.342003
7 1 8 0.325248
7 0 15 0.189093
8 0 16 0.746893
8 1 12 1.000000
8 0 5 0.210764
9 1 4 0.668873
9 1 0 0.331127
1 0 15 0.397832
11 1 13 0.259720
11 1 14 0.740280
11 0 12 0.418774
12 1 18 0.654609
12 1 2 0.345391
13 0 5 0.577969
13 1 2 0.136913
13 0 12 0.031208
0 0 12 0.059587
15 0 3 0.349111
15 1 14 1.000000
15 0 14 0.439428
17 0 16 0.725843
17 1 7 0.483861
17 1 16 0.516139
7 1 11 0.674752
2 0 1 0.396663
5 0 17 0.182406
14 0 0 0.093255
16 0 1 0.321797
16 0 2 0.162256
1 1 3 0.235334
16 0 4 0.151484
2 1 5 0.089319
1 0 6 0.059700
2 0 7 0.373172
14 0 8 0.906745
0 0 9 0.061093
5 0 10 0.369859
