52 18
0 0 5 0.360643
1 0 15 0.353228
2 0 3 0.733569
3 0 17 1.000000
4 0 13 0.646848
5 0 8 0.610357
6 0 11 1.000000
7 0 5 0.135741
8 0 17 0.863279
9 0 15 1.000000
10 0 7 0.698523
11 0 16 0.507149
12 0 13 0.680199
13 0 10 0.607218
14 0 13 0.088112
15 0 2 1.000000
16 0 0 1.000000
17 0 6 0.395684
0 0 6 0.639356
1 1 7 1.000000
1 0 7 0.646772
2 1 12 1.000000
2 0 10 0.266431
3 1 10 0.491128
3 1 1 0.508872
4 0 17 0.353152
4 1 17 0.192028
4 1 12 0.807972
5 1 4 1.000000
5 0 4 0.389643
7 1 12 1.000000
7 0 3 0.864259
8 1 7 1.000000
8 0 4 0.136721
9 1 0 0.444118
9 1 16 0.555882
10 0 14 0.301477
10 1 3 0.997461
10 1 2 0.002539
11 1 13 1.000000
11 0 9 0.492851
12 0 5 0.319801
13 1 1 1.000000
13 0 4 0.392782
14 0 2 0.450654
14 1 3 1.000000
14 0 3 0.461233
15 1 15 0.724526
15 1 2 0.275474
17 0 10 0.227055
17 1 2 1.000000
17 0 7 0.377262
