80 27
0 0 11 1.000000
1 0 14 0.338033
2 0 22 0.291766
3 0 26 0.204125
4 0 8 0.907959
5 0 26 0.422738
6 0 4 1.000000
7 0 4 0.626109
8 0 4 0.303050
9 0 20 1.000000
10 0 25 0.607554
11 0 5 0.077465
12 0 7 0.614232
13 0 12 1.000000
14 0 9 0.621916
15 0 23 1.000000
16 0 10 0.115424
17 0 15 1.000000
12 0 24 0.385768
19 0 6 0.848899
20 0 22 1.000000
21 0 3 0.136038
22 0 14 0.207647
16 0 11 0.508746
24 0 21 1.000000
25 0 19 1.000000
26 0 17 1.000000
0 1 18 0.036206
0 1 22 0.963794
1 0 15 0.336635
1 1 20 1.000000
1 0 25 0.325332
2 0 15 0.271607
2 1 19 1.000000
2 0 2 0.436627
3 0 13 0.795875
3 1 19 0.581550
3 1 21 0.418450
4 0 23 0.092041
4 1 10 0.488232
4 1 21 0.511768
5 0 23 0.577262
5 1 24 0.509451
5 1 16 0.490549
6 1 18 0.434222
6 1 12 0.565778
7 1 8 1.000000
7 0 26 0.373891
8 0 25 0.358083
8 1 17 1.000000
8 0 26 0.338868
9 1 16 0.456452
9 1 23 0.543548
10 0 17 0.392446
11 0 17 0.561262
11 1 23 1.000000
11 0 0 0.361273
14 1 19 0.751331
14 1 8 0.248669
15 1 19 0.025626
15 1 1 0.974374
16 0 21 0.375831
17 1 9 0.474179
17 1 19 0.525821
14 0 5 0.378084
18 1 18 0.918403
18 1 4 0.081597
19 0 10 0.151101
20 1 20 0.667238
20 1 7 0.332762
21 1 18 1.000000
21 0 1 0.564214
22 0 26 0.639686
22 1 2 1.000000
22 0 23 0.152667
21 0 0 0.299748
23 1 3 1.000000
23 0 12 1.000000
24 1 4 0.503914
24 1 12 0.496086
