91 29
0 0 2 1.000000
1 0 7 0.468172
2 0 0 0.314416
3 0 20 0.147798
4 0 19 0.728537
5 0 0 1.000000
6 0 18 0.527648
7 0 20 0.414657
8 0 19 0.279485
9 0 11 0.192136
10 0 28 1.000000
11 0 5 1.000000
12 0 11 1.000000
13 0 4 0.637160
14 0 17 0.166898
15 0 10 0.503745
16 0 6 1.000000
17 0 23 1.000000
18 0 12 1.000000
19 0 28 0.448892
20 0 14 1.000000
21 0 10 1.000000
22 0 7 0.446893
23 0 9 1.000000
24 0 22 1.000000
25 0 13 0.069692
26 0 21 1.000000
27 0 23 0.519116
28 0 4 0.074605
0 1 22 0.222326
0 1 8 0.777674
1 0 22 0.356515
1 1 1 1.000000
1 0 12 0.175313
2 1 18 1.000000
2 0 23 0.685584
3 0 12 0.852202
3 1 4 0.618509
3 1 12 0.381491
4 1 13 0.271464
4 0 26 0.271463
6 0 2 0.472352
7 0 19 0.507021
7 1 9 1.000000
7 0 17 0.078322
8 0 13 0.720515
8 1 23 0.355703
8 1 28 0.644297
9 0 13 0.458870
9 1 25 1.000000
9 0 6 0.348995
10 1 15 0.436293
10 1 17 0.563707
11 1 11 0.313599
11 1 12 0.686401
12 1 11 0.032563
12 1 20 0.967437
13 0 6 0.362840
13 1 12 0.958120
13 1 18 0.041880
14 1 20 1.000000
14 0 10 0.833102
15 0 15 0.496255
15 1 6 0.568704
15 1 1 0.431296
16 1 19 0.423194
16 1 4 0.576806
17 1 24 0.007216
17 1 13 0.992785
18 1 28 0.623305
18 1 0 0.376695
19 0 24 0.551108
19 1 18 0.600745
19 1 17 0.399255
20 1 2 0.461520
20 1 24 0.538480
22 0 19 0.553107
22 1 0 0.726332
22 1 16 0.273668
23 1 25 0.421573
23 1 17 0.578427
25 0 14 0.648634
25 1 27 1.000000
25 0 6 0.281674
26 1 2 0.562137
26 1 28 0.437862
27 0 11 0.480884
28 0 21 0.158237
28 1 15 1.000000
28 0 5 0.767157
4 1 3 0.728536
