41 14
0 0 1 1.000000
1 0 6 0.700254
2 0 11 0.365696
13 1 8 0.579740
4 0 8 0.725387
5 0 3 0.097359
6 0 10 0.419792
7 0 12 0.074276
8 0 10 0.242741
9 0 4 0.562604
10 0 2 1.000000
11 0 9 1.000000
12 0 10 0.926606
13 1 6 0.420261
0 1 5 0.187943
0 1 0 0.812057
1 0 7 0.299746
1 1 0 0.495598
1 1 9 0.504402
2 0 0 0.505094
2 1 12 1.000000
2 0 9 0.129210
13 0 4 1.000000
3 1 3 1.000000
3 0 0 1.000000
4 1 3 1.000000
4 0 10 0.274613
5 1 6 1.000000
5 0 12 0.902641
6 1 11 1.000000
6 0 3 0.580208
7 1 6 1.000000
7 0 2 0.925724
8 0 9 0.715408
8 1 8 1.000000
8 0 2 0.041851
9 0 10 0.303111
9 1 12 1.000000
9 0 7 0.134285
12 1 5 1.000000
12 0 7 0.073394
