67 23
0 0 3 1.000000
1 0 7 0.424607
2 0 17 0.506976
3 0 17 0.229793
4 0 8 1.000000
5 0 9 0.269035
6 0 0 1.000000
7 0 3 0.013192
8 0 12 1.000000
9 0 18 1.000000
10 0 3 1.000000
11 0 6 0.213732
12 0 10 0.474699
15 1 22 0.331778
14 0 10 0.117108
15 0 5 0.526683
16 0 21 0.433016
17 0 18 0.160882
18 0 5 1.000000
19 0 1 1.000000
20 0 13 0.547656
21 0 6 0.448274
22 0 2 0.628208
1 0 0 0.575393
2 1 18 1.000000
2 0 6 0.493024
3 0 19 0.381006
3 1 20 1.000000
3 0 13 0.264799
4 1 21 0.171934
4 1 5 0.828066
5 0 17 0.189629
5 1 9 1.000000
5 0 14 0.541336
7 0 18 0.250299
7 1 16 1.000000
7 0 20 0.736509
11 0 14 0.393319
11 1 1 1.000000
11 0 2 0.392949
12 1 5 0.512857
12 1 12 0.487143
14 0 15 0.536189
13 1 5 0.339901
13 1 9 0.660099
14 0 14 0.186185
14 1 14 1.000000
14 0 13 0.160518
15 0 3 0.473317
15 1 12 0.447161
15 1 21 0.221061
17 0 13 0.421742
17 1 13 1.000000
17 0 1 0.417376
18 1 18 0.472853
18 1 13 0.527147
19 1 9 0.403855
19 1 17 0.596145
20 1 19 1.000000
20 0 9 0.452344
21 1 18 1.000000
21 0 8 0.551726
22 1 11 1.000000
22 0 13 0.371792
16 0 2 0.566984
3 0 4 0.124403
12 0 11 0.525301
