61 21
0 0 20 0.419332
1 0 13 1.000000
2 0 5 0.404117
3 0 12 0.159952
4 0 15 1.000000
5 0 10 0.532855
6 0 15 0.513469
7 0 11 0.710028
8 0 16 0.154471
9 0 20 0.338602
10 0 18 0.010528
11 0 9 0.316298
12 0 16 1.000000
13 0 3 1.000000
14 0 10 1.000000
15 0 2 0.707564
16 0 12 0.221446
17 0 10 0.340053
18 0 17 0.208156
19 0 12 0.992195
20 0 11 1.000000
0 0 18 0.562752
0 1 3 1.000000
0 0 13 0.017915
1 1 8 0.354167
1 1 3 0.645833
2 1 11 1.000000
2 0 14 0.595883
3 0 13 0.840048
3 1 8 0.398790
3 1 15 0.601210
5 0 14 0.467145
6 0 1 0.039968
6 1 10 1.000000
6 0 16 0.446562
7 0 19 0.289972
8 0 6 0.332007
8 1 0 1.000000
8 0 8 0.513522
9 1 20 1.000000
9 0 10 0.661398
10 0 1 0.482980
10 1 14 1.000000
10 0 4 0.506492
11 1 20 1.000000
11 0 1 0.683702
12 1 8 0.714868
12 1 0 0.285132
14 1 8 0.392341
14 1 1 0.607659
15 0 3 0.292436
16 1 0 1.000000
16 0 20 0.778554
17 0 12 0.659947
17 1 2 0.674478
17 1 19 0.325522
18 0 7 0.310316
18 1 19 1.000000
18 0 4 0.481528
19 1 12 1.000000
19 0 1 0.007805
