56 19
0 0 18 0.130088
1 0 2 0.592744
2 0 14 0.422900
3 0 11 0.533842
4 0 16 0.140875
5 0 10 1.000000
6 0 15 0.885374
7 0 14 0.503566
8 0 10 0.428019
9 0 7 0.453617
10 0 1 1.000000
11 0 15 0.331975
12 0 18 0.425345
13 0 11 0.234278
14 0 18 0.306850
15 0 0 0.850972
16 0 4 0.407737
17 0 11 1.000000
18 0 16 1.000000
0 1 18 1.000000
0 0 5 0.869912
1 1 0 1.000000
1 0 13 0.407256
2 0 11 0.352013
2 1 0 1.000000
2 0 4 0.225087
3 0 6 0.466158
4 0 13 0.491906
4 1 5 1.000000
4 0 7 0.343261
6 1 6 1.000000
6 0 5 0.114626
7 0 13 0.496434
7 1 15 0.251696
7 1 13 0.748304
8 1 5 1.000000
8 0 5 0.571981
9 0 6 0.546383
11 0 11 0.194115
12 0 14 0.181239
12 1 6 0.911394
12 1 13 0.088606
13 1 0 1.000000
13 0 8 0.765722
14 0 16 0.360284
14 1 14 1.000000
14 0 10 0.332866
15 0 4 0.149028
15 1 4 0.466536
15 1 0 0.533464
16 0 9 0.592263
17 1 6 0.307925
17 1 18 0.692075
4 0 3 0.023959
11 0 12 0.473910
12 0 17 0.393417
