83 30
0 0 29 0.329093
1 0 6 0.654734
2 0 20 0.311881
3 0 6 1.000000
4 0 23 0.255984
5 0 3 0.102165
6 0 21 0.590632
7 0 12 0.061865
8 0 13 0.292788
9 0 16 1.000000
10 0 13 1.000000
11 0 3 1.000000
12 0 27 0.052636
13 0 12 0.315234
14 0 13 0.772870
15 0 17 0.815856
16 0 9 0.483601
17 0 15 1.000000
18 0 3 1.000000
19 0 6 0.459249
20 0 11 1.000000
21 0 25 0.860314
22 0 5 0.780789
23 0 24 0.383157
24 0 12 1.000000
25 0 17 0.414905
26 0 2 0.415869
27 0 20 0.525110
28 0 26 1.000000
29 0 4 0.072437
0 0 7 0.336443
0 1 27 0.318105
0 0 28 0.334463
1 1 18 1.000000
1 0 1 0.345266
2 0 0 0.688119
4 1 11 1.000000
4 0 4 0.744016
5 0 23 0.897835
6 0 19 0.351422
6 1 11 1.000000
6 0 12 0.057946
7 1 4 1.000000
7 0 10 0.938135
8 0 8 0.707212
9 1 22 0.808999
9 1 28 0.191001
11 1 5 0.814430
11 1 20 0.185570
12 1 17 1.000000
12 0 1 0.947363
13 1 28 1.000000
13 0 24 0.684766
14 0 26 0.227130
15 0 2 0.184144
16 0 14 0.120467
16 1 27 1.000000
16 0 29 0.395933
18 1 10 0.306866
18 1 4 0.693134
19 0 0 0.078230
19 1 24 1.000000
19 0 26 0.462521
20 1 18 0.884299
20 1 1 0.115701
21 0 5 0.139686
22 0 14 0.219211
23 0 20 0.231683
23 1 18 1.000000
23 0 14 0.385160
24 1 23 0.531937
24 1 0 0.468063
25 0 19 0.585095
26 1 16 1.000000
26 0 13 0.584131
27 0 12 0.474890
27 1 17 0.743241
27 1 24 0.256759
28 1 17 0.026051
28 1 5 0.973949
29 1 4 1.000000
29 0 20 0.927563
0 1 8 0.681895
