85 30
0 0 21 0.295835
1 0 27 0.437186
2 0 1 0.353311
3 0 17 0.106567
29 0 27 0.550867
5 0 25 1.000000
6 0 26 0.587203
7 0 12 0.333668
8 0 17 0.309226
9 0 23 0.874925
10 0 22 1.000000
11 0 14 1.000000
12 0 1 0.157345
13 0 17 1.000000
14 0 21 1.000000
15 0 21 0.332639
16 0 15 0.810928
17 0 0 0.362722
18 0 1 0.315531
19 0 28 0.381949
20 0 2 0.704976
21 0 5 1.000000
22 0 13 1.000000
23 0 15 0.394935
24 0 1 0.199932
25 0 24 0.574901
26 0 4 0.746842
27 0 22 0.606355
28 0 27 1.000000
29 0 21 0.449133
0 1 5 1.000000
0 0 8 0.704165
1 0 20 0.341672
1 1 0 1.000000
1 0 28 0.221142
2 1 0 1.000000
2 0 6 0.646689
3 1 10 1.000000
3 0 11 0.893433
29 1 13 1.000000
4 1 6 0.566822
4 1 18 0.433178
5 1 4 0.299077
5 1 26 0.700923
6 1 22 1.000000
6 0 17 0.412797
7 1 1 1.000000
7 0 18 0.666332
8 0 9 0.460109
8 1 14 1.000000
8 0 4 0.230665
9 0 15 0.125075
9 1 17 0.493950
9 1 11 0.506050
10 1 26 0.542162
10 1 25 0.457838
11 1 7 0.406307
11 1 11 0.593693
12 0 16 0.842655
12 1 15 0.292570
12 1 14 0.707430
13 1 0 0.817661
13 1 29 0.182339
15 0 3 0.667361
16 1 28 1.000000
16 0 7 0.189072
17 0 15 0.637278
18 0 20 0.684469
18 1 23 0.078920
18 1 28 0.921080
19 0 23 0.618051
19 1 1 0.246013
19 1 26 0.753987
20 0 20 0.295024
21 1 26 0.446762
21 1 23 0.553238
23 0 2 0.600194
23 1 12 1.000000
23 0 29 0.004871
24 1 18 1.000000
24 0 29 0.800068
25 1 24 1.000000
25 0 25 0.425099
26 0 14 0.253158
27 0 5 0.393645
