72 25
0 0 16 0.139051
1 0 18 1.000000
2 0 19 0.407015
3 0 13 0.520865
4 0 12 0.597768
5 0 7 0.820843
6 0 12 1.000000
7 0 12 0.133782
24 0 5 0.606270
9 0 22 1.000000
10 0 23 1.000000
11 0 9 0.677501
12 0 14 0.444018
13 0 10 0.511923
14 0 12 0.645181
15 0 2 1.000000
16 0 21 0.761216
17 0 8 0.916917
18 0 23 0.871958
19 0 17 1.000000
20 0 19 0.839777
21 0 1 0.259728
22 0 9 0.236545
23 0 15 1.000000
24 0 1 0.339458
0 0 18 0.860949
0 1 7 0.429826
0 1 0 0.570174
2 0 17 0.592985
3 0 11 0.479135
3 1 18 0.460954
3 1 19 0.539046
4 1 24 1.000000
4 0 0 0.402232
5 0 19 0.179157
6 1 6 0.785155
6 1 13 0.214845
7 0 0 0.866218
7 1 13 0.664974
7 1 1 0.335026
8 1 7 1.000000
12 0 3 0.320158
10 1 16 0.762010
10 1 12 0.237990
11 0 18 0.322499
12 0 13 0.179998
12 1 4 1.000000
12 0 19 0.055826
13 0 4 0.488077
14 0 2 0.354819
14 1 21 0.343862
14 1 4 0.656138
15 1 24 0.183215
15 1 16 0.816785
16 0 13 0.238784
16 1 11 0.649870
16 1 12 0.350130
17 1 8 1.000000
17 0 10 0.083083
18 1 23 1.000000
18 0 20 0.128042
20 0 2 0.160223
21 0 16 0.740272
21 1 7 0.344056
21 1 14 0.655944
22 1 16 1.000000
22 0 16 0.763455
23 1 21 0.806269
23 1 16 0.193731
24 0 12 0.054272
24 1 9 0.787617
24 1 17 0.212383
