67 24
22 0 10 0.958380
1 0 13 0.474167
2 0 17 0.187010
3 0 5 0.794126
4 0 6 1.000000
5 0 0 0.418005
6 0 2 0.334953
21 1 6 0.180372
21 1 0 0.819628
9 0 11 1.000000
10 0 12 0.912771
11 0 18 0.151927
12 0 1 1.000000
13 0 23 1.000000
14 0 5 0.044581
15 0 22 0.924468
16 0 5 0.681011
17 0 0 0.311498
18 0 13 0.224004
19 0 4 0.031089
20 0 12 0.003936
21 0 23 1.000000
22 0 20 0.041621
23 0 6 1.000000
20 0 11 0.996064
1 1 9 1.000000
1 0 17 0.525833
2 0 21 0.520568
2 1 23 1.000000
2 0 16 0.292423
3 1 16 1.000000
3 0 15 0.205874
4 1 3 0.662397
4 1 18 0.337603
5 0 2 0.581995
5 1 3 0.518023
5 1 7 0.481977
6 0 14 0.393969
6 1 12 1.000000
6 0 13 0.271079
7 1 11 1.000000
20 1 9 1.000000
19 0 12 0.348921
8 1 2 0.390193
8 1 21 0.609807
10 1 19 1.000000
10 0 15 0.087229
11 0 14 0.437797
11 1 23 1.000000
11 0 15 0.410277
13 1 13 0.016652
13 1 15 0.983348
14 1 2 1.000000
14 0 6 0.955419
15 0 7 0.075532
15 1 13 0.561169
15 1 9 0.438831
16 1 10 1.000000
16 0 14 0.318989
17 0 12 0.381013
17 1 23 1.000000
17 0 1 0.307489
18 0 6 0.142670
18 1 6 1.000000
18 0 17 0.633327
19 0 8 0.619990
19 1 22 1.000000
