36 11
0 0 4 0.375587
1 0 2 1.000000
2 0 3 0.654281
3 0 10 0.123254
4 0 2 0.296899
5 0 9 0.257231
6 0 7 1.000000
7 0 2 0.351040
8 0 6 0.677431
7 1 0 0.484640
10 0 5 0.354306
0 1 7 1.000000
0 0 3 0.624413
1 1 2 0.461489
1 1 4 0.538511
2 1 6 1.000000
2 0 7 0.345719
3 0 5 0.837222
3 1 8 1.000000
3 0 6 0.039524
4 0 9 0.564114
4 1 5 1.000000
4 0 5 0.138987
5 0 5 0.372410
5 1 8 1.000000
5 0 8 0.370359
6 1 9 0.730238
6 1 6 0.269762
7 0 3 0.648960
7 1 9 0.088226
7 1 5 0.427134
8 1 5 1.000000
8 0 5 0.322569
10 0 1 0.645694
9 1 9 0.349053
9 1 6 0.650947
