45 14
0 0 8 0.236931
1 0 10 0.491162
2 0 10 0.587172
3 0 11 0.319848
4 0 8 1.000000
5 0 11 0.797509
6 0 12 1.000000
7 0 1 0.249220
8 0 7 0.438916
9 0 1 1.000000
10 0 11 0.615850
11 0 0 0.553781
12 0 6 1.000000
13 0 12 0.921252
0 0 3 0.763069
0 1 12 0.504691
0 1 5 0.495309
1 0 0 0.508838
2 0 11 0.412828
2 1 6 0.559499
2 1 8 0.021993
3 1 6 1.000000
3 0 0 0.680152
5 0 10 0.202491
5 1 10 0.503495
5 1 12 0.496505
2 1 9 0.418508
6 1 6 0.982341
6 1 4 0.017659
7 0 2 0.588162
7 1 5 1.000000
7 0 8 0.162618
8 0 8 0.445824
8 1 8 1.000000
8 0 5 0.115260
9 1 8 0.293567
9 1 6 0.706433
10 0 0 0.384150
10 1 13 0.527036
10 1 10 0.472964
11 0 7 0.446219
11 1 5 0.340659
11 1 6 0.659341
13 1 5 1.000000
13 0 1 0.078748
