49 19
18 1 7 0.621702
1 0 14 1.000000
2 0 8 1.000000
3 0 13 1.000000
4 0 14 1.000000
5 0 7 1.000000
6 0 12 1.000000
7 0 10 0.710857
8 0 1 0.404618
9 0 6 1.000000
10 0 16 1.000000
11 0 18 1.000000
12 0 6 0.630632
13 0 6 0.424399
14 0 16 0.487244
15 0 2 1.000000
16 0 14 0.528811
17 0 12 1.000000
18 0 6 1.000000
0 0 9 1.000000
0 1 17 1.000000
18 1 5 0.378298
1 1 12 0.481935
1 1 5 0.518065
17 1 15 0.772366
17 1 16 0.227634
4 1 5 0.750658
4 1 13 0.249342
6 1 1 0.598279
6 1 11 0.401720
7 0 16 0.289143
16 1 11 0.066523
16 1 3 0.933477
8 0 18 0.543740
8 1 9 1.000000
8 0 10 0.051641
9 1 8 0.554579
9 1 7 0.445421
10 1 4 0.682970
10 1 1 0.317030
11 1 14 0.730690
11 1 0 0.269310
12 1 14 1.000000
12 0 2 0.369368
13 0 14 0.575601
14 0 17 0.512756
15 1 16 0.400995
15 1 5 0.599005
16 0 16 0.471189
