64 23
0 0 22 0.458683
1 0 21 1.000000
2 0 13 0.127439
3 0 12 0.336660
4 0 17 0.410083
5 0 11 0.165244
6 0 2 1.000000
7 0 15 1.000000
8 0 3 0.295373
9 0 6 1.000000
10 0 20 1.000000
11 0 16 0.681656
12 0 15 0.345154
13 0 20 0.747766
14 0 22 1.000000
15 0 16 0.262458
16 0 19 1.000000
17 0 6 0.324886
18 0 4 1.000000
19 0 21 0.339767
20 0 0 0.868665
21 0 8 1.000000
22 0 18 0.666385
0 0 0 0.541317
0 1 19 0.157431
0 1 7 0.842569
2 1 18 1.000000
2 0 16 0.872561
3 0 1 0.280381
3 1 14 1.000000
3 0 15 0.382959
4 0 5 0.589917
4 1 9 0.961139
4 1 1 0.038861
5 1 17 1.000000
5 0 16 0.834756
6 1 22 0.132933
6 1 16 0.201363
7 1 0 0.126667
7 1 8 0.873333
8 0 15 0.216295
8 1 13 1.000000
8 0 4 0.488332
9 1 0 0.386817
9 1 18 0.613183
11 0 0 0.318344
11 1 7 0.806862
11 1 1 0.193138
12 0 7 0.654846
12 1 22 0.611769
12 1 18 0.388231
13 0 19 0.252234
14 1 9 0.992099
14 1 13 0.007901
15 1 13 1.000000
15 0 9 0.737542
6 1 10 0.665703
22 0 4 0.333615
17 1 17 1.000000
17 0 7 0.675114
19 0 18 0.660233
20 1 13 1.000000
20 0 3 0.131335
22 1 20 1.000000
