77 26
0 0 19 0.209519
1 0 18 0.058227
2 0 20 1.000000
3 0 22 0.665733
4 0 0 0.521720
5 0 3 0.167521
6 0 1 1.000000
7 0 5 0.232127
8 0 18 0.217502
9 0 21 1.000000
10 0 5 0.557814
11 0 15 0.448752
12 0 7 1.000000
13 0 11 0.467365
14 0 9 1.000000
15 0 12 0.600218
16 0 13 0.491511
20 0 8 0.431918
18 0 13 0.927381
19 0 0 0.496761
20 0 19 0.568082
21 0 3 0.755956
22 0 18 0.064099
23 0 0 1.000000
24 0 9 0.100726
25 0 20 0.131059
0 0 10 0.790481
1 1 22 1.000000
1 0 5 0.941773
2 1 23 0.261481
2 1 4 0.738519
3 0 16 0.334267
4 0 24 0.478280
5 0 23 0.265380
5 1 1 1.000000
5 0 5 0.567098
6 1 18 0.522812
6 1 21 0.477188
7 0 20 0.330705
7 1 0 1.000000
7 0 3 0.437168
8 0 15 0.782498
8 1 4 0.272533
8 1 24 0.727467
10 0 15 0.442186
11 0 21 0.551248
11 1 11 0.862823
11 1 7 0.137177
12 1 2 0.610690
12 1 18 0.389310
13 0 22 0.532635
13 1 4 0.580207
13 1 13 0.419793
14 1 17 0.307409
14 1 25 0.692591
15 0 0 0.399782
15 1 12 0.488054
15 1 2 0.511946
16 1 4 1.000000
16 0 3 0.508489
24 0 6 0.409793
18 0 18 0.072619
18 1 1 0.684931
18 1 13 0.315069
19 0 5 0.093148
19 1 12 1.000000
19 0 3 0.410091
21 0 4 0.244044
21 1 10 0.331830
21 1 16 0.668170
22 0 17 0.048495
22 1 25 1.000000
22 0 7 0.887406
25 0 11 0.868941
24 0 23 0.046579
24 0 14 0.442902
24 1 10 1.000000
