68 24
0 0 17 1.000000
1 0 13 0.237135
2 0 13 0.914559
3 0 4 1.000000
4 0 16 0.797261
5 0 0 1.000000
6 0 10 1.000000
7 0 11 1.000000
11 1 18 0.218805
9 0 10 1.000000
10 0 21 0.182115
11 0 20 0.422975
12 0 21 0.282453
13 0 2 0.373423
14 0 3 0.602559
15 0 8 0.102042
16 0 2 0.391939
17 0 21 0.510385
18 0 13 1.000000
19 0 0 0.327530
21 0 15 0.190407
21 0 3 0.355404
22 0 16 1.000000
23 0 21 1.000000
1 0 5 0.193157
1 1 22 1.000000
1 0 6 0.569708
2 1 8 0.342163
2 1 12 0.657837
4 1 17 1.000000
4 0 3 0.202739
5 1 0 0.072214
5 1 22 0.927786
6 1 16 0.476214
6 1 8 0.523786
2 0 6 0.085441
10 0 17 0.308835
10 1 19 1.000000
10 0 7 0.509050
11 0 8 0.455416
11 1 5 0.781195
11 0 23 0.121608
12 1 5 1.000000
12 0 2 0.717547
13 0 7 0.578835
13 1 12 1.000000
13 0 11 0.047743
14 1 21 0.795400
14 0 7 0.397441
15 0 21 0.897958
15 1 3 0.696066
15 1 12 0.303934
16 1 8 1.000000
16 0 3 0.608060
17 1 17 1.000000
17 0 23 0.489615
18 1 8 0.548060
18 1 0 0.451940
19 1 12 1.000000
19 0 4 0.672470
14 1 1 0.204600
21 0 9 0.454190
21 1 14 0.664113
21 1 13 0.335887
22 1 17 0.579140
22 1 13 0.420860
23 1 5 0.534735
23 1 11 0.465265
