35 10
0 0 4 0.066484
1 0 5 0.186732
2 0 4 0.526108
3 0 4 0.194916
4 0 3 1.000000
5 0 8 0.687489
6 0 7 0.803054
7 0 0 0.035814
8 0 5 0.373729
9 0 5 0.209651
0 0 3 0.933516
0 1 3 0.918428
0 1 7 0.081572
1 0 8 0.499237
1 1 5 1.000000
1 0 1 0.314031
2 0 6 0.473892
3 0 3 0.805084
3 1 7 0.863760
3 1 5 0.136240
4 1 4 0.375106
4 1 0 0.624894
5 1 0 0.362574
5 1 2 0.637426
6 0 3 0.196946
6 1 3 0.503644
6 1 4 0.496356
7 0 4 0.964186
8 1 4 1.000000
8 0 6 0.303624
9 0 8 0.790349
9 1 9 0.375526
9 1 0 0.624474
8 0 1 0.322646
5 0 9 0.312511
