70 27
0 0 26 1.000000
1 0 11 1.000000
2 0 1 0.493186
3 0 5 0.362009
4 0 7 0.814386
5 0 16 0.431834
26 0 10 0.264376
7 0 1 0.203787
8 0 2 0.950966
9 0 13 0.092706
10 0 20 0.968462
11 0 12 0.479881
12 0 21 1.000000
13 0 17 1.000000
14 0 18 0.640383
15 0 18 1.000000
16 0 9 0.715622
17 0 16 1.000000
18 0 21 1.000000
19 0 13 0.664282
20 0 9 0.595651
21 0 26 1.000000
22 0 17 1.000000
23 0 7 0.458800
24 0 7 0.835907
25 0 2 1.000000
26 0 15 0.735624
1 1 21 0.672606
1 1 6 0.327394
2 0 13 0.506814
3 0 8 0.549551
3 1 5 1.000000
3 0 13 0.088440
4 0 22 0.185614
5 0 26 0.568166
5 1 1 0.336864
5 1 12 0.663136
26 1 11 1.000000
6 1 21 1.000000
6 0 3 1.000000
7 1 24 1.000000
7 0 4 0.796213
8 1 21 1.000000
8 0 0 0.049034
9 0 2 0.907294
10 0 6 0.031538
11 0 21 0.520119
11 1 25 0.431775
11 1 16 0.568225
13 1 22 0.850233
13 1 14 0.149767
14 0 17 0.214569
14 1 1 1.000000
14 0 23 0.145048
16 0 18 0.284378
16 1 19 0.644560
16 1 2 0.355440
18 1 9 0.731234
18 1 0 0.268766
19 0 7 0.335718
20 1 12 1.000000
20 0 18 0.404349
21 1 22 0.496077
21 1 7 0.503923
23 1 3 1.000000
23 0 26 0.541200
24 1 4 1.000000
24 0 19 0.164093
25 1 26 0.622015
25 1 5 0.377985
