88 28
0 0 23 1.000000
1 0 6 1.000000
2 0 12 0.814370
3 0 19 0.558404
4 0 10 0.697406
5 0 13 1.000000
6 0 10 0.499438
7 0 4 0.540649
8 0 7 0.507625
9 0 27 0.239875
10 0 4 0.670954
11 0 8 0.367736
12 0 25 0.677483
13 0 20 1.000000
14 0 5 0.823892
15 0 26 1.000000
16 0 4 0.487975
17 0 15 0.175967
18 0 19 0.627275
19 0 10 1.000000
20 0 9 0.651485
21 0 14 0.476666
22 0 15 0.552160
23 0 12 0.303474
24 0 0 0.138235
25 0 17 1.000000
26 0 9 1.000000
27 0 26 1.000000
1 1 20 0.728685
1 1 5 0.271315
2 1 1 1.000000
2 0 10 0.185630
3 0 14 0.441596
4 1 1 1.000000
4 0 11 0.302594
5 1 18 0.524811
5 1 26 0.475189
6 0 24 0.178523
6 1 6 1.000000
6 0 11 0.322039
7 0 1 0.228186
7 1 11 1.000000
7 0 3 0.231165
8 0 14 0.383980
8 1 7 1.000000
8 0 24 0.108395
9 0 26 0.288770
9 1 16 1.000000
9 0 15 0.299522
10 1 16 1.000000
10 0 3 0.329046
11 0 5 0.237023
11 1 6 1.000000
11 0 11 0.395241
12 0 8 0.322517
12 1 18 0.448096
12 1 5 0.551904
13 1 12 0.777448
13 1 21 0.222552
14 1 19 1.000000
14 0 11 0.176108
15 1 26 0.990273
15 1 20 0.009727
16 0 25 0.025955
16 1 16 1.000000
16 0 21 0.486071
17 1 8 1.000000
17 0 12 0.824033
18 1 16 1.000000
18 0 16 0.372725
19 1 27 0.790784
19 1 23 0.209216
20 0 15 0.348515
21 0 26 0.094747
21 1 12 1.000000
21 0 1 0.428587
22 1 4 1.000000
22 0 7 0.447840
23 0 13 0.696526
23 1 23 0.221509
23 1 19 0.778491
24 0 11 0.487853
24 1 4 1.000000
24 0 27 0.373912
9 0 22 0.171833
25 1 2 1.000000
26 1 1 0.636862
26 1 12 0.363138
