45 16
0 0 1 0.554605
1 0 7 1.000000
2 0 15 0.449235
3 0 7 1.000000
4 0 8 0.474930
5 0 10 0.990863
6 0 9 0.334405
7 0 2 1.000000
8 0 5 0.264109
9 0 8 0.486508
10 0 7 1.000000
11 0 15 1.000000
12 0 6 1.000000
13 0 6 0.250136
14 0 10 0.673546
15 0 2 1.000000
0 1 9 1.000000
0 0 15 0.445395
1 1 14 0.864630
1 1 0 0.135370
2 0 2 0.048622
2 1 0 1.000000
2 0 3 0.502143
14 1 9 0.520149
14 1 1 0.479851
4 0 14 0.525070
4 1 1 0.629957
4 1 7 0.370043
5 1 3 1.000000
5 0 11 0.009137
6 0 13 0.263606
6 1 3 1.000000
6 0 15 0.401989
8 0 13 0.735891
9 0 3 0.513492
10 1 7 0.661863
10 1 12 0.338137
11 1 9 0.476467
11 1 2 0.523533
12 1 7 0.652720
12 1 1 0.347280
13 0 2 0.365899
13 1 2 1.000000
13 0 4 0.383965
14 0 11 0.326454
