53 19
0 0 15 0.032615
1 0 11 1.000000
2 0 17 0.750805
3 0 18 0.551405
4 0 15 1.000000
5 0 11 1.000000
6 0 15 1.000000
7 0 13 0.335337
8 0 5 0.791736
9 0 1 0.455750
10 0 14 1.000000
11 0 8 1.000000
12 0 13 0.616701
13 0 3 0.495935
14 0 0 0.715124
15 0 8 0.163809
16 0 3 0.102715
17 0 2 0.247800
18 0 4 0.453556
0 0 13 0.323601
0 1 17 1.000000
0 0 17 0.643783
2 0 10 0.249195
2 1 15 0.422775
2 1 5 0.577225
3 0 3 0.448595
3 1 8 0.338442
3 1 0 0.661558
18 0 3 0.546444
18 1 3 1.000000
7 0 10 0.402809
7 1 7 1.000000
7 0 1 0.261854
8 0 10 0.044719
8 1 3 1.000000
8 0 3 0.163545
9 0 5 0.544250
9 1 11 0.382720
9 1 7 0.617280
12 1 6 1.000000
12 0 9 0.383299
13 0 2 0.504065
14 0 15 0.284876
14 1 9 0.640244
14 1 18 0.359756
15 1 15 1.000000
15 0 17 0.836191
16 0 9 0.510994
16 1 18 1.000000
16 0 12 0.386291
17 0 16 0.752200
17 1 5 0.449538
17 1 10 0.550462
