50 17
8 1 12 0.579566
1 0 4 1.000000
2 0 8 0.416299
3 0 14 0.584218
4 0 3 0.578627
5 0 14 1.000000
6 0 5 1.000000
15 1 1 0.400109
8 0 14 0.569926
9 0 8 1.000000
10 0 8 0.577627
11 0 4 0.292306
12 0 13 1.000000
13 0 5 1.000000
14 0 10 0.423875
15 0 1 1.000000
16 0 3 1.000000
0 0 3 1.000000
0 1 10 1.000000
15 1 6 0.599891
1 1 11 0.536134
1 1 9 0.463866
2 0 1 0.583701
2 1 11 0.018992
2 1 9 0.981008
3 0 13 0.415782
3 1 15 0.181088
3 1 11 0.818912
4 0 7 0.421373
4 1 2 0.500947
4 1 15 0.499053
5 1 10 0.650568
5 1 14 0.349432
14 0 7 0.365345
14 1 10 1.000000
14 0 6 0.210780
7 1 3 1.000000
7 0 9 1.000000
8 1 8 0.420434
8 0 4 0.430074
10 0 3 0.422373
10 1 1 0.474676
10 1 14 0.525324
11 0 8 0.707694
11 1 11 0.354512
11 1 6 0.645488
12 1 13 0.778626
12 1 11 0.221374
13 1 9 0.933079
13 1 10 0.066921
