81 27
0 0 13 0.870814
1 0 21 0.293556
2 0 16 0.468237
3 0 5 0.837195
4 0 19 0.740257
5 0 18 0.385688
6 0 0 0.781321
7 0 23 1.000000
8 0 22 0.284479
9 0 6 1.000000
26 1 24 0.665861
11 0 6 0.516484
12 0 3 0.217921
26 1 15 0.334139
14 0 18 0.464704
15 0 0 0.946352
16 0 20 0.097380
17 0 3 0.114329
18 0 2 1.000000
19 0 25 1.000000
20 0 8 0.229614
21 0 2 0.539528
22 0 8 0.816132
23 0 2 0.573236
24 0 18 0.566029
25 0 3 1.000000
26 0 16 0.318708
0 0 11 0.129186
0 1 15 0.577935
0 1 26 0.422065
1 0 26 0.706444
1 1 8 0.632525
1 1 17 0.367475
2 1 22 1.000000
2 0 20 0.531763
3 0 17 0.149997
3 1 14 1.000000
3 0 19 0.012808
4 0 4 0.259743
4 1 5 0.353849
4 1 19 0.646151
5 0 13 0.295174
5 1 21 1.000000
5 0 7 0.319137
6 0 8 0.218679
6 1 4 0.400925
6 1 0 0.599075
8 0 20 0.294842
8 1 9 1.000000
8 0 21 0.420679
10 1 5 1.000000
26 0 26 0.681292
11 0 1 0.483516
11 1 16 0.554161
11 1 9 0.445839
12 0 25 0.782079
13 0 13 1.000000
13 1 11 1.000000
25 1 5 0.488262
14 1 20 1.000000
14 0 9 0.535296
15 0 10 0.053647
15 1 3 0.672428
15 1 23 0.327572
16 0 15 0.290111
16 1 16 1.000000
16 0 5 0.612509
17 1 9 1.000000
17 0 26 0.885671
19 1 0 0.652005
19 1 24 0.347995
20 0 12 0.584515
20 1 15 1.000000
20 0 22 0.185871
21 0 15 0.460472
22 0 3 0.183868
23 0 9 0.426764
24 0 6 0.433971
24 1 20 0.365676
24 1 15 0.634324
25 1 22 0.511738
