71 24
0 0 6 0.086475
1 0 5 1.000000
2 0 8 1.000000
3 0 13 1.000000
4 0 13 0.057412
5 0 16 1.000000
6 0 1 1.000000
7 0 3 1.000000
8 0 4 0.936562
9 0 4 0.045393
10 0 2 0.691933
11 0 14 1.000000
12 0 20 0.593727
13 0 14 0.512818
14 0 8 1.000000
15 0 14 0.587916
16 0 17 0.772929
17 0 19 0.920846
18 0 8 0.400926
19 0 4 0.241242
20 0 19 1.000000
21 0 20 1.000000
22 0 21 0.193306
23 0 10 0.126860
0 0 15 0.913525
1 1 1 0.167870
1 1 9 0.832130
2 1 14 0.303829
2 1 3 0.696171
3 1 21 0.468093
3 1 17 0.531907
4 0 11 0.942589
4 1 15 0.477064
4 1 13 0.522936
5 1 19 0.848618
5 1 0 0.151382
6 1 3 0.285032
6 1 18 0.714968
8 1 9 1.000000
8 0 21 0.063438
9 1 16 1.000000
9 0 15 0.954607
10 0 13 0.308067
11 1 19 0.548358
11 1 11 0.451642
12 0 12 0.406273
13 1 20 1.000000
13 0 22 0.487182
14 1 19 0.239354
14 1 0 0.760646
15 0 10 0.412084
15 1 12 0.139698
15 1 21 0.224924
16 1 15 1.000000
16 0 12 0.227071
17 0 20 0.079154
17 1 10 0.049932
17 1 11 0.950068
18 0 20 0.225055
18 1 18 1.000000
18 0 21 0.374019
19 0 8 0.418899
19 1 7 1.000000
19 0 7 0.339859
15 1 23 0.635378
23 1 8 0.965139
22 0 22 0.504139
22 1 19 1.000000
22 0 19 0.302555
23 0 16 0.873140
23 1 21 0.034861
