34 13
0 0 12 1.000000
1 0 8 1.000000
2 0 12 0.158312
3 0 7 1.000000
12 1 2 0.973143
5 0 3 0.163694
12 1 8 0.026857
7 0 2 1.000000
8 0 0 0.959829
12 0 2 0.844855
10 0 6 1.000000
11 0 4 0.392881
12 0 11 0.155145
0 1 12 0.262055
0 1 3 0.737945
2 0 1 0.841688
3 1 10 0.283582
3 1 8 0.716418
11 1 0 0.699230
4 1 10 1.000000
4 0 5 1.000000
5 0 7 0.301764
5 1 2 1.000000
5 0 12 0.534542
6 1 4 1.000000
11 1 5 0.300770
7 1 11 0.547001
7 1 10 0.452999
8 0 8 0.040171
8 1 12 0.449900
8 1 9 0.550100
11 0 11 0.607119
10 1 7 0.522430
10 1 2 0.477570
