38 13
0 0 1 1.000000
1 0 9 0.246699
2 0 9 0.256768
3 0 1 0.338215
4 0 7 0.641486
5 0 3 0.684328
6 0 9 0.356856
7 0 0 1.000000
8 0 2 0.268339
9 0 3 0.287981
10 0 6 1.000000
11 0 2 0.673256
12 0 1 1.000000
6 0 11 0.575521
9 0 10 0.270347
1 0 6 0.345570
1 1 9 1.000000
1 0 12 0.407731
2 1 10 1.000000
2 0 8 0.743232
3 1 9 1.000000
3 0 4 0.661785
4 0 4 0.358514
5 0 5 0.253254
5 1 5 1.000000
5 0 12 0.062418
7 1 7 0.652877
7 1 12 0.347123
8 1 8 1.000000
8 0 6 0.731661
9 0 0 0.268829
10 1 5 0.365515
10 1 11 0.634485
11 0 12 0.326744
11 1 6 0.687163
11 1 11 0.312837
6 0 2 0.067623
9 0 8 0.172842
