37 14
0 0 13 0.417647
1 0 8 0.020699
2 0 1 1.000000
3 0 12 0.103581
4 0 7 0.373819
12 1 6 0.280867
6 0 8 0.334211
7 0 13 0.923313
8 0 3 0.236945
9 0 2 1.000000
10 0 0 0.120586
11 0 10 1.000000
12 0 7 0.375625
13 0 11 0.237191
0 0 11 0.582353
1 0 7 0.295112
1 1 8 1.000000
1 0 4 0.684190
3 1 12 1.000000
3 0 4 0.896419
4 0 13 0.626181
13 1 3 0.439105
13 1 3 0.560895
13 0 3 0.762809
5 1 8 1.000000
5 0 7 1.000000
6 0 13 0.665789
7 1 9 1.000000
7 0 5 0.076687
8 0 12 0.348327
8 1 13 1.000000
8 0 8 0.414728
12 1 0 0.398848
12 1 10 0.320284
10 1 10 1.000000
10 0 1 0.879414
12 0 9 0.624375
