58 21
0 0 17 0.672253
1 0 20 0.511440
2 0 12 1.000000
3 0 5 0.591889
4 0 5 0.119772
5 0 10 1.000000
6 0 11 0.464149
7 0 14 1.000000
8 0 9 0.334712
9 0 4 0.401554
10 0 5 1.000000
11 0 2 0.319389
12 0 14 1.000000
13 0 8 1.000000
14 0 1 1.000000
15 0 9 1.000000
16 0 15 0.929669
17 0 10 0.513031
18 0 4 0.218915
19 0 15 1.000000
20 0 19 0.950567
0 1 17 1.000000
0 0 1 0.327747
1 0 17 0.488560
2 1 2 0.801507
2 1 7 0.198493
3 0 6 0.408111
4 0 20 0.243950
4 1 3 1.000000
4 0 0 0.636278
5 1 4 0.492730
5 1 19 0.507270
6 0 1 0.535851
6 1 4 0.526598
6 1 7 0.473402
7 1 4 0.312385
7 1 6 0.153879
8 0 1 0.665288
9 0 9 0.239603
9 1 2 1.000000
9 0 18 0.358843
10 1 6 0.676223
10 1 16 0.323777
11 0 11 0.296951
11 1 11 1.000000
11 0 6 0.383660
14 1 7 0.481104
14 1 17 0.518896
15 1 3 0.050852
15 1 6 0.949148
16 0 19 0.070331
7 1 13 0.533736
20 0 16 0.049433
17 0 11 0.129175
17 1 8 1.000000
17 0 4 0.357793
18 1 9 1.000000
18 0 7 0.781085
