34 13
0 0 5 0.440205
1 0 7 0.158466
2 0 3 0.785553
3 0 2 1.000000
1 0 8 0.380958
5 0 1 1.000000
6 0 12 1.000000
7 0 11 1.000000
8 0 12 0.295351
9 0 6 0.288189
10 0 12 1.000000
11 0 6 1.000000
0 0 4 0.261283
0 0 7 0.206298
0 1 10 1.000000
0 0 2 0.092215
1 0 9 0.460576
1 1 1 0.548910
1 1 12 0.451090
2 1 6 1.000000
2 0 5 0.214447
12 0 7 1.000000
4 1 1 1.000000
12 1 3 1.000000
7 1 6 0.600359
7 1 0 0.399641
8 0 2 0.442219
8 1 1 1.000000
8 0 8 0.262430
9 0 3 0.257729
9 1 12 1.000000
9 0 9 0.454082
11 1 9 0.781093
11 1 7 0.218907
