47 15
0 0 8 1.000000
1 0 2 1.000000
2 0 14 1.000000
3 0 1 0.570911
4 0 14 1.000000
5 0 13 0.504668
6 0 12 0.257207
7 0 14 0.881950
8 0 11 1.000000
9 0 5 0.202979
10 0 9 0.340007
11 0 10 0.472054
12 0 10 1.000000
13 0 3 0.697390
14 0 9 0.427713
0 1 1 0.196785
0 1 14 0.803215
1 1 1 0.707410
1 1 6 0.292590
2 1 13 0.361782
2 1 7 0.638218
3 0 2 0.429089
4 1 4 0.413131
4 1 9 0.586869
5 1 0 1.000000
5 0 5 0.495332
6 0 14 0.071945
6 1 10 1.000000
6 0 3 0.301306
7 0 7 0.067068
7 1 3 1.000000
7 0 8 0.050982
8 1 7 0.575346
8 1 0 0.424654
9 1 6 1.000000
9 0 1 0.797021
10 0 11 0.420561
10 1 6 1.000000
10 0 13 0.239431
11 0 3 0.092943
11 1 10 1.000000
11 0 9 0.435004
6 0 4 0.369542
14 1 7 0.448450
13 0 5 0.302610
14 1 14 0.551550
14 0 1 0.572287
