73 25
0 0 6 0.323306
1 0 10 0.650841
2 0 12 1.000000
3 0 11 1.000000
4 0 14 0.612712
5 0 12 0.316502
6 0 0 0.518306
7 0 1 0.519264
8 0 22 1.000000
9 0 13 0.950519
10 0 4 0.172301
11 0 15 1.000000
12 0 21 0.193310
13 0 22 1.000000
14 0 1 0.949070
15 0 4 0.911803
16 0 17 1.000000
17 0 5 0.180626
18 0 17 0.264438
19 0 7 0.713666
20 0 11 0.484537
21 0 12 0.498190
0 0 2 0.284279
23 0 20 1.000000
24 0 3 0.088669
0 1 18 1.000000
0 0 8 0.392415
1 0 3 0.349159
1 1 8 0.508445
1 1 19 0.491555
2 1 13 0.025946
2 1 14 0.974054
3 1 7 0.716049
3 1 19 0.283951
4 1 13 1.000000
4 0 20 0.387288
5 0 17 0.683498
5 1 17 0.865894
5 1 13 0.134106
6 0 13 0.481694
7 0 7 0.480736
7 1 9 0.480743
7 1 10 0.519257
9 0 21 0.049481
9 1 1 0.794121
9 1 9 0.205879
10 0 21 0.449396
10 1 3 1.000000
10 0 23 0.378303
12 0 10 0.417550
12 1 0 1.000000
12 0 16 0.389140
14 0 19 0.050930
15 0 10 0.088197
17 0 10 0.819374
17 1 14 0.253898
17 1 1 0.746102
18 0 11 0.378124
18 1 23 1.000000
18 0 7 0.357438
19 0 10 0.286334
20 0 15 0.174526
20 1 15 1.000000
20 0 24 0.340937
21 0 14 0.501810
21 1 21 0.941329
21 1 6 0.058671
24 0 13 0.911331
22 1 11 0.753787
22 1 4 0.246213
23 1 21 0.274549
23 1 10 0.725451
24 1 10 1.000000
