66 23
0 0 19 0.686602
1 0 6 0.694195
2 0 17 0.315118
3 0 11 0.205956
4 0 22 0.266287
5 0 12 0.929444
6 0 22 0.670782
7 0 10 0.335061
8 0 5 0.582682
9 0 10 0.132298
10 0 14 0.442219
11 0 4 1.000000
12 0 19 0.373624
13 0 21 0.452028
14 0 11 0.258896
15 0 13 0.699378
16 0 5 0.271115
17 0 1 0.881207
18 0 14 1.000000
19 0 21 1.000000
20 0 17 0.546669
21 0 19 0.054665
22 0 4 1.000000
0 1 17 1.000000
0 0 12 0.313398
1 0 18 0.305805
2 0 3 0.684882
3 0 21 0.794044
4 0 11 0.733713
4 1 20 0.800855
4 1 4 0.199145
5 0 14 0.070556
6 1 15 1.000000
6 0 5 0.329218
7 0 14 0.664939
7 1 22 0.430905
7 1 9 0.569095
8 0 2 0.417318
8 1 0 1.000000
16 0 7 0.229703
9 0 13 0.867702
9 1 9 0.600020
9 1 18 0.399980
10 1 3 1.000000
10 0 22 0.557782
11 1 1 0.471304
11 1 4 0.528696
12 0 3 0.626376
21 0 20 0.466499
21 1 1 1.000000
13 1 3 1.000000
13 0 5 0.547972
14 0 5 0.350408
14 1 1 1.000000
14 0 10 0.390696
15 0 17 0.094899
15 1 18 1.000000
15 0 9 0.205723
16 0 21 0.445117
16 1 17 1.000000
16 0 12 0.054065
17 0 5 0.118793
19 1 16 0.402672
19 1 8 0.597328
20 0 20 0.453331
21 0 3 0.478835
