69 22
0 0 18 1.000000
1 0 15 0.690925
2 0 13 0.701504
3 0 10 0.964628
4 0 8 1.000000
5 0 8 0.330861
6 0 16 0.475647
7 0 14 1.000000
8 0 21 0.376636
9 0 10 0.310699
10 0 14 0.157990
11 0 19 1.000000
12 0 14 0.458095
13 0 16 1.000000
14 0 5 0.322926
15 0 10 0.674770
16 0 9 0.509059
17 0 2 1.000000
18 0 14 1.000000
19 0 6 0.481176
20 0 21 1.000000
21 0 19 1.000000
0 1 6 0.919265
0 1 19 0.080735
1 1 5 1.000000
1 0 10 0.309075
2 0 15 0.282297
2 1 2 1.000000
2 0 2 0.016199
3 0 13 0.035372
3 1 13 0.898145
3 1 8 0.101855
5 0 16 0.323664
5 1 16 1.000000
5 0 5 0.345476
6 0 10 0.061749
6 1 9 1.000000
6 0 15 0.462604
8 0 11 0.623364
8 1 16 0.501637
8 1 18 0.498363
9 0 16 0.218259
9 1 20 1.000000
9 0 1 0.471042
10 0 17 0.412691
10 1 4 1.000000
10 0 7 0.429319
11 1 16 0.679238
11 1 17 0.320762
12 1 5 1.000000
12 0 5 0.541905
13 1 11 0.507395
13 1 2 0.492605
14 0 0 0.677074
14 1 12 0.014803
14 1 1 0.985197
15 1 6 1.000000
15 0 15 0.325230
16 1 7 1.000000
16 0 2 0.490941
18 1 5 0.175215
18 1 21 0.824785
19 1 0 1.000000
19 0 20 0.518824
20 1 5 0.001858
20 1 7 0.998142
21 1 11 0.034396
21 1 2 0.320559
21 1 3 0.645046
