39 15
0 0 3 1.000000
1 0 3 0.393623
2 0 3 0.211365
3 0 9 1.000000
13 0 6 0.301590
5 0 13 0.923684
6 0 5 1.000000
7 0 14 1.000000
8 0 11 1.000000
9 0 0 0.875894
10 0 12 1.000000
11 0 13 0.513123
12 0 13 0.638841
13 0 7 0.104179
14 0 11 0.994587
0 1 14 0.929064
0 1 13 0.070936
1 1 6 1.000000
1 0 2 0.606377
2 0 9 0.788635
3 1 5 0.438631
3 1 10 0.561369
13 0 1 0.255312
5 0 0 0.076316
5 1 7 0.484862
5 1 3 0.515138
6 1 5 0.433951
6 1 4 0.566049
9 0 11 0.124106
10 1 4 0.383726
10 1 3 0.616274
11 0 14 0.331729
11 1 2 1.000000
11 0 10 0.155149
12 0 12 0.361159
13 0 12 0.338919
14 0 3 0.005413
14 1 10 0.489275
14 1 8 0.510725
