63 22
0 0 13 0.462662
1 0 0 0.468266
2 0 11 0.742313
3 0 21 0.300956
4 0 12 1.000000
5 0 12 1.000000
6 0 19 0.225895
7 0 6 0.361083
8 0 12 1.000000
9 0 20 0.229287
10 0 14 1.000000
11 0 9 1.000000
12 0 16 0.725644
13 0 0 0.564631
14 0 13 0.929355
15 0 3 1.000000
16 0 18 0.342346
17 0 16 0.647486
18 0 2 0.136377
19 0 21 0.539338
20 0 5 0.009008
21 0 16 0.163951
0 1 15 1.000000
0 0 1 0.537338
1 1 3 1.000000
1 0 13 0.531734
2 0 6 0.257687
6 0 10 0.713509
21 0 18 0.531153
3 0 8 0.333129
3 1 21 1.000000
3 0 17 0.365915
5 1 14 0.300020
5 1 5 0.699980
6 0 15 0.060596
7 1 0 1.000000
7 0 18 0.638917
8 1 5 0.785542
8 1 11 0.214458
9 1 1 1.000000
9 0 5 0.770713
12 0 15 0.274356
13 0 9 0.435369
14 1 2 1.000000
14 0 7 0.070645
15 1 2 0.531496
15 1 14 0.468504
16 0 2 0.131465
16 1 5 1.000000
16 0 11 0.526189
17 0 20 0.352514
17 1 18 0.221091
17 1 17 0.778909
18 0 4 0.673939
18 1 15 1.000000
18 0 17 0.189684
19 0 13 0.201675
19 1 0 1.000000
19 0 2 0.258987
20 1 12 1.000000
20 0 4 0.990992
21 0 1 0.304896
21 1 16 1.000000
