61 23
0 0 10 0.437447
1 0 20 0.534511
2 0 7 0.945268
3 0 20 0.677254
4 0 18 1.000000
5 0 17 0.416777
6 0 4 1.000000
7 0 8 0.018895
8 0 18 0.407540
9 0 4 1.000000
10 0 12 1.000000
14 1 15 0.280653
12 0 17 0.766962
13 0 22 0.428656
14 0 10 0.306091
15 0 13 1.000000
16 0 22 1.000000
17 0 16 1.000000
18 0 12 0.162132
19 0 3 0.432992
20 0 17 1.000000
21 0 17 1.000000
22 0 7 0.514190
0 0 11 0.562553
0 1 4 0.449240
0 1 14 0.550760
1 0 5 0.465489
1 1 5 0.665716
1 1 21 0.334284
2 0 16 0.054732
3 0 9 0.322746
3 1 6 0.458062
3 1 21 0.541938
22 0 16 0.485809
19 0 22 0.567008
5 0 2 0.167913
5 1 0 1.000000
5 0 18 0.415310
6 1 13 0.536265
6 1 14 0.463735
7 0 19 0.981105
8 0 13 0.376260
8 1 21 1.000000
8 0 19 0.216199
9 1 16 0.508519
9 1 17 0.491481
18 0 10 0.431893
12 0 10 0.233038
13 1 1 1.000000
13 0 4 0.571344
14 0 1 0.203325
14 1 3 0.719347
14 0 20 0.490584
15 1 7 0.577459
15 1 19 0.422541
16 1 8 0.141784
16 1 14 0.858216
17 1 7 0.936151
17 1 11 0.063849
18 0 6 0.405975
18 1 4 1.000000
