64 23
22 0 1 0.336220
1 0 19 1.000000
2 0 22 1.000000
3 0 9 1.000000
4 0 19 0.821287
5 0 17 0.480307
6 0 15 0.592280
7 0 9 0.402213
8 0 21 0.401109
9 0 4 1.000000
10 0 14 0.492492
11 0 12 1.000000
12 0 7 1.000000
13 0 12 0.553963
14 0 7 0.437737
15 0 20 1.000000
16 0 18 1.000000
17 0 16 0.559888
18 0 2 0.392828
19 0 17 1.000000
22 1 1 1.000000
21 0 4 0.507994
22 0 11 0.572840
22 0 0 0.090940
1 1 19 0.497037
1 1 6 0.502963
4 1 11 1.000000
4 0 18 0.178713
5 0 18 0.061926
5 1 10 1.000000
5 0 8 0.457767
6 0 14 0.407720
6 1 1 0.592017
6 1 4 0.407983
7 0 8 0.479352
7 1 11 1.000000
7 0 15 0.118436
8 0 18 0.598891
9 1 7 0.635966
9 1 22 0.364034
10 0 6 0.507508
10 1 9 0.699614
10 1 5 0.300386
11 1 10 0.463853
11 1 6 0.536147
12 1 5 0.277363
12 1 4 0.722637
13 0 1 0.446037
14 0 22 0.131150
14 1 1 1.000000
14 0 16 0.431113
15 1 8 0.924123
15 1 6 0.075877
17 0 10 0.267093
17 1 21 1.000000
17 0 17 0.173019
18 0 15 0.254342
18 1 8 1.000000
18 0 16 0.352831
19 1 6 0.597539
19 1 5 0.402461
21 0 3 0.172585
21 0 18 0.319421
21 1 10 1.000000
