85 28
0 0 4 0.883835
1 0 25 0.470702
2 0 27 0.673948
3 0 10 0.486364
4 0 8 0.155398
5 0 7 0.314868
6 0 22 0.390647
7 0 10 0.377491
8 0 7 0.252313
9 0 23 1.000000
10 0 8 1.000000
11 0 22 1.000000
12 0 27 1.000000
13 0 9 0.421190
14 0 23 0.807311
15 0 11 0.045699
1 0 0 0.187924
17 0 20 1.000000
18 0 24 1.000000
19 0 26 1.000000
20 0 23 1.000000
21 0 11 0.753364
22 0 14 0.706206
23 0 20 1.000000
24 0 7 0.783601
25 0 1 1.000000
26 0 12 0.746934
27 0 18 0.228234
0 0 17 0.116165
1 0 4 0.301680
1 1 16 1.000000
1 0 1 0.039694
2 0 1 0.315825
2 1 7 1.000000
2 0 13 0.010227
3 0 23 0.064955
3 1 14 1.000000
3 0 14 0.448682
4 0 23 0.390664
4 1 26 1.000000
4 0 17 0.453939
5 0 12 0.361134
5 1 18 1.000000
5 0 6 0.323997
6 0 13 0.609353
7 0 8 0.020752
7 1 13 1.000000
7 0 3 0.077234
8 1 12 1.000000
8 0 4 0.747687
9 1 8 0.969935
9 1 14 0.030065
11 1 7 0.354322
11 1 5 0.645678
12 1 21 0.562200
12 1 20 0.437800
13 0 8 0.578810
13 1 2 0.430827
13 1 11 0.569173
14 0 6 0.192689
14 1 2 0.739995
14 1 13 0.260005
15 0 5 0.954301
16 1 20 1.000000
7 0 15 0.524524
18 1 26 0.404385
18 1 19 0.595615
27 0 11 0.440806
19 1 16 1.000000
27 1 19 1.000000
20 1 25 0.496456
20 1 26 0.503544
21 0 7 0.246636
21 1 11 0.531643
21 1 17 0.468357
22 0 27 0.293794
22 1 25 0.254490
22 1 13 0.745510
27 0 13 0.330960
23 1 2 1.000000
26 0 17 0.253066
24 0 20 0.216399
24 1 12 0.121850
24 1 5 0.878150
26 1 17 1.000000
