37 13
0 0 9 0.669444
1 0 7 0.270283
2 0 0 0.382619
12 0 8 0.874752
4 0 1 0.713803
5 0 12 1.000000
6 0 8 0.197120
7 0 9 0.783978
8 0 3 0.445263
9 0 10 0.128151
10 0 5 0.493840
12 1 9 1.000000
12 0 5 0.125248
0 1 10 1.000000
0 0 4 0.330556
1 0 8 0.729717
2 0 8 0.617381
11 0 12 0.393889
4 0 0 0.286197
11 1 3 1.000000
11 0 5 0.606111
5 1 8 0.426656
5 1 11 0.573344
6 1 8 1.000000
6 0 3 0.802880
7 0 7 0.216022
7 1 0 0.754392
7 1 4 0.245608
8 0 4 0.554737
8 1 1 0.117087
8 1 12 0.882913
9 0 2 0.290095
9 1 6 1.000000
9 0 11 0.581754
10 0 2 0.506160
10 1 10 0.576490
10 1 7 0.423510
