37 14
0 0 8 1.000000
1 0 2 0.450723
2 0 3 0.439269
3 0 4 0.451316
4 0 9 1.000000
5 0 1 1.000000
6 0 4 0.996954
7 0 8 1.000000
8 0 11 0.412732
9 0 8 1.000000
10 0 4 0.420972
11 0 13 0.643253
12 0 5 1.000000
13 0 12 1.000000
0 1 5 0.418319
0 1 4 0.581681
1 0 3 0.549277
2 1 13 1.000000
2 0 1 0.560731
3 1 3 1.000000
3 0 1 0.548684
4 1 4 0.518122
4 1 12 0.481878
6 1 8 1.000000
6 0 3 0.003046
8 0 10 0.050250
13 1 8 0.570579
8 0 8 0.537018
9 1 7 0.198848
9 1 13 0.801152
10 0 7 0.186549
10 1 0 1.000000
10 0 0 0.392479
11 0 7 0.208126
11 1 4 1.000000
11 0 2 0.148621
13 1 6 0.429421
