43 15
0 0 6 0.433589
1 0 0 0.053332
2 0 4 0.127565
3 0 8 0.300244
4 0 1 0.307748
5 0 3 0.320372
6 0 4 1.000000
7 0 6 0.428511
8 0 13 1.000000
9 0 11 0.087104
10 0 5 1.000000
11 0 5 1.000000
12 0 10 0.382810
13 0 6 1.000000
14 0 11 1.000000
0 0 10 0.566411
1 0 5 0.946668
2 0 2 0.872435
3 0 9 0.628272
3 1 1 1.000000
3 0 2 0.071485
4 1 11 1.000000
4 0 6 0.692252
5 0 12 0.301995
5 1 10 1.000000
5 0 11 0.377633
6 1 14 0.497729
6 1 7 0.502271
7 0 12 0.571489
7 1 5 0.187458
7 1 13 0.812542
8 1 4 0.817603
8 1 0 0.182397
9 0 12 0.912896
10 1 4 0.935418
10 1 10 0.064582
11 1 0 0.633021
11 1 5 0.366979
12 0 12 0.617190
12 1 9 0.757551
12 1 11 0.242449
13 1 14 0.904678
13 1 8 0.095322
