71 24
0 0 7 0.429490
1 0 23 0.497747
2 0 4 1.000000
3 0 21 0.531350
4 0 1 0.429700
5 0 1 1.000000
6 0 7 0.175006
7 0 13 1.000000
8 0 23 0.298315
9 0 23 1.000000
10 0 1 0.168463
11 0 12 1.000000
12 0 21 1.000000
13 0 15 0.367563
14 0 9 0.062013
15 0 20 1.000000
16 0 4 0.948089
17 0 10 0.445802
18 0 19 0.460565
19 0 13 1.000000
20 0 22 0.517869
21 0 5 1.000000
22 0 1 0.318573
17 0 0 0.177441
0 0 2 0.570510
0 1 7 0.543752
0 1 3 0.456248
1 0 2 0.502253
1 1 8 0.538078
1 1 2 0.461922
2 1 5 0.655219
2 1 10 0.344781
3 0 8 0.468650
4 0 6 0.570300
5 1 22 0.846803
5 1 4 0.153197
6 1 17 1.000000
6 0 5 0.824994
8 0 21 0.348174
8 1 2 1.000000
8 0 6 0.353511
9 1 14 0.965005
9 1 15 0.034995
10 0 9 0.217318
10 1 11 1.000000
10 0 7 0.614219
11 1 2 0.503208
11 1 18 0.496792
12 1 1 0.856632
12 1 3 0.143368
13 0 7 0.198416
13 1 22 1.000000
13 0 18 0.434021
14 0 20 0.249481
14 1 23 1.000000
14 0 14 0.688506
15 1 10 0.315071
15 1 14 0.684929
16 1 22 1.000000
16 0 17 0.051911
17 0 9 0.376757
17 1 3 0.307671
17 1 12 0.692329
18 0 12 0.539435
19 1 18 0.703702
19 1 3 0.296298
20 1 13 1.000000
20 0 1 0.482131
21 1 19 0.722901
21 1 22 0.277099
22 0 16 0.681427
