56 20
0 0 9 0.702990
1 0 5 0.268765
2 0 13 0.611162
3 0 4 1.000000
4 0 5 0.676453
5 0 17 0.274882
6 0 11 1.000000
7 0 9 0.335510
8 0 1 0.386052
9 0 16 1.000000
10 0 8 1.000000
11 0 2 0.848603
12 0 19 0.486068
13 0 18 1.000000
14 0 11 1.000000
15 0 8 0.217804
16 0 0 0.650608
17 0 16 1.000000
18 0 0 0.530968
19 0 15 0.313032
0 1 0 1.000000
0 0 7 0.297010
1 0 4 0.392144
1 1 19 1.000000
1 0 16 0.339091
2 0 11 0.388838
4 1 0 1.000000
4 0 14 0.323547
5 1 19 1.000000
5 0 5 0.725118
6 1 11 0.765318
6 1 7 0.234682
7 0 18 0.664490
8 0 13 0.613948
11 1 10 1.000000
11 0 15 0.151397
12 1 4 1.000000
12 0 11 0.513932
13 1 2 0.462013
13 1 1 0.537987
14 1 16 0.283529
14 1 12 0.716471
15 0 5 0.337590
15 1 10 1.000000
15 0 12 0.444606
16 0 19 0.153786
16 1 1 1.000000
16 0 3 0.195605
17 1 8 0.055189
17 1 2 0.944811
18 1 11 1.000000
18 0 5 0.469032
19 0 8 0.686968
19 1 19 0.341778
19 1 8 0.263556
19 1 6 0.394666
