63 22
0 0 3 0.562636
1 0 17 0.407443
2 0 21 0.472778
3 0 4 1.000000
4 0 12 0.013209
5 0 4 0.553291
6 0 3 0.680028
7 0 9 0.554960
8 0 11 0.998658
9 0 18 0.630553
10 0 17 0.696040
11 0 10 0.511142
12 0 4 1.000000
13 0 16 0.597102
20 0 15 0.167889
15 0 6 0.324484
16 0 19 0.604807
17 0 16 1.000000
18 0 1 0.957676
19 0 9 0.224829
20 0 10 0.494749
21 0 4 1.000000
0 0 12 0.437364
0 1 21 0.506100
0 1 3 0.061577
1 0 4 0.436380
2 0 4 0.527222
2 1 3 0.341024
2 1 16 0.658976
4 0 21 0.279839
4 1 20 1.000000
4 0 8 0.706951
5 1 1 1.000000
5 0 17 0.446709
6 0 10 0.198931
6 1 6 1.000000
6 0 0 0.121042
8 1 2 1.000000
8 0 17 0.001342
9 0 19 0.369447
10 0 4 0.303960
11 0 11 0.488858
11 1 21 0.879089
11 1 8 0.120911
13 0 0 0.402898
13 1 16 0.414548
13 1 1 0.585452
14 0 15 1.000000
14 1 9 1.000000
0 1 14 0.432323
15 0 4 0.407408
15 1 10 1.000000
15 0 19 0.268108
16 0 10 0.395193
16 1 7 0.295020
16 1 2 0.704980
18 1 16 1.000000
18 0 13 0.042324
19 0 10 0.775171
20 1 12 1.000000
20 0 20 0.337362
1 0 6 0.156176
7 0 5 0.445040
