35 13
0 0 12 0.385665
1 0 8 0.310581
2 0 8 0.879667
11 0 9 0.866278
4 0 5 1.000000
5 0 2 1.000000
6 0 11 0.785467
7 0 3 0.464515
8 0 12 0.274001
9 0 7 0.569805
10 0 1 0.030664
11 0 4 0.133722
12 0 2 1.000000
0 0 1 0.614335
0 1 6 0.938632
0 1 3 0.061368
1 0 3 0.301587
1 1 10 1.000000
1 0 5 0.387832
2 0 3 0.120333
11 1 3 1.000000
3 1 5 0.665967
3 1 3 0.334033
6 0 7 0.214533
7 0 2 0.535485
7 1 11 0.581965
7 1 3 0.418035
8 0 0 0.495090
8 1 2 1.000000
8 0 6 0.230910
9 1 5 1.000000
9 0 9 0.430195
10 0 9 0.969336
10 1 1 0.607141
10 1 8 0.392859
