41 13
0 0 8 1.000000
12 1 9 0.372432
2 0 12 0.143589
3 0 10 1.000000
4 0 6 0.288626
5 0 10 0.263587
6 0 0 0.591126
7 0 9 0.499935
8 0 12 0.027901
9 0 5 0.683877
10 0 6 1.000000
11 0 8 0.268853
12 0 11 0.993937
0 1 11 0.544065
0 1 5 0.455935
1 1 4 1.000000
12 1 10 0.627568
2 1 10 1.000000
2 0 0 0.856411
3 1 5 0.329076
3 1 3 0.670924
4 0 5 0.711374
4 1 2 0.311131
4 1 6 0.688869
5 0 2 0.736413
5 1 5 0.448021
5 1 8 0.551979
6 0 12 0.389327
6 1 8 1.000000
6 0 8 0.019547
7 0 2 0.500065
7 1 0 0.586855
7 1 3 0.413145
8 0 0 0.275280
8 1 7 1.000000
8 0 11 0.696819
9 0 3 0.316123
11 0 1 0.327321
11 1 12 1.000000
11 0 6 0.403826
12 0 3 0.006063
