76 26
0 0 12 0.493872
1 0 7 1.000000
2 0 17 0.199228
3 0 17 0.460204
4 0 12 0.665771
5 0 2 0.521130
6 0 22 1.000000
7 0 10 0.182144
8 0 14 0.092415
9 0 4 1.000000
10 0 24 1.000000
11 0 23 0.473283
12 0 11 0.805655
13 0 22 0.478925
14 0 5 0.693310
15 0 6 0.301137
16 0 7 1.000000
17 0 10 0.437955
18 0 4 1.000000
19 0 22 0.373792
20 0 18 0.419870
21 0 24 0.524325
22 0 4 1.000000
23 0 21 1.000000
25 0 3 0.380585
25 0 0 0.481458
0 0 19 0.271627
0 1 25 1.000000
0 0 17 0.234502
1 1 7 0.591676
1 1 11 0.408324
2 0 14 0.400567
2 1 13 1.000000
2 0 9 0.400205
3 1 5 1.000000
3 0 2 0.539796
4 1 9 1.000000
4 0 22 0.334229
5 1 15 1.000000
5 0 5 0.478870
7 0 24 0.817856
8 0 8 0.657534
8 1 0 1.000000
8 0 1 0.250051
25 1 4 1.000000
25 0 15 0.137957
10 1 19 0.589447
10 1 3 0.410553
11 0 16 0.526717
12 0 6 0.194345
13 0 17 0.255141
13 1 17 1.000000
13 0 3 0.265934
14 1 20 1.000000
14 0 0 0.306690
15 0 14 0.274889
15 1 22 1.000000
15 0 8 0.423973
16 1 5 0.023787
16 1 11 0.976213
17 1 19 1.000000
17 0 19 0.562045
18 1 20 0.450527
18 1 5 0.549473
19 0 21 0.626208
19 1 8 0.381634
19 1 25 0.618366
20 0 5 0.580130
20 1 14 0.869980
20 1 22 0.130020
21 0 18 0.045689
21 1 1 1.000000
21 0 25 0.429986
23 1 13 0.620177
23 1 17 0.379823
24 1 4 1.000000
