63 24
0 0 18 1.000000
1 0 8 0.457269
2 0 7 0.805643
3 0 14 0.712492
4 0 22 1.000000
5 0 17 0.563025
6 0 12 0.009489
7 0 4 0.469744
8 0 23 0.952269
9 0 1 0.089757
10 0 19 0.761741
11 0 0 0.991473
12 0 13 0.694281
12 0 16 0.120959
14 0 22 0.530492
15 0 19 0.395315
16 0 10 0.551276
17 0 8 1.000000
18 0 9 0.482513
19 0 21 1.000000
20 0 6 0.622468
21 0 10 0.942771
15 0 11 0.408860
23 0 15 1.000000
1 0 15 0.542731
2 0 16 0.152268
2 1 8 1.000000
2 0 2 0.042090
3 0 3 0.287508
5 0 7 0.436975
5 1 13 0.303562
5 1 22 0.696438
6 1 22 1.000000
6 0 0 0.990511
7 1 5 1.000000
7 0 0 0.530256
9 0 8 0.448613
9 1 19 1.000000
9 0 7 0.461630
11 0 13 0.008527
11 1 12 0.532677
11 1 10 0.467323
12 0 9 0.184760
13 0 0 1.000000
13 1 14 1.000000
10 0 3 0.238259
14 0 14 0.372493
14 1 21 1.000000
14 0 6 0.097015
15 0 22 0.195825
15 1 20 0.610779
15 1 5 0.389221
16 1 6 1.000000
16 0 8 0.448724
18 0 19 0.517487
20 1 6 1.000000
20 0 19 0.377532
21 0 15 0.057229
22 0 14 1.000000
22 1 15 1.000000
8 0 2 0.047731
23 1 4 0.635181
23 1 6 0.364819
