40 15
0 0 3 0.384385
1 0 5 0.853664
2 0 7 1.000000
3 0 13 0.070685
4 0 6 0.996919
5 0 14 0.546546
6 0 14 1.000000
7 0 4 0.946712
8 0 9 0.502537
14 1 10 0.846188
10 0 6 0.657287
11 0 8 0.161052
12 0 13 0.307373
13 0 6 0.622324
14 0 4 0.377932
0 0 14 0.615615
1 1 0 1.000000
1 0 2 0.146336
3 0 1 0.434647
3 1 1 1.000000
3 0 0 0.494668
4 0 9 0.003081
4 1 6 0.448159
4 1 14 0.551841
5 0 9 0.453454
7 0 2 0.053288
8 0 3 0.497463
14 1 7 0.153812
14 0 0 0.622068
9 0 12 1.000000
9 1 3 1.000000
13 1 14 0.680261
10 1 9 1.000000
10 0 3 0.342713
11 0 4 0.838948
11 1 6 0.356258
11 1 11 0.643742
12 0 11 0.692627
13 1 14 0.319739
13 0 3 0.377676
