34 13
0 0 9 0.775754
1 0 5 1.000000
2 0 3 1.000000
3 0 9 0.345777
4 0 2 0.186538
5 0 6 0.468185
6 0 5 1.000000
7 0 3 1.000000
8 0 10 0.401465
9 0 4 0.021907
4 0 12 0.419120
11 0 0 0.962547
12 0 3 0.293722
0 0 4 0.224246
1 1 8 0.546803
1 1 4 0.453197
3 0 8 0.641753
3 1 7 1.000000
3 0 11 0.012470
4 0 9 0.394342
4 1 6 0.962301
4 1 11 0.037699
5 0 8 0.531815
8 0 3 0.354707
8 1 9 1.000000
8 0 8 0.243828
9 0 8 0.389622
9 1 1 1.000000
9 0 10 0.588471
12 1 1 0.268077
11 1 3 1.000000
11 0 3 0.037453
12 0 6 0.706278
12 1 7 0.731923
