60 20
0 0 7 0.485502
1 0 15 0.317765
2 0 17 1.000000
3 0 10 0.882774
4 0 0 0.497267
5 0 17 0.503295
6 0 18 0.026673
7 0 17 1.000000
8 0 7 1.000000
9 0 14 0.150480
10 0 11 0.810895
11 0 1 0.367926
12 0 17 1.000000
13 0 17 0.351289
14 0 17 0.633132
15 0 11 0.010083
16 0 12 1.000000
17 0 0 0.500416
18 0 12 1.000000
19 0 11 0.877936
0 1 10 1.000000
0 0 19 0.514498
1 0 6 0.682235
11 0 8 0.253230
9 1 4 0.573618
3 1 3 1.000000
3 0 14 0.117226
4 1 0 1.000000
4 0 13 0.502733
5 1 0 1.000000
5 0 15 0.496705
6 0 15 0.244289
6 1 2 1.000000
6 0 1 0.729038
7 1 14 0.170476
7 1 17 0.829524
8 1 8 0.675939
8 1 17 0.324061
9 0 17 0.306907
9 1 18 0.426382
9 0 12 0.542613
10 0 18 0.189105
11 1 13 1.000000
11 0 16 0.303751
13 1 10 1.000000
13 0 5 0.648711
14 1 19 1.000000
14 0 19 0.366868
15 0 12 0.989917
15 1 16 0.200699
15 1 5 0.799301
17 0 9 0.499584
17 1 15 0.498926
17 1 18 0.501074
18 1 7 0.127076
18 1 5 0.872924
19 0 9 0.122064
19 1 9 0.977945
19 1 11 0.022055
11 0 3 0.075094
