58 23
0 0 19 0.262671
1 0 3 0.233706
2 0 16 0.453800
3 0 12 1.000000
4 0 14 1.000000
5 0 14 1.000000
6 0 8 0.504530
7 0 12 1.000000
8 0 9 1.000000
9 0 13 1.000000
10 0 7 0.980818
11 0 17 0.966639
12 0 20 0.312388
13 0 20 1.000000
14 0 3 0.176634
15 0 3 0.746534
16 0 11 1.000000
17 0 20 0.371940
18 0 21 0.146417
19 0 20 1.000000
20 0 2 0.685417
21 0 1 1.000000
22 0 7 0.834681
0 1 14 1.000000
0 0 2 0.737329
1 0 19 0.319250
1 1 1 1.000000
1 0 9 0.447044
17 1 5 0.142158
2 1 22 1.000000
2 0 0 0.546200
4 1 21 0.431811
4 1 1 0.568189
5 1 16 0.564312
5 1 9 0.435688
6 1 2 1.000000
6 0 11 0.495470
10 0 14 0.019182
10 1 15 0.218376
10 1 12 0.781624
11 0 10 0.033361
12 0 22 0.156743
12 1 14 1.000000
12 0 10 0.530870
14 1 6 1.000000
14 0 21 0.823366
15 0 8 0.253466
17 0 13 0.628060
17 1 13 0.402944
17 1 8 0.454898
18 0 2 0.853583
19 1 0 0.752517
19 1 2 0.247483
20 0 6 0.314583
20 1 19 0.262648
20 1 21 0.737352
22 1 4 1.000000
22 0 12 0.165319
