40 14
0 0 12 0.547408
1 0 11 1.000000
2 0 8 0.197555
3 0 5 1.000000
4 0 5 1.000000
5 0 6 0.648612
6 0 0 0.070819
7 0 3 1.000000
8 0 9 1.000000
9 0 3 0.831044
10 0 1 0.219023
11 0 5 0.570172
12 0 4 1.000000
4 1 13 0.339453
0 0 0 0.452592
0 1 12 0.180866
0 1 4 0.819134
2 0 7 0.512702
2 1 6 1.000000
2 0 4 0.289743
13 0 11 1.000000
3 1 4 1.000000
12 1 8 0.785823
4 1 0 0.513089
4 1 11 0.147458
5 0 9 0.351388
5 1 0 0.014370
5 1 12 0.985630
6 1 9 1.000000
6 0 1 0.929181
7 1 0 0.646587
7 1 10 0.353413
12 1 7 0.214178
11 0 10 0.209072
9 1 6 1.000000
9 0 11 0.168956
10 1 6 1.000000
10 0 0 0.780977
11 0 2 0.220755
11 1 3 1.000000
