42 14
0 0 5 0.176003
1 0 10 0.753406
2 0 13 0.261461
3 0 10 1.000000
4 0 6 0.426964
13 0 6 0.374625
6 0 10 0.455298
7 0 3 1.000000
8 0 5 0.413733
9 0 5 0.798511
10 0 1 0.410525
11 0 10 0.879349
12 0 3 0.892698
13 0 8 0.625375
0 0 12 0.659657
0 1 7 1.000000
0 0 7 0.164340
1 1 9 1.000000
1 0 11 0.246594
2 0 4 0.186232
2 1 3 1.000000
2 0 2 0.552307
3 1 5 0.119836
3 1 4 0.880164
4 0 8 0.259769
4 1 10 1.000000
4 0 7 0.313266
5 1 7 1.000000
12 0 6 0.107302
6 0 13 0.544702
6 1 0 0.687335
6 1 2 0.312665
8 0 1 0.240852
8 1 12 1.000000
8 0 8 0.345416
9 0 3 0.201489
10 1 1 1.000000
10 0 9 0.589475
11 0 5 0.120651
11 1 4 0.830833
11 1 13 0.169167
12 1 7 1.000000
