57 22
0 0 4 1.000000
1 0 11 0.366591
2 0 3 1.000000
3 0 10 0.600423
4 0 12 0.608088
5 0 7 0.451334
6 0 8 1.000000
7 0 13 0.185062
8 0 5 0.262672
4 0 18 0.391912
10 0 16 0.514923
16 1 6 0.597783
12 0 7 0.760705
13 0 16 1.000000
14 0 7 1.000000
15 0 3 0.959489
16 0 20 0.035374
17 0 13 0.399528
18 0 9 0.384506
19 0 14 1.000000
20 0 7 1.000000
21 0 7 1.000000
0 1 1 0.339413
0 1 15 0.660587
1 0 14 0.353597
1 1 15 1.000000
1 0 2 0.279812
3 0 13 0.399577
5 0 21 0.548666
7 0 16 0.814938
7 1 1 0.971139
7 1 0 0.028861
8 0 19 0.737328
9 1 10 1.000000
21 1 14 0.798894
10 0 17 0.485077
10 1 3 0.389534
10 1 8 0.610466
11 0 19 1.000000
11 1 2 1.000000
21 1 4 0.201106
12 0 0 0.239295
12 1 19 0.130788
12 1 3 0.869212
14 1 9 0.283189
14 1 2 0.716811
15 0 10 0.040511
15 1 15 0.725497
15 1 16 0.274503
16 1 1 0.402217
16 0 19 0.964626
17 0 2 0.600472
18 0 8 0.615494
19 1 8 0.732109
19 1 0 0.267891
20 1 8 0.744453
20 1 3 0.255547
