37 13
0 0 6 0.915884
1 0 8 1.000000
2 0 1 1.000000
0 0 7 0.072462
4 0 0 1.000000
5 0 8 0.453835
6 0 12 1.000000
7 0 2 0.579596
8 0 1 0.264130
9 0 3 0.641237
10 0 8 0.202313
12 0 2 0.170638
12 0 5 0.829362
0 0 8 0.011654
0 1 2 0.642396
0 1 4 0.357604
1 1 2 0.595344
1 1 0 0.404656
2 1 2 0.421119
2 1 9 0.578881
3 0 0 1.000000
3 1 9 1.000000
11 0 3 1.000000
4 1 9 0.169932
4 1 1 0.830068
5 0 11 0.546165
5 1 9 0.178213
5 1 10 0.821787
7 1 3 1.000000
7 0 7 0.420404
8 0 5 0.735870
8 1 5 0.167204
8 1 10 0.832796
9 0 8 0.358763
10 1 8 1.000000
10 0 3 0.797687
11 1 6 1.000000
