62 20
0 0 5 1.000000
1 0 14 1.000000
2 0 16 0.986973
3 0 5 0.557843
4 0 5 0.205124
5 0 0 0.235979
6 0 7 0.427447
7 0 0 0.590487
8 0 4 0.713114
9 0 6 0.238905
10 0 17 1.000000
11 0 9 1.000000
12 0 2 0.398895
13 0 7 1.000000
14 0 18 1.000000
15 0 12 0.370446
16 0 8 1.000000
17 0 2 0.536696
18 0 2 0.424553
19 0 4 0.335312
0 1 7 0.592720
0 1 14 0.407280
1 1 5 0.160474
1 1 13 0.839526
2 1 2 1.000000
2 0 6 0.013027
3 0 18 0.442157
4 1 11 1.000000
4 0 14 0.039643
5 1 14 1.000000
5 0 6 0.764021
6 0 0 0.383788
6 1 9 1.000000
6 0 12 0.188765
7 0 5 0.409513
8 1 8 1.000000
8 0 0 0.013050
9 1 14 0.582704
9 1 9 0.417296
11 1 12 0.821570
11 1 7 0.178430
12 1 5 1.000000
12 0 6 0.601105
13 1 6 0.516154
13 1 2 0.483846
14 1 17 0.408144
14 1 7 0.591856
15 0 14 0.362867
16 1 12 0.450060
16 1 11 0.549940
17 0 9 0.463304
18 0 16 0.309715
18 1 15 1.000000
18 0 0 0.265732
19 0 8 0.501619
19 1 14 1.000000
19 0 19 0.163069
9 0 1 0.241193
8 0 3 0.273836
4 0 10 0.755233
15 0 13 0.266687
9 0 19 0.519902
