83 27
0 0 3 1.000000
1 0 25 0.396102
2 0 21 0.388788
3 0 16 0.367353
4 0 6 0.286582
5 0 11 1.000000
6 0 5 0.629558
7 0 5 0.488025
8 0 22 1.000000
9 0 25 0.799443
10 0 7 1.000000
11 0 9 1.000000
12 0 26 1.000000
13 0 16 0.332601
14 0 4 0.227718
15 0 10 0.297274
16 0 3 0.082728
17 0 15 0.601487
18 0 12 0.835673
19 0 0 0.358679
20 0 8 0.799077
21 0 25 0.476169
22 0 21 1.000000
23 0 2 0.547390
24 0 8 0.046001
25 0 0 1.000000
26 0 13 0.388373
0 1 15 0.279061
0 1 12 0.720939
1 1 24 1.000000
1 0 22 0.603898
2 1 14 1.000000
2 0 6 0.611212
3 1 19 1.000000
3 0 5 0.432304
4 0 24 0.713418
4 1 24 0.542113
4 1 13 0.457887
6 0 8 0.370442
7 0 14 0.492025
7 1 23 1.000000
7 0 20 0.019950
8 1 6 0.433993
8 1 8 0.566007
9 0 9 0.200557
24 0 17 0.120646
3 0 1 0.200342
12 1 11 0.390618
12 1 15 0.609382
13 0 0 0.414622
13 1 15 1.000000
13 0 8 0.252776
14 0 26 0.233818
14 1 4 1.000000
14 0 18 0.538463
15 1 7 1.000000
15 0 14 0.702726
16 0 4 0.917272
17 0 22 0.398513
17 1 20 0.313487
17 1 22 0.686513
18 0 21 0.164327
19 0 8 0.641321
19 1 19 0.548686
19 1 10 0.451314
20 0 18 0.200923
20 1 18 0.557112
20 1 15 0.442888
21 0 24 0.523831
21 1 22 0.489335
21 1 9 0.510665
22 1 13 0.388088
22 1 19 0.611912
23 0 25 0.452610
23 1 18 0.393259
23 1 26 0.606741
24 0 7 0.499702
24 1 21 1.000000
24 0 24 0.333652
25 1 26 0.384601
25 1 9 0.615399
26 1 24 1.000000
26 0 23 0.611627
