65 24
0 0 12 0.237250
1 0 22 0.625099
2 0 12 0.628712
3 0 21 1.000000
4 0 11 1.000000
5 0 9 0.425696
6 0 3 0.280025
7 0 22 1.000000
8 0 12 0.491927
9 0 17 0.375872
23 0 10 0.764363
11 0 3 1.000000
12 0 11 0.098994
13 0 6 1.000000
14 0 16 0.380891
15 0 1 0.626819
16 0 4 0.227896
17 0 9 0.196157
18 0 11 0.516911
19 0 5 0.001764
20 0 23 0.558515
21 0 23 1.000000
22 0 18 1.000000
23 0 8 0.235637
0 0 4 0.762750
0 1 23 0.558391
0 1 17 0.441609
1 0 17 0.374901
2 1 18 1.000000
2 0 5 0.371288
5 0 13 0.072846
5 1 2 1.000000
5 0 15 0.501458
6 0 5 0.719975
8 0 18 0.508073
9 0 5 0.465596
9 1 19 1.000000
9 0 10 0.158531
23 1 18 1.000000
12 0 17 0.901006
14 0 4 0.504833
14 1 11 1.000000
14 0 11 0.114277
15 0 12 0.373181
15 1 22 0.461335
15 1 14 0.538665
16 0 12 0.256585
16 1 6 1.000000
16 0 7 0.515519
17 0 10 0.391862
17 1 2 1.000000
17 0 23 0.411980
18 0 10 0.483089
18 1 0 0.381520
18 1 5 0.618480
19 0 9 0.350849
19 1 20 1.000000
19 0 0 0.647387
20 0 19 0.379484
20 1 22 1.000000
20 0 5 0.062001
21 1 9 0.470268
21 1 18 0.529732
22 1 9 0.372707
22 1 3 0.627293
