35 14
0 0 10 0.436973
1 0 2 0.313519
4 0 1 0.679742
3 0 13 0.031569
4 0 6 0.320258
5 0 10 0.106048
6 0 3 0.792299
13 0 11 0.238940
13 1 5 1.000000
9 0 12 0.329144
10 0 2 1.000000
11 0 12 0.540242
12 0 5 0.513363
13 0 3 0.437469
0 0 12 0.101218
0 1 3 1.000000
0 0 4 0.461810
1 0 4 0.288986
1 1 4 1.000000
1 0 9 0.397495
2 1 3 1.000000
13 0 9 0.323591
3 1 10 1.000000
3 0 12 0.968431
4 1 12 0.384499
4 1 0 0.615501
5 1 5 1.000000
5 0 8 0.893952
6 0 8 0.207701
12 0 12 0.486637
12 1 5 1.000000
8 1 4 1.000000
11 0 0 0.459758
9 0 10 0.670856
11 1 13 1.000000
