45 16
10 0 12 0.148240
1 0 8 0.465380
2 0 13 1.000000
3 0 0 0.246833
4 0 15 1.000000
5 0 7 1.000000
6 0 5 1.000000
7 0 0 0.190323
8 0 3 0.371887
9 0 1 0.669719
10 0 6 0.851760
11 0 9 0.196287
12 0 5 0.335153
3 0 10 0.394337
14 0 5 0.987158
15 0 13 1.000000
11 0 2 0.729687
0 1 15 1.000000
0 0 5 1.000000
1 1 14 1.000000
1 0 11 0.534620
2 1 15 0.809056
2 1 9 0.190944
3 0 1 0.358831
3 1 11 0.620879
3 1 3 0.379121
4 1 3 0.374983
4 1 15 0.625017
14 1 14 0.701973
6 1 7 1.000000
14 1 6 0.298027
7 1 6 1.000000
7 0 8 0.809677
8 0 7 0.226597
8 1 11 1.000000
8 0 6 0.401516
9 0 3 0.330281
9 1 1 0.444353
9 1 6 0.555647
11 0 3 0.074026
11 1 11 0.737896
11 1 0 0.262104
12 0 10 0.664847
13 1 4 1.000000
14 0 6 0.012842
