41 13
0 0 8 0.480371
1 0 0 0.573106
2 0 11 0.182350
12 1 4 0.478999
4 0 10 1.000000
5 0 7 0.365685
6 0 9 0.813922
7 0 8 1.000000
8 0 10 1.000000
9 0 8 0.190737
10 0 1 0.688121
11 0 0 0.564916
12 0 11 1.000000
0 0 6 0.519629
0 1 2 0.270847
0 1 0 0.729153
1 0 7 0.426894
1 1 10 0.328857
1 1 11 0.671143
2 0 6 0.817650
3 0 8 1.000000
3 1 9 1.000000
12 1 8 0.521001
4 1 4 0.467237
4 1 10 0.532763
5 0 11 0.634315
5 1 5 0.471791
5 1 6 0.528208
6 1 5 1.000000
6 0 5 0.186078
7 1 3 0.580822
7 1 8 0.419178
9 0 6 0.466358
9 1 11 1.000000
9 0 0 0.342905
10 0 9 0.311879
10 1 5 0.677652
10 1 4 0.322348
11 0 6 0.435084
11 1 8 0.462799
11 1 6 0.537201
