86 26
0 0 15 0.449996
1 0 13 0.385970
2 0 24 0.443030
3 0 24 0.536579
4 0 2 0.613525
5 0 4 0.376019
6 0 13 0.210425
7 0 19 1.000000
8 0 16 0.001822
9 0 8 0.132683
10 0 4 0.033756
11 0 5 0.596208
12 0 0 0.426892
13 0 9 0.271473
14 0 8 0.237277
15 0 5 1.000000
16 0 7 0.251136
17 0 4 0.370644
18 0 20 1.000000
19 0 13 1.000000
20 0 5 0.162855
21 0 10 1.000000
22 0 15 0.453194
23 0 11 0.050496
24 0 17 0.329079
25 0 16 0.675216
0 0 9 0.001597
0 1 6 1.000000
0 0 3 0.548407
1 0 0 0.519926
1 1 9 1.000000
1 0 8 0.094104
2 0 6 0.059392
2 1 1 1.000000
2 0 9 0.497578
3 0 7 0.463421
3 1 25 0.560866
3 1 8 0.439134
4 1 7 1.000000
4 0 5 0.386475
5 0 7 0.140854
5 1 12 1.000000
5 0 10 0.483127
6 0 18 0.445370
6 1 22 1.000000
6 0 10 0.344205
7 1 25 0.251743
7 1 24 0.748257
8 0 4 0.607980
8 1 6 1.000000
8 0 7 0.390198
9 0 1 0.867317
10 0 0 0.915857
10 1 16 1.000000
10 0 13 0.050387
11 0 1 0.403792
12 0 17 0.496587
12 1 23 1.000000
12 0 2 0.076521
13 0 5 0.728527
13 1 9 0.503276
13 1 1 0.496724
14 0 4 0.335270
14 1 1 1.000000
14 0 18 0.427453
15 1 15 0.549667
15 1 4 0.450333
16 0 1 0.472152
16 1 24 1.000000
16 0 12 0.276711
17 1 8 1.000000
17 0 7 0.519914
18 1 25 0.509678
18 1 0 0.490322
20 0 7 0.837145
21 1 19 0.801525
21 1 24 0.198475
22 0 9 0.546807
23 0 5 0.949504
23 1 22 0.526898
23 1 12 0.473102
24 0 15 0.390457
24 1 14 1.000000
24 0 12 0.280464
25 0 14 0.324784
17 0 21 0.109442
