54 18
0 0 6 1.000000
1 0 6 0.385761
2 0 3 0.465281
3 0 10 1.000000
4 0 15 0.469706
5 0 11 0.469410
6 0 3 0.707770
7 0 4 0.261898
8 0 12 0.898194
9 0 7 0.142670
10 0 13 0.013160
11 0 8 1.000000
12 0 4 1.000000
13 0 0 0.477534
14 0 10 0.709773
15 0 16 1.000000
16 0 7 1.000000
17 0 8 0.734502
10 1 2 0.103044
0 1 13 1.000000
17 0 11 0.043493
1 0 13 0.036085
1 1 7 1.000000
1 0 15 0.578154
2 1 8 1.000000
2 0 16 0.534719
4 0 6 0.530294
4 1 17 0.811125
4 1 4 0.188875
5 0 8 0.530590
6 0 17 0.292230
6 1 6 0.021626
6 1 14 0.978374
7 1 4 1.000000
7 0 1 0.738102
8 1 9 1.000000
8 0 9 0.101806
9 0 15 0.857330
9 1 14 0.341353
9 1 7 0.658647
10 0 5 0.986840
10 1 7 0.194049
10 1 16 0.702907
11 1 11 0.591320
11 1 17 0.408681
13 1 16 1.000000
13 0 12 0.522466
14 0 11 0.290227
14 1 0 0.323026
14 1 9 0.676974
16 1 13 0.182835
16 1 12 0.817165
17 0 7 0.222005
17 1 6 1.000000
