62 22
0 0 15 0.669008
1 0 13 1.000000
2 0 5 1.000000
3 0 8 1.000000
4 0 13 0.605743
5 0 13 0.375923
6 0 16 0.099244
7 0 3 0.967882
8 0 11 0.486985
9 0 3 0.789758
10 0 16 0.590177
11 0 5 1.000000
12 0 11 1.000000
13 0 10 0.250869
14 0 8 0.200848
15 0 2 1.000000
16 0 10 0.444640
17 0 9 0.711173
18 0 19 0.499092
19 0 6 0.274116
19 0 21 0.643075
21 0 4 0.811079
0 0 6 0.330992
2 1 6 0.293273
2 1 16 0.187631
3 1 10 0.475002
3 1 17 0.136763
4 1 12 1.000000
4 0 0 0.394257
5 0 11 0.624077
5 1 1 0.221966
5 1 11 0.778034
6 0 0 0.900756
7 0 17 0.032119
7 1 4 0.095333
7 1 1 0.172528
8 0 15 0.513015
9 0 19 0.210242
9 1 4 0.420472
9 1 6 0.579528
10 0 13 0.409823
13 0 17 0.712227
13 1 2 1.000000
13 0 12 0.036904
14 0 12 0.799152
16 0 9 0.555360
16 1 15 0.084878
16 1 12 0.462901
17 0 0 0.288827
18 0 14 0.384437
18 1 21 1.000000
18 0 2 0.116470
19 0 10 0.082809
19 1 2 0.222360
19 1 11 0.777640
16 1 20 0.452221
20 1 12 1.000000
20 0 15 1.000000
21 0 20 0.188921
3 1 7 0.388234
2 1 14 0.519096
7 1 18 0.732138
