78 27
0 0 11 0.524632
1 0 21 1.000000
2 0 21 0.526286
3 0 0 1.000000
4 0 16 0.721435
5 0 20 1.000000
6 0 1 0.501711
7 0 3 1.000000
8 0 25 0.313938
9 0 10 0.318289
10 0 19 0.240285
11 0 3 0.533053
12 0 21 0.393349
13 0 23 1.000000
14 0 9 0.501881
15 0 3 0.179417
16 0 25 0.618632
17 0 14 1.000000
18 0 22 0.341545
19 0 0 0.032152
20 0 13 0.465810
21 0 3 1.000000
22 0 1 1.000000
23 0 19 0.236314
24 0 8 1.000000
25 0 4 0.527327
26 0 18 0.599297
0 0 25 0.050838
0 1 16 1.000000
0 0 9 0.424530
1 1 15 0.772866
1 1 19 0.227134
2 0 15 0.473714
4 0 23 0.137239
4 1 20 1.000000
4 0 0 0.141325
5 1 18 0.316496
5 1 16 0.683504
6 0 23 0.498289
8 0 21 0.686062
8 1 2 0.651877
8 1 11 0.348123
9 1 6 1.000000
9 0 19 0.233341
10 1 9 1.000000
10 0 8 0.759715
11 0 13 0.466947
12 0 11 0.252822
12 1 10 1.000000
12 0 12 0.353829
14 1 25 1.000000
14 0 19 0.498119
15 1 15 1.000000
15 0 8 0.820583
16 0 1 0.381368
16 1 12 0.722981
16 1 14 0.277019
9 0 7 0.448369
17 1 9 1.000000
26 0 22 0.400703
18 0 5 0.339386
18 1 15 1.000000
18 0 9 0.319070
19 0 6 0.967848
19 1 0 0.493549
19 1 17 0.506451
20 1 12 1.000000
20 0 0 0.534190
21 1 5 0.368713
21 1 3 0.631287
22 1 4 0.076040
22 1 26 0.923960
23 0 18 0.192916
23 1 14 1.000000
23 0 25 0.570770
24 1 13 0.334307
24 1 14 0.665693
25 0 24 0.472673
