55 18
0 0 9 0.195483
1 0 16 0.267965
2 0 15 0.434534
3 0 10 0.950870
4 0 10 0.153383
5 0 17 1.000000
6 0 13 1.000000
7 0 8 0.086395
8 0 16 0.981915
9 0 5 0.580559
10 0 15 1.000000
11 0 13 0.948871
12 0 13 1.000000
13 0 7 0.159414
14 0 7 1.000000
15 0 13 0.593626
16 0 14 0.253367
17 0 6 0.502822
0 0 12 0.804518
1 0 0 0.732035
2 0 13 0.182201
2 1 1 1.000000
2 0 3 0.383265
3 1 9 1.000000
3 0 12 0.049130
4 0 0 0.846617
4 1 10 0.110361
4 1 14 0.889639
6 1 11 0.374832
6 1 6 0.625168
7 1 17 1.000000
7 0 16 0.913605
8 0 1 0.018085
8 1 7 0.845456
8 1 2 0.154544
9 0 2 0.419441
9 1 17 0.523846
9 1 2 0.476154
10 1 1 0.951470
10 1 16 0.048530
11 1 9 1.000000
11 0 8 0.051129
12 1 3 0.591208
12 1 8 0.408792
13 0 15 0.258474
13 1 12 1.000000
13 0 16 0.582112
15 0 10 0.406374
15 1 17 0.604886
15 1 0 0.395114
16 1 10 1.000000
16 0 11 0.746633
17 0 4 0.342841
17 1 4 1.000000
17 0 15 0.154337
