56 22
0 0 8 0.697439
1 0 3 0.064090
2 0 0 1.000000
3 0 20 1.000000
4 0 12 0.669936
5 0 0 1.000000
6 0 0 0.386759
7 0 15 0.454419
8 0 11 0.786596
9 0 8 0.357862
10 0 7 0.787126
11 0 14 1.000000
12 0 2 0.357338
13 0 4 0.134126
14 0 5 0.195047
15 0 7 0.490099
16 0 2 1.000000
17 0 16 1.000000
18 0 1 1.000000
19 0 13 1.000000
20 0 21 1.000000
21 0 1 1.000000
0 0 20 0.302561
0 1 5 0.747001
0 1 7 0.252999
1 1 17 1.000000
1 0 4 0.935910
4 1 12 1.000000
4 0 6 0.330064
5 1 20 0.497088
5 1 7 0.502912
6 0 5 0.613241
6 1 15 0.153557
6 1 10 0.846443
7 0 6 0.545581
8 1 9 1.000000
8 0 9 0.213404
9 1 21 1.000000
9 0 13 0.642138
10 1 18 1.000000
10 0 5 0.212873
12 1 9 1.000000
12 0 11 0.642662
13 0 17 0.289340
13 1 2 1.000000
13 0 13 0.576533
14 0 9 0.547547
14 1 13 1.000000
14 0 10 0.257406
15 0 19 0.509901
15 1 3 0.536742
15 1 19 0.463258
20 1 20 0.289794
20 1 16 0.710206
21 1 3 0.969053
21 1 12 0.030947
