84 27
0 0 15 0.090174
1 0 16 0.222141
2 0 1 1.000000
3 0 10 0.589852
4 0 14 0.720457
5 0 16 0.992082
6 0 20 0.000979
7 0 26 0.636263
8 0 24 1.000000
9 0 18 1.000000
10 0 21 0.276975
11 0 19 1.000000
12 0 21 0.545349
13 0 3 0.137067
14 0 5 1.000000
15 0 13 1.000000
16 0 6 0.850892
17 0 12 1.000000
18 0 19 0.145792
19 0 8 0.831619
20 0 17 0.556473
21 0 24 0.650878
22 0 19 0.347939
23 0 21 0.133119
24 0 20 0.809632
25 0 14 0.245615
26 0 11 1.000000
0 0 10 0.909826
0 1 8 0.521451
0 1 25 0.478549
1 1 24 1.000000
1 0 25 0.777859
2 1 3 0.261273
2 1 11 0.738727
3 0 4 0.410148
4 0 8 0.279543
4 1 18 0.507611
4 1 24 0.492389
5 1 4 1.000000
5 0 19 0.007918
6 1 7 1.000000
6 0 3 0.257119
7 1 7 1.000000
7 0 16 0.363737
9 1 12 0.224787
9 1 25 0.775213
10 0 5 0.214346
10 1 9 1.000000
10 0 11 0.508679
11 1 10 0.270009
11 1 12 0.729991
12 0 13 0.454651
13 0 1 0.693088
13 1 10 1.000000
13 0 0 0.169844
14 1 3 0.666300
14 1 20 0.333700
6 0 23 0.741902
15 1 0 1.000000
26 1 4 0.100260
16 1 18 1.000000
16 0 8 0.149108
18 0 20 0.854208
18 1 25 0.433414
18 1 20 0.566586
19 0 2 0.168381
20 0 22 0.443527
20 1 19 0.143484
20 1 14 0.856516
21 0 4 0.349122
21 1 1 0.442545
21 1 4 0.557455
22 1 9 1.000000
22 0 15 0.652061
23 0 6 0.351185
23 1 21 1.000000
23 0 23 0.515696
24 0 17 0.190368
24 1 22 0.719204
24 1 7 0.280796
25 0 21 0.398507
25 1 17 1.000000
25 0 6 0.355879
26 1 1 0.899740
