49 15
0 0 7 0.562199
1 0 9 0.600493
2 0 3 0.431342
3 0 7 0.448818
4 0 13 1.000000
5 0 12 0.286608
6 0 2 0.187081
7 0 0 0.456846
8 0 4 0.840002
9 0 11 0.026702
10 0 7 0.672409
11 0 4 0.515575
12 0 8 0.873796
13 0 7 0.496337
14 0 3 0.046564
0 1 7 1.000000
0 0 12 0.437801
1 0 8 0.399507
1 1 2 0.756095
1 1 3 0.243905
2 0 14 0.433044
2 1 7 1.000000
2 0 13 0.135614
3 0 5 0.551182
3 1 6 0.532402
3 1 7 0.467598
4 1 9 0.572322
4 1 13 0.427678
5 0 3 0.428456
5 1 9 1.000000
5 0 14 0.284936
6 0 5 0.812919
6 1 0 0.586589
6 1 7 0.413411
7 0 2 0.543154
7 1 6 0.478739
7 1 14 0.521261
8 0 5 0.159998
9 0 0 0.973298
10 1 8 1.000000
10 0 10 0.327591
11 0 2 0.484425
11 1 7 0.617849
11 1 11 0.382151
12 1 13 1.000000
12 0 4 0.126204
13 0 9 0.262126
14 0 1 0.953436
13 0 10 0.241537
