42 15
0 0 5 1.000000
1 0 13 1.000000
2 0 4 1.000000
3 0 12 0.727804
4 0 8 0.529333
5 0 12 1.000000
6 0 0 0.145448
7 0 2 1.000000
8 0 1 0.479011
9 0 2 0.246894
10 0 13 1.000000
11 0 0 0.449075
12 0 4 0.159417
14 1 7 0.888321
14 0 4 0.377203
14 1 1 0.111679
1 1 0 0.068352
1 1 14 0.931648
3 1 13 1.000000
3 0 1 0.272196
4 0 4 0.470667
4 1 13 0.068792
4 1 8 0.931208
5 1 4 0.546737
5 1 14 0.453263
6 0 9 0.665475
6 1 10 1.000000
6 0 10 0.189076
8 1 13 1.000000
8 0 8 0.520989
9 0 14 0.255969
9 1 6 1.000000
9 0 12 0.497136
10 1 3 0.651505
10 1 8 0.348495
11 0 9 0.550925
12 0 11 0.298226
12 1 0 1.000000
12 0 1 0.542357
13 0 13 1.000000
13 1 4 1.000000
14 0 14 0.622797
