81 28
0 0 7 1.000000
1 0 4 0.545080
2 0 1 0.337016
3 0 7 0.221444
4 0 12 1.000000
5 0 16 0.541991
6 0 16 0.431548
7 0 22 0.339641
8 0 27 1.000000
9 0 16 0.438403
10 0 5 0.486966
11 0 5 0.477897
12 0 22 0.605406
13 0 19 0.244206
14 0 13 0.472542
23 1 25 0.482746
16 0 27 0.234587
17 0 3 1.000000
18 0 23 0.839264
19 0 17 0.039190
20 0 18 1.000000
21 0 12 1.000000
22 0 6 1.000000
23 0 4 0.297167
24 0 7 0.333701
25 0 11 1.000000
26 0 6 0.243007
27 0 1 0.024457
0 1 16 0.652609
0 1 10 0.347391
1 0 11 0.454919
2 1 14 1.000000
2 0 14 0.662984
3 0 3 0.394340
3 1 20 1.000000
3 0 17 0.384217
5 0 7 0.458009
5 1 13 0.616189
5 1 6 0.383811
6 0 10 0.568452
7 0 2 0.255219
7 1 27 1.000000
7 0 1 0.405140
9 0 8 0.264502
9 1 2 1.000000
9 0 22 0.297095
10 0 12 0.007483
10 1 17 1.000000
10 0 6 0.505552
11 1 24 1.000000
11 0 13 0.522103
12 1 16 1.000000
12 0 24 0.394594
13 0 6 0.755794
13 1 21 0.272441
13 1 5 0.727559
14 0 20 0.527458
27 1 4 0.598406
15 1 18 0.197770
15 1 22 0.802230
16 0 18 0.765413
17 1 13 0.607146
17 1 1 0.392854
18 0 6 0.160736
18 1 8 0.752806
18 1 26 0.247194
19 0 13 0.960810
20 1 0 0.703003
20 1 22 0.296997
21 1 9 0.419063
21 1 0 0.580937
23 1 15 0.517254
23 0 2 0.702833
24 0 18 0.463528
24 1 6 1.000000
24 0 17 0.202770
25 1 24 0.425595
25 1 25 0.574405
26 0 9 0.756993
27 0 23 0.975543
27 1 16 0.401594
