44 19
0 0 8 0.371636
1 0 11 0.617608
2 0 11 1.000000
3 0 7 1.000000
4 0 15 0.045208
5 0 4 1.000000
6 0 7 0.333653
7 0 9 1.000000
8 0 4 0.988442
9 0 17 1.000000
10 0 15 0.575275
11 0 15 1.000000
12 0 1 0.150160
13 0 12 1.000000
14 0 3 1.000000
15 0 8 0.383104
16 0 3 1.000000
17 0 13 1.000000
1 0 2 0.382392
0 0 18 0.508475
0 1 14 1.000000
0 0 13 0.119889
2 1 11 0.479666
2 1 17 0.520334
4 0 16 0.756652
4 1 1 1.000000
4 0 7 0.198140
5 1 9 0.850718
5 1 0 0.149282
6 0 15 0.666347
8 0 7 0.011558
10 1 6 1.000000
10 0 5 0.424725
11 1 8 0.394786
11 1 13 0.605214
12 0 10 0.849840
18 0 6 1.000000
17 1 6 0.430020
14 1 1 0.356631
14 1 11 0.643368
15 0 17 0.616896
16 1 12 0.293342
16 1 8 0.706658
17 1 1 0.569980
