50 19
5 0 0 0.376994
1 0 11 0.248927
2 0 4 0.350673
3 0 1 1.000000
4 0 17 0.243927
5 0 13 0.282919
6 0 2 0.208742
7 0 13 0.273745
8 0 4 1.000000
9 0 12 1.000000
10 0 17 1.000000
11 0 13 0.398773
12 0 10 1.000000
13 0 4 0.376390
14 0 8 0.611332
15 0 3 1.000000
16 0 11 0.002041
17 0 2 1.000000
18 0 13 1.000000
11 0 18 0.094853
0 1 15 1.000000
0 0 10 1.000000
2 0 5 0.342038
2 1 17 1.000000
2 0 7 0.307289
4 1 15 1.000000
4 0 13 0.756073
5 0 8 0.340087
6 0 10 0.791258
7 0 8 0.443004
8 1 7 0.511581
8 1 12 0.488419
9 1 4 0.320573
9 1 13 0.679427
11 0 14 0.506374
11 1 1 0.451514
11 1 14 0.548486
12 1 10 0.528305
12 1 7 0.471695
13 1 2 1.000000
13 0 14 0.623610
14 1 2 1.000000
14 0 17 0.388668
16 0 15 0.997959
17 1 9 0.347143
17 1 10 0.652857
18 1 3 0.793800
18 1 12 0.206200
1 0 6 0.751073
7 0 16 0.283251
