41 14
0 0 11 0.306296
1 0 12 1.000000
2 0 0 0.052928
3 0 2 1.000000
4 0 8 1.000000
5 0 10 0.918468
6 0 11 0.280189
7 0 10 1.000000
8 0 2 0.521740
9 0 12 1.000000
10 0 9 0.276383
11 0 0 0.911560
12 0 13 0.357743
13 0 10 0.571718
0 1 8 1.000000
0 0 4 0.693704
1 1 7 0.654007
1 1 1 0.345993
2 1 7 0.358799
2 1 13 0.641201
3 1 12 0.636231
3 1 5 0.363769
5 1 1 1.000000
5 0 13 0.081532
6 0 13 0.286418
6 1 13 1.000000
6 0 9 0.433393
7 1 0 0.394184
7 1 8 0.605816
8 1 1 0.108588
8 0 8 0.478259
10 0 11 0.246587
10 1 0 1.000000
10 0 7 0.477030
11 0 2 0.088440
12 0 9 0.642257
13 0 6 0.428282
13 1 6 0.207872
13 1 11 0.792128
2 0 3 0.947072
8 1 5 0.891412
