85 28
0 0 22 0.431457
1 0 20 0.899337
2 0 18 0.032190
3 0 19 0.541253
4 0 14 0.424243
5 0 16 0.506947
6 0 11 0.693449
7 0 15 0.658338
8 0 20 1.000000
9 0 4 1.000000
10 0 2 0.294353
11 0 3 1.000000
12 0 15 0.817910
0 0 26 0.452093
14 0 0 1.000000
15 0 14 0.484976
16 0 1 0.340079
17 0 16 0.877909
18 0 5 0.548675
19 0 6 0.163908
20 0 14 0.206475
21 0 16 1.000000
22 0 16 0.459334
23 0 17 0.214041
24 0 15 0.852269
25 0 13 0.632944
26 0 19 0.615655
27 0 16 1.000000
0 0 15 0.116451
0 1 9 0.473792
0 1 19 0.526208
1 0 12 0.100663
2 0 2 0.591910
2 1 15 1.000000
2 0 14 0.375900
3 0 4 0.198416
3 1 23 1.000000
3 0 12 0.260331
4 0 19 0.451003
4 1 19 1.000000
4 0 11 0.124754
5 0 25 0.493053
5 1 6 0.578073
5 1 4 0.421927
6 0 20 0.306551
7 0 25 0.341662
7 1 15 0.361431
7 1 25 0.638569
8 1 13 0.455220
8 1 23 0.544780
10 0 23 0.368558
12 1 9 1.000000
12 0 0 0.182090
23 0 24 0.189502
14 1 5 0.457916
14 1 2 0.542084
15 0 11 0.515024
15 1 15 0.573820
15 1 2 0.426180
16 0 10 0.508217
16 1 10 1.000000
16 0 6 0.151704
18 0 3 0.451325
18 1 23 0.775461
18 1 6 0.224539
19 1 10 1.000000
19 0 12 0.836092
20 0 23 0.131448
22 1 22 1.000000
22 0 18 0.540666
23 0 19 0.312965
23 1 20 1.000000
23 0 6 0.283492
24 0 4 0.147731
25 0 27 0.367056
25 1 5 0.561081
25 1 13 0.438919
26 0 6 0.384345
26 1 13 0.877590
26 1 9 0.122410
27 1 6 0.903112
27 1 19 0.096888
10 0 7 0.337089
17 0 8 0.122091
20 0 21 0.662077
