53 18
0 0 2 1.000000
1 0 6 0.535987
2 0 10 0.501794
3 0 12 0.448702
4 0 9 0.269853
5 0 11 1.000000
6 0 12 1.000000
7 0 13 0.545641
8 0 4 1.000000
9 0 5 0.575040
10 0 6 0.315121
11 0 3 0.443833
12 0 14 1.000000
13 0 1 0.094699
14 0 16 0.442612
15 0 12 1.000000
16 0 6 0.789456
17 0 8 1.000000
1 0 16 0.464013
2 1 0 1.000000
2 0 12 0.498206
3 0 14 0.210531
3 1 16 1.000000
3 0 5 0.340768
4 0 17 0.328896
4 1 1 1.000000
4 0 11 0.401251
6 1 6 0.238875
6 1 10 0.761125
7 0 8 0.454359
7 1 12 0.819886
7 1 6 0.180114
9 0 10 0.424960
9 1 2 0.504056
9 1 3 0.495944
10 0 3 0.684879
10 1 17 0.272683
10 1 1 0.727317
11 1 13 1.000000
11 0 2 0.556167
12 1 13 0.079123
12 1 16 0.920877
13 0 9 0.423650
13 1 10 1.000000
13 0 15 0.481651
14 0 5 0.064814
14 1 17 1.000000
14 0 3 0.492574
16 1 6 0.388789
16 0 17 0.210544
17 1 15 0.241391
17 1 9 0.758609
16 1 7 0.611211
