76 27
0 0 9 0.631076
1 0 20 0.748128
2 0 10 0.963121
3 0 10 1.000000
4 0 23 0.130501
5 0 2 0.521509
6 0 14 1.000000
25 1 9 0.269842
8 0 14 0.111990
9 0 17 0.504779
10 0 19 0.547511
1 1 0 0.429891
12 0 8 1.000000
13 0 22 0.509010
8 1 25 0.676707
15 0 26 0.540570
16 0 13 0.308579
17 0 20 0.437297
18 0 7 0.241458
19 0 26 0.601826
20 0 17 1.000000
21 0 6 0.745050
22 0 19 1.000000
23 0 7 0.743734
24 0 26 0.065308
25 0 14 0.480300
26 0 5 0.496147
0 1 11 1.000000
0 0 4 0.368924
1 0 4 0.022018
1 1 14 0.570109
1 0 2 0.229853
2 0 14 0.036879
3 1 10 0.117470
3 1 6 0.882530
4 0 18 0.607617
4 1 11 1.000000
4 0 24 0.261882
5 0 13 0.478491
5 1 8 0.849822
5 1 6 0.150178
7 1 15 1.000000
18 0 16 0.369762
8 0 5 0.402287
8 1 18 0.323293
8 0 20 0.485723
9 1 26 1.000000
9 0 20 0.495221
10 0 20 0.452489
11 0 19 1.000000
11 1 15 1.000000
26 0 23 0.120417
13 1 1 1.000000
13 0 15 0.490990
26 1 3 1.000000
15 1 22 1.000000
15 0 12 0.459430
16 0 22 0.333427
16 1 12 1.000000
16 0 19 0.357994
17 1 8 1.000000
17 0 12 0.562703
18 0 1 0.388780
19 0 6 0.398174
20 1 10 0.978350
20 1 8 0.021650
21 1 26 1.000000
21 0 8 0.254950
23 0 11 0.256266
24 0 1 0.155782
24 1 8 1.000000
24 0 8 0.778910
25 0 25 0.519700
25 1 23 0.338542
25 1 25 0.391616
26 0 2 0.383436
