48 20
0 0 11 0.894751
1 0 17 0.785614
2 0 9 1.000000
3 0 15 1.000000
4 0 11 1.000000
5 0 8 1.000000
6 0 12 0.194091
7 0 9 1.000000
8 0 16 1.000000
11 0 1 0.086187
10 0 16 0.425811
11 0 14 0.438329
12 0 6 1.000000
13 0 2 0.534960
14 0 9 0.378125
15 0 11 0.192194
16 0 15 1.000000
17 0 18 0.266641
18 0 13 1.000000
19 0 11 0.490367
0 1 4 1.000000
0 0 13 0.105249
1 1 3 1.000000
1 0 8 0.214386
19 0 5 0.312692
2 1 4 1.000000
19 1 19 1.000000
6 0 10 0.543780
6 1 6 1.000000
6 0 17 0.262130
8 1 5 0.772320
8 1 18 0.227680
19 0 13 0.196941
10 0 11 0.574189
10 1 13 0.578039
10 1 2 0.421961
11 1 9 1.000000
11 0 8 0.475483
13 0 12 0.465040
13 1 6 0.745657
13 1 12 0.254343
14 0 13 0.621875
17 0 7 0.435217
17 1 0 1.000000
15 0 12 0.411171
15 1 3 1.000000
15 0 2 0.396635
17 0 15 0.298143
