85 28
0 0 21 0.787552
1 0 14 1.000000
2 0 6 0.340133
3 0 5 0.755464
4 0 14 0.294805
5 0 11 0.158351
6 0 22 0.844411
7 0 13 0.928303
8 0 4 0.555566
9 0 27 0.022811
10 0 19 1.000000
11 0 19 0.728772
12 0 10 1.000000
13 0 5 0.913514
14 0 7 1.000000
15 0 16 1.000000
16 0 6 0.001685
17 0 8 0.698251
18 0 6 0.377210
19 0 21 0.521047
20 0 15 0.901701
21 0 25 0.736498
22 0 21 0.387746
23 0 2 1.000000
24 0 20 0.427476
25 0 2 0.736555
26 0 24 0.297867
27 0 7 0.477520
0 0 9 0.212448
1 1 25 0.109156
1 1 14 0.890844
2 0 12 0.659867
3 0 4 0.244536
5 0 26 0.460929
22 1 23 0.206065
4 0 11 0.705195
4 1 3 0.474324
4 1 9 0.525676
5 0 24 0.380720
6 0 24 0.155589
6 1 11 0.965484
6 1 1 0.034516
7 1 25 1.000000
7 0 5 0.071697
8 1 13 1.000000
8 0 11 0.444434
9 0 12 0.649314
9 1 8 1.000000
9 0 4 0.111879
10 1 0 0.320157
10 1 15 0.679843
11 0 16 0.271228
11 1 9 0.883332
11 1 25 0.116668
13 0 25 0.086486
15 1 21 0.731770
15 1 11 0.268230
16 0 19 0.998315
16 1 22 0.342777
16 1 25 0.657223
17 0 10 0.195615
17 1 15 1.000000
17 0 27 0.106134
18 0 11 0.622790
20 1 2 1.000000
20 0 19 0.098299
21 0 14 0.263502
21 1 9 0.493502
21 1 12 0.506498
22 0 11 0.311297
22 1 3 0.793935
22 0 2 0.300957
23 1 10 0.298816
23 1 17 0.701184
24 1 15 1.000000
24 0 16 0.572524
25 0 6 0.230954
25 1 7 1.000000
25 0 8 0.032491
26 0 18 0.702133
27 0 15 0.492162
27 1 0 1.000000
27 0 2 0.030318
9 0 17 0.215997
19 0 18 0.478953
