48 15
0 0 10 1.000000
1 0 0 0.703505
2 0 0 0.433714
3 0 2 0.067134
4 0 3 0.309401
5 0 8 0.776148
6 0 7 0.014652
7 0 2 0.533282
8 0 3 0.806192
9 0 2 0.139715
10 0 4 0.409228
11 0 2 0.341365
12 0 9 0.576356
13 0 6 0.396930
14 0 1 0.655966
0 1 5 0.417528
0 1 2 0.582472
1 0 12 0.296495
14 0 14 0.344034
14 1 2 1.000000
2 0 6 0.157093
2 1 8 1.000000
2 0 12 0.409194
3 1 12 1.000000
3 0 3 0.932866
4 0 13 0.464928
4 1 3 1.000000
4 0 8 0.225671
5 1 7 1.000000
5 0 13 0.223852
6 0 1 0.985348
7 0 12 0.466718
7 1 9 0.716005
7 1 10 0.283995
8 0 1 0.138116
8 1 4 1.000000
8 0 4 0.055692
9 1 11 1.000000
9 0 7 0.860285
10 0 2 0.252042
10 1 11 1.000000
10 0 0 0.338730
11 0 14 0.658635
12 0 7 0.250437
12 1 8 1.000000
12 0 6 0.173207
13 1 11 1.000000
13 0 0 0.603070
