40 12
0 0 8 0.666287
1 0 5 0.106723
2 0 1 1.000000
3 0 0 0.206270
4 0 6 0.208789
5 0 1 0.098067
6 0 2 0.193006
7 0 1 0.452853
8 0 10 0.698147
9 0 1 0.398322
10 0 9 0.024995
5 0 11 0.114559
2 1 8 0.690370
2 1 5 0.309630
3 0 11 0.103671
3 1 8 0.694815
3 1 5 0.305185
4 0 9 0.416464
4 1 2 1.000000
4 0 8 0.374747
6 0 3 0.080525
7 1 0 1.000000
7 0 2 0.229649
8 0 2 0.301853
9 0 5 0.601678
9 1 2 0.989598
9 1 4 0.010402
10 1 6 1.000000
10 0 7 0.975005
1 0 10 0.421950
11 1 2 1.000000
11 0 4 1.000000
1 0 0 0.471327
0 0 2 0.333713
5 0 3 0.525393
3 0 4 0.690059
5 0 6 0.261982
6 0 7 0.318452
6 0 8 0.408017
7 0 9 0.317498
