58 19
0 0 4 0.828933
1 0 10 0.707365
2 0 5 0.651123
3 0 6 0.160454
4 0 2 1.000000
5 0 15 0.061946
6 0 3 0.269980
7 0 10 0.133932
8 0 7 0.289918
9 0 15 1.000000
10 0 2 1.000000
11 0 4 0.150217
12 0 10 0.632141
13 0 8 0.500976
14 0 9 1.000000
15 0 1 0.554373
16 0 9 0.704030
17 0 1 0.480761
18 0 8 0.389535
0 0 11 0.011221
0 1 6 1.000000
0 0 15 0.159846
1 1 12 1.000000
1 0 17 0.292635
2 0 4 0.348877
2 1 4 0.733876
2 1 1 0.266124
3 0 13 0.839546
3 1 2 0.732611
3 1 8 0.267389
4 1 11 0.437228
4 1 1 0.562772
5 0 9 0.938054
5 1 13 0.900715
5 1 6 0.099285
6 0 14 0.364150
6 1 2 1.000000
6 0 1 0.365870
8 1 12 1.000000
8 0 5 0.710082
11 0 18 0.389407
11 1 0 1.000000
11 0 6 0.460375
12 0 15 0.362566
12 1 18 1.000000
12 0 17 0.005292
13 0 15 0.499024
15 0 10 0.351773
15 1 1 1.000000
15 0 3 0.093854
16 0 17 0.295970
16 1 9 0.831127
16 1 17 0.168873
17 0 18 0.040436
17 1 12 1.000000
17 0 11 0.478803
18 0 13 0.610465
7 0 16 0.866068
