89 28
0 0 27 1.000000
1 0 2 0.621588
2 0 14 0.416340
3 0 23 0.422438
4 0 14 1.000000
5 0 10 0.849768
6 0 16 0.474246
7 0 10 0.439075
8 0 2 1.000000
9 0 12 1.000000
10 0 14 0.414072
11 0 1 0.387447
12 0 16 0.182231
13 0 11 1.000000
14 0 2 1.000000
15 0 14 0.306147
16 0 19 0.311457
17 0 15 0.346708
18 0 27 0.453110
19 0 7 0.526495
20 0 3 0.834201
21 0 25 1.000000
22 0 16 1.000000
23 0 18 0.978658
24 0 3 0.800496
25 0 18 0.253173
26 0 10 1.000000
27 0 18 0.399800
1 0 23 0.378412
1 1 2 0.355409
1 1 24 0.644591
2 1 2 1.000000
2 0 11 0.583660
3 0 10 0.192184
3 1 10 1.000000
3 0 21 0.385378
5 1 3 1.000000
5 0 22 0.150232
6 0 0 0.525754
6 1 20 0.602755
6 1 3 0.397245
7 0 13 0.299556
7 1 4 1.000000
7 0 11 0.261369
8 1 25 0.575740
8 1 8 0.424260
10 0 21 0.585928
10 1 10 0.618292
10 1 16 0.381708
11 0 20 0.204814
11 1 24 1.000000
11 0 17 0.407739
12 0 11 0.063858
12 1 10 1.000000
12 0 5 0.753911
13 1 27 0.205893
13 1 25 0.391574
14 1 18 0.528826
14 1 2 0.471175
15 1 27 1.000000
15 0 19 0.693853
16 0 14 0.688543
16 1 6 0.390460
16 1 22 0.609540
17 0 4 0.653292
18 0 14 0.546890
18 1 3 0.516697
18 1 16 0.483303
19 0 12 0.186196
19 1 8 1.000000
19 0 22 0.287309
20 1 19 1.000000
20 0 24 0.165799
21 1 14 0.418539
21 1 16 0.581461
13 1 26 0.402532
22 1 22 1.000000
24 1 9 0.505807
23 1 22 1.000000
23 0 1 0.021342
24 1 1 0.494193
24 0 12 0.199504
25 0 8 0.500009
25 1 24 1.000000
25 0 20 0.246818
26 1 20 0.564387
26 1 4 0.435613
27 1 11 1.000000
27 0 25 0.600200
