80 26
0 0 11 0.570723
1 0 24 0.729342
2 0 3 0.686569
3 0 5 0.009920
4 0 23 1.000000
5 0 16 1.000000
6 0 23 1.000000
7 0 19 0.065444
8 0 0 0.635739
9 0 15 1.000000
10 0 21 0.413651
11 0 9 1.000000
12 0 10 0.622055
13 0 6 1.000000
14 0 2 0.517001
15 0 10 0.307235
16 0 23 0.788531
17 0 4 0.400302
18 0 6 0.285679
19 0 25 0.467635
20 0 15 0.127358
21 0 25 1.000000
22 0 18 0.507984
23 0 16 0.513902
24 0 21 0.683608
25 0 12 0.389776
0 0 22 0.293389
0 1 12 1.000000
0 0 21 0.135887
1 0 0 0.212273
1 1 1 0.889553
1 0 3 0.058385
2 1 17 1.000000
2 0 7 0.313431
3 0 6 0.990080
16 0 20 0.211469
1 1 14 0.110447
5 1 5 0.519443
5 1 9 0.480557
6 1 10 0.632986
6 1 21 0.367014
7 0 11 0.398039
7 1 12 0.402820
7 0 24 0.536517
8 0 20 0.364261
8 1 15 0.591013
8 1 6 0.408987
11 1 16 0.962831
11 1 21 0.037169
14 0 13 0.482999
14 1 23 0.430078
14 1 11 0.569922
15 0 5 0.692765
15 1 12 0.587139
15 1 19 0.412861
17 1 17 1.000000
17 0 24 0.599698
18 0 13 0.057381
18 1 23 0.652873
18 0 5 0.656939
19 0 7 0.532365
20 1 15 1.000000
20 0 10 0.872642
21 1 18 0.527239
21 1 4 0.472761
22 0 17 0.492016
22 1 13 0.714493
22 1 23 0.285507
23 1 7 1.000000
23 0 22 0.486098
24 0 7 0.316392
24 1 5 0.290646
24 1 16 0.709354
25 0 0 0.610224
25 1 0 0.149945
25 1 24 0.850055
7 1 1 0.597180
18 1 2 0.347128
10 0 3 0.586349
12 0 8 0.377945
