42 15
0 0 12 0.832144
1 0 10 0.778300
2 0 9 0.775630
3 0 8 1.000000
4 0 6 0.451225
5 0 7 0.547905
6 0 11 0.785987
7 0 3 1.000000
8 0 11 0.511544
9 0 2 0.183663
10 0 4 1.000000
11 0 8 1.000000
12 0 1 1.000000
13 0 12 1.000000
14 0 8 1.000000
0 0 11 0.167856
0 1 9 0.069181
0 1 0 0.930819
1 0 8 0.221700
1 1 11 0.541794
1 1 9 0.458206
2 1 12 1.000000
2 0 5 0.224370
3 1 8 0.252800
3 1 13 0.747200
4 0 13 0.548775
4 1 7 0.797190
4 1 2 0.202810
5 1 0 1.000000
5 0 14 0.452095
6 0 2 0.214012
6 1 3 0.853919
6 1 4 0.146081
8 0 5 0.488456
8 1 11 0.468532
8 1 6 0.531468
9 0 5 0.816337
13 1 2 0.668221
10 1 2 1.000000
13 1 1 0.331779
12 1 5 0.508405
12 1 12 0.491595
