71 27
0 0 1 1.000000
1 0 7 1.000000
2 0 1 1.000000
3 0 0 1.000000
4 0 0 1.000000
5 0 10 0.844270
19 1 22 0.582314
7 0 25 0.502641
8 0 6 0.549066
9 0 19 1.000000
10 0 25 1.000000
11 0 3 0.741203
12 0 3 0.217195
13 0 10 0.338828
14 0 19 0.642913
15 0 17 0.434000
16 0 15 0.639588
17 0 6 0.931503
18 0 19 0.442218
19 0 4 1.000000
26 0 1 0.715215
21 0 7 0.415166
22 0 17 0.584076
23 0 26 0.807217
24 0 16 0.467270
25 0 1 1.000000
26 0 2 0.284785
2 1 5 0.296951
2 1 8 0.703049
5 0 17 0.155730
26 1 3 1.000000
6 1 1 1.000000
25 1 10 0.193252
7 0 4 0.420505
7 1 24 1.000000
7 0 20 0.076854
8 0 23 0.450934
9 1 9 0.112671
9 1 13 0.887329
25 1 0 0.806748
24 1 2 0.352936
11 0 8 0.258797
24 1 18 0.647064
24 0 5 0.532730
12 0 14 0.782805
13 0 11 0.372626
13 1 8 1.000000
13 0 13 0.288546
14 0 25 0.357087
14 1 11 0.826457
14 1 0 0.173543
15 1 0 1.000000
15 0 12 0.566000
16 0 7 0.360412
16 1 17 0.594997
16 1 20 0.405003
17 0 12 0.068497
17 1 21 0.777604
17 1 9 0.222396
18 1 6 1.000000
18 0 20 0.557782
19 1 2 0.198567
19 1 12 0.219119
23 0 5 0.192783
20 1 13 1.000000
20 0 1 1.000000
21 0 18 0.584834
21 1 9 0.206936
21 1 3 0.793064
22 0 11 0.415924
23 1 11 1.000000
