41 15
0 0 11 1.000000
1 0 7 1.000000
2 0 6 0.025003
3 0 6 0.287005
4 0 12 0.532596
5 0 2 0.112021
6 0 4 0.540877
7 0 14 0.576973
8 0 2 0.778894
9 0 6 0.202106
10 0 9 0.434845
11 0 3 0.201679
12 0 5 0.895772
13 0 9 1.000000
14 0 8 0.041381
0 1 12 1.000000
4 0 10 0.128201
2 0 0 0.974997
3 0 2 0.712995
4 1 14 1.000000
4 0 1 0.339203
5 0 4 0.400123
5 1 9 1.000000
5 0 12 0.487855
6 0 2 0.459123
7 1 0 1.000000
7 0 4 0.423027
8 0 7 0.221106
9 0 14 0.639247
9 1 0 1.000000
9 0 9 0.158648
10 0 4 0.502852
10 1 13 1.000000
10 0 1 0.062303
11 0 0 0.798321
11 1 4 0.483260
11 1 5 0.516740
12 0 8 0.104228
14 0 13 0.438809
14 1 3 1.000000
14 0 1 0.519810
