45 16
0 0 3 0.043090
1 0 8 1.000000
2 0 4 0.286028
3 0 2 1.000000
4 0 5 1.000000
5 0 13 1.000000
6 0 11 0.531432
7 0 13 0.194666
8 0 15 1.000000
9 0 6 0.462632
10 0 12 1.000000
11 0 8 1.000000
12 0 8 1.000000
13 0 6 0.630293
14 0 7 0.473454
15 0 11 1.000000
0 0 11 0.956910
1 1 1 0.631570
1 1 15 0.368430
2 1 13 1.000000
2 0 3 0.713972
3 1 1 0.317322
3 1 12 0.682678
4 1 12 0.666712
4 1 10 0.333288
6 0 12 0.156261
6 1 0 1.000000
6 0 3 0.312307
7 0 8 0.412277
7 1 4 0.250180
7 0 1 0.393057
8 1 4 0.857544
8 1 15 0.142456
9 0 7 0.039947
9 1 8 1.000000
9 0 13 0.497420
10 1 5 0.834994
10 1 12 0.165006
11 1 9 0.061497
11 1 7 0.938502
13 1 1 1.000000
13 0 13 0.369707
14 1 7 1.000000
14 0 10 0.526546
7 1 14 0.749820
