76 29
0 0 5 1.000000
1 0 8 0.593372
2 0 20 1.000000
3 0 19 0.742448
4 0 13 1.000000
5 0 8 0.189759
6 0 18 0.156554
7 0 20 1.000000
8 0 10 0.187224
9 0 16 0.405536
10 0 3 1.000000
11 0 13 1.000000
12 0 23 1.000000
13 0 8 1.000000
14 0 17 1.000000
15 0 20 1.000000
16 0 14 0.292126
17 0 10 0.315610
18 0 13 1.000000
19 0 27 0.452628
20 0 22 0.729783
21 0 11 0.628554
22 0 4 1.000000
8 0 21 0.441573
24 0 14 0.445378
25 0 7 1.000000
26 0 14 1.000000
27 0 7 0.856993
28 0 18 1.000000
0 1 22 0.558936
0 1 7 0.441064
1 0 10 0.406628
1 1 0 0.576262
1 1 22 0.423738
3 1 16 1.000000
3 0 9 0.257552
5 0 5 0.375181
5 1 1 1.000000
5 0 7 0.435059
6 0 8 0.723123
6 1 10 1.000000
6 0 23 0.120323
7 1 1 0.614999
7 1 16 0.385001
8 0 22 0.371203
8 1 2 0.950117
8 1 14 0.049883
9 1 24 1.000000
9 0 1 0.594464
27 1 0 0.708749
27 1 27 0.291251
15 1 26 0.754528
15 1 3 0.245472
16 0 24 0.362026
16 1 28 1.000000
16 0 9 0.345847
17 0 12 0.349805
17 1 24 1.000000
17 0 27 0.334585
19 0 5 0.429079
19 1 27 1.000000
19 0 25 0.118293
20 0 11 0.270216
21 0 27 0.371446
21 1 24 0.617292
21 1 17 0.382708
22 1 7 0.949019
22 1 15 0.050981
27 0 16 0.143007
23 1 4 0.452410
23 1 22 0.547590
24 0 22 0.554622
25 1 7 0.270259
25 1 6 0.729741
26 1 15 0.526626
26 1 25 0.473374
