56 20
0 0 14 0.526649
1 0 19 1.000000
2 0 17 1.000000
3 0 13 0.240195
4 0 17 1.000000
5 0 13 0.131673
6 0 8 0.653514
7 0 9 0.409849
8 0 18 0.155088
9 0 8 0.712123
10 0 5 0.219439
11 0 17 1.000000
12 0 0 0.557473
13 0 11 1.000000
14 0 7 0.309196
15 0 4 0.581021
16 0 10 0.825442
17 0 8 0.397266
18 0 7 1.000000
19 0 1 0.338680
0 0 2 0.473351
0 1 2 0.354649
0 1 18 0.645351
1 1 11 0.293274
1 1 17 0.706726
3 1 10 1.000000
3 0 17 0.375315
5 0 2 0.593095
5 1 16 1.000000
5 0 18 0.275232
6 0 13 0.346486
7 0 15 0.516813
7 1 4 1.000000
7 0 0 0.073338
8 0 12 0.844912
9 0 6 0.287877
17 0 19 0.602734
3 0 1 0.384489
10 0 15 0.283118
10 1 2 1.000000
10 0 14 0.497443
12 0 5 0.442527
12 1 16 0.535458
12 1 17 0.464542
13 1 15 0.590977
13 1 17 0.409023
14 0 4 0.503206
14 1 17 1.000000
14 0 12 0.187598
15 0 3 0.418979
16 0 17 0.174558
16 1 18 0.630996
16 1 17 0.369004
19 0 14 0.554767
19 1 14 1.000000
19 0 7 0.106554
