57 20
0 0 19 0.354336
1 0 14 1.000000
2 0 19 0.155147
3 0 12 0.466664
4 0 19 1.000000
5 0 0 1.000000
6 0 8 1.000000
7 0 12 1.000000
8 0 15 0.139541
9 0 16 0.158414
10 0 14 0.117111
11 0 1 0.488822
12 0 0 1.000000
13 0 9 0.324317
14 0 17 1.000000
15 0 18 0.074813
16 0 12 0.463578
17 0 5 1.000000
18 0 4 0.613510
19 0 9 1.000000
0 1 7 1.000000
0 0 4 0.645664
1 1 13 0.086422
1 1 9 0.913578
2 1 3 1.000000
2 0 8 0.844853
3 0 9 0.466798
3 1 19 1.000000
3 0 6 0.066538
10 0 11 0.564836
5 1 17 1.000000
19 1 8 0.532697
8 0 18 0.297829
8 1 14 1.000000
8 0 19 0.562629
9 0 17 0.841586
9 1 4 0.395494
9 1 1 0.604506
10 0 1 0.318052
11 1 15 1.000000
11 0 6 0.511178
12 1 16 0.355446
12 1 8 0.644554
13 0 19 0.675683
13 1 7 0.811268
13 1 2 0.188732
14 1 0 0.242125
14 1 3 0.757875
15 0 19 0.424375
15 1 17 1.000000
15 0 7 0.500812
16 0 10 0.228075
16 1 16 1.000000
16 0 2 0.308347
18 1 7 1.000000
18 0 2 0.386490
19 1 19 0.467303
