66 23
0 0 1 0.473058
1 0 7 0.161698
2 0 8 0.163102
3 0 1 0.577224
4 0 22 0.205522
5 0 17 1.000000
6 0 11 1.000000
7 0 12 1.000000
8 0 21 0.427271
9 0 5 0.454170
10 0 0 1.000000
11 0 19 1.000000
12 0 8 1.000000
13 0 3 1.000000
14 0 22 0.400029
15 0 3 0.406648
16 0 17 0.727030
17 0 15 0.510764
18 0 11 0.355150
19 0 6 0.551904
20 0 10 0.658289
21 0 8 0.410635
22 0 0 0.791364
0 1 5 1.000000
0 0 11 0.526942
1 0 10 0.838302
2 0 18 0.631972
2 1 18 1.000000
2 0 13 0.204926
3 0 11 0.112770
3 1 6 1.000000
3 0 16 0.310005
4 0 9 0.668631
4 1 20 0.770795
4 1 3 0.229205
6 1 22 0.934827
6 1 15 0.065173
8 0 11 0.572729
9 0 21 0.545830
9 1 9 0.135604
9 1 1 0.864396
10 1 11 0.941103
10 1 0 0.058897
4 0 18 0.125847
11 1 11 1.000000
21 1 2 0.626914
12 1 14 0.661121
12 1 11 0.338879
14 1 19 1.000000
14 0 7 0.599971
15 0 13 0.593352
16 1 17 1.000000
16 0 9 0.272970
17 1 1 1.000000
17 0 13 0.489236
18 0 1 0.644850
18 1 9 0.498837
18 1 16 0.501163
19 0 5 0.448096
20 0 7 0.002920
20 1 21 1.000000
20 0 4 0.338791
21 0 14 0.589365
21 1 15 0.366704
21 1 4 0.006382
22 0 6 0.208636
