76 27
0 0 22 1.000000
1 0 6 0.509985
2 0 0 0.900204
3 0 1 1.000000
4 0 25 1.000000
5 0 6 0.311467
6 0 13 0.399915
7 0 21 1.000000
8 0 12 0.332132
9 0 26 1.000000
10 0 15 0.499277
11 0 9 0.655329
12 0 21 0.804319
13 0 22 1.000000
14 0 12 0.487186
15 0 10 0.350629
16 0 17 1.000000
17 0 12 0.227402
18 0 22 0.426783
19 0 1 1.000000
20 0 26 0.285780
21 0 6 1.000000
22 0 1 1.000000
23 0 2 0.707820
24 0 14 1.000000
25 0 20 0.429345
26 0 4 0.501528
0 1 1 0.505008
0 1 0 0.494992
1 1 14 1.000000
1 0 17 0.490015
2 0 11 0.099796
4 1 7 0.056562
4 1 22 0.943438
5 1 23 1.000000
5 0 5 0.688533
6 1 1 1.000000
6 0 8 0.600085
8 0 16 0.467444
8 1 7 1.000000
8 0 15 0.200424
10 0 24 0.020738
10 1 12 1.000000
10 0 12 0.479985
11 0 25 0.344671
12 0 5 0.195681
12 1 11 0.067454
12 1 13 0.932546
13 1 14 0.578365
13 1 20 0.421635
14 1 18 1.000000
14 0 8 0.512814
15 0 3 0.649371
15 1 19 0.581794
15 1 17 0.418206
16 1 6 0.453737
16 1 11 0.546263
17 0 26 0.190935
17 1 4 1.000000
17 0 15 0.581663
18 0 13 0.563120
18 1 22 1.000000
18 0 5 0.010097
20 0 3 0.202092
20 1 22 1.000000
20 0 10 0.512127
22 1 0 0.237377
22 1 16 0.762623
23 0 21 0.292180
23 1 14 0.801670
23 1 24 0.198330
25 0 18 0.570655
25 1 1 0.136851
25 1 26 0.863149
26 1 24 1.000000
26 0 23 0.498472
