86 29
0 0 26 0.892168
1 0 20 0.365415
2 0 23 0.069657
3 0 17 0.190167
4 0 6 1.000000
5 0 11 1.000000
6 0 20 0.201923
7 0 8 1.000000
8 0 17 1.000000
9 0 25 1.000000
10 0 16 0.196154
11 0 27 0.861091
12 0 11 1.000000
13 0 18 0.035860
14 0 5 0.363268
15 0 18 0.236447
16 0 26 0.907249
19 0 15 0.734955
18 0 13 0.190357
19 0 13 0.265045
20 0 27 0.599506
21 0 2 0.227112
22 0 16 0.913403
23 0 28 0.309731
24 0 5 0.436361
25 0 20 1.000000
26 0 24 0.715326
27 0 20 0.472836
28 0 22 0.222927
0 0 9 0.107832
0 1 26 0.467496
0 1 25 0.532504
1 1 21 0.876452
1 1 0 0.123548
2 0 5 0.930343
3 1 17 1.000000
3 0 1 0.809833
5 1 24 0.741166
5 1 4 0.258834
6 0 3 0.795365
6 1 23 1.000000
6 0 19 0.002712
8 1 2 0.379310
8 1 3 0.620690
10 0 4 0.803846
11 0 22 0.138909
12 1 22 0.361650
12 1 0 0.638350
13 0 8 0.555767
13 1 8 1.000000
13 0 11 0.408373
14 0 10 0.277877
14 1 9 1.000000
14 0 4 0.358855
15 0 22 0.195449
15 1 4 1.000000
15 0 1 0.568104
1 0 14 0.634585
17 1 6 0.336945
17 1 17 0.663055
18 0 18 0.809643
18 1 2 0.500399
18 1 17 0.499601
20 0 16 0.400494
20 1 18 0.533859
20 1 23 0.466141
21 1 6 1.000000
21 0 7 0.772888
22 0 24 0.086597
22 1 1 0.115004
22 1 20 0.884996
23 0 16 0.690269
23 1 2 0.421809
23 1 16 0.578191
24 1 23 1.000000
24 0 27 0.372138
26 1 1 1.000000
26 0 9 0.284674
27 0 18 0.101063
27 1 26 1.000000
27 0 16 0.426101
28 0 8 0.090449
28 1 28 1.000000
28 0 23 0.686624
24 0 10 0.191501
16 0 12 0.092751
