74 25
0 0 1 0.571901
1 0 13 0.068945
2 0 14 0.289033
3 0 8 0.720754
4 0 5 1.000000
5 0 21 1.000000
6 0 17 0.679972
7 0 13 0.239284
8 0 20 0.990207
9 0 1 0.739850
10 0 5 0.387818
11 0 17 1.000000
7 0 10 0.299212
13 0 14 1.000000
14 0 9 0.115601
15 0 14 1.000000
16 0 8 0.358562
17 0 14 0.700727
18 0 3 0.286016
23 1 5 0.471825
20 0 17 1.000000
21 0 1 1.000000
22 0 0 0.539490
23 0 6 1.000000
24 0 18 1.000000
0 1 2 1.000000
0 0 3 0.428099
1 0 24 0.931055
1 1 3 0.476585
1 1 16 0.523415
2 0 22 0.710967
2 1 24 0.838102
2 1 19 0.161898
3 0 0 0.279246
3 1 7 0.066624
3 1 23 0.933376
4 1 18 0.579812
4 1 22 0.420188
5 1 5 0.252090
5 1 7 0.747910
6 0 11 0.320028
6 1 6 0.238913
6 1 5 0.761087
7 0 9 0.193262
7 1 20 1.000000
7 0 5 0.268243
8 0 5 0.009793
9 0 17 0.260150
9 1 17 0.451969
9 1 21 0.548031
10 0 18 0.612182
23 1 12 0.528175
22 1 9 0.553027
11 1 17 0.309896
11 1 0 0.690104
12 1 18 1.000000
22 1 8 0.446973
13 1 15 0.864650
13 1 20 0.135349
14 0 16 0.884399
14 1 3 0.612304
14 1 9 0.387696
16 0 21 0.246501
16 1 4 1.000000
16 0 0 0.394938
17 0 2 0.299273
17 1 23 0.513889
17 1 19 0.486111
18 1 22 1.000000
18 0 20 0.713984
19 1 24 1.000000
22 0 15 0.460510
20 1 22 0.295110
20 1 11 0.704890
