78 28
0 0 12 1.000000
1 0 8 0.682716
2 0 14 0.648253
3 0 9 0.177946
4 0 5 1.000000
5 0 24 1.000000
6 0 2 0.411422
7 0 19 0.357334
8 0 1 0.481982
9 0 6 1.000000
10 0 25 0.764801
11 0 21 0.396660
12 0 27 0.785603
13 0 12 0.799399
14 0 13 1.000000
15 0 27 0.789961
16 0 15 0.526563
17 0 15 0.399096
18 0 5 1.000000
19 0 26 0.208087
21 0 23 0.301583
21 0 11 0.698416
22 0 9 1.000000
23 0 2 0.633024
24 0 6 1.000000
25 0 24 0.475008
26 0 12 0.493611
27 0 18 1.000000
0 1 1 0.575643
0 1 9 0.424357
1 1 25 1.000000
1 0 13 0.317284
2 0 10 0.351747
2 1 6 0.870787
2 1 11 0.129213
3 0 12 0.353032
3 1 9 1.000000
3 0 2 0.469023
5 1 15 0.598095
5 1 19 0.401905
6 0 1 0.236981
7 0 9 0.642666
7 1 12 0.535357
7 1 13 0.464643
8 0 19 0.518018
8 1 4 0.549623
8 1 21 0.450376
10 1 26 1.000000
10 0 12 0.235199
11 1 19 1.000000
11 0 8 0.603340
12 0 26 0.214397
12 1 14 0.417287
12 1 17 0.582713
13 0 16 0.200601
13 1 14 0.943992
13 1 22 0.056008
15 0 0 0.210039
15 1 7 0.408075
15 1 4 0.591925
16 0 27 0.473437
17 0 16 0.421353
17 1 11 1.000000
17 0 1 0.179551
19 0 21 0.791913
6 0 20 0.351596
20 1 22 1.000000
20 0 6 1.000000
21 1 19 0.426268
21 1 24 0.573732
23 1 15 1.000000
23 0 8 0.366976
24 1 3 0.115714
24 1 2 0.884286
25 0 6 0.524992
25 1 5 0.391344
25 1 17 0.608656
26 0 18 0.506389
