33 11
0 0 1 0.576474
1 0 2 0.348662
2 0 7 0.280328
3 0 8 0.516044
4 0 3 0.556428
5 0 4 1.000000
6 0 5 1.000000
7 0 10 0.332597
8 0 6 0.866610
7 0 0 0.173074
10 0 6 0.242125
0 0 2 0.423526
1 0 7 0.245585
1 1 9 1.000000
1 0 1 0.405753
2 0 5 0.034088
2 1 5 1.000000
2 0 4 0.685584
3 0 6 0.483956
4 0 5 0.270801
4 1 8 1.000000
4 0 2 0.172771
5 1 1 0.420138
5 1 7 0.579862
6 1 5 0.118307
6 1 8 0.881693
7 0 8 0.494329
10 0 1 0.449447
10 1 10 1.000000
8 0 9 0.133390
8 1 4 0.235883
8 1 8 0.764117
10 0 3 0.308429
