78 25
0 0 4 0.651292
1 0 2 0.246152
2 0 19 0.208083
3 0 2 0.247553
4 0 23 0.770605
5 0 18 0.174877
6 0 24 0.595241
7 0 15 0.653690
8 0 12 0.253264
9 0 10 0.666530
10 0 17 1.000000
11 0 4 0.944098
12 0 0 1.000000
13 0 24 0.594263
14 0 24 1.000000
15 0 0 0.010813
16 0 12 1.000000
17 0 19 0.009234
18 0 16 1.000000
19 0 11 0.476058
20 0 0 0.571118
21 0 17 0.782363
22 0 23 0.630624
23 0 18 1.000000
24 0 3 0.181674
0 1 6 1.000000
0 0 0 0.348708
1 1 1 1.000000
1 0 18 0.753848
2 1 20 1.000000
2 0 15 0.791917
3 0 22 0.752447
4 0 12 0.229395
4 1 2 0.261001
4 1 1 0.738999
5 0 17 0.693698
5 1 4 1.000000
5 0 0 0.131425
6 0 16 0.404759
7 0 16 0.346310
7 1 11 0.495729
7 1 7 0.504271
8 0 2 0.746736
9 0 13 0.226413
9 1 23 1.000000
9 0 1 0.107057
10 1 21 0.396068
10 1 10 0.603932
11 0 5 0.055902
11 1 14 0.286144
11 1 18 0.713856
13 0 6 0.405737
13 1 15 0.233108
13 1 2 0.766892
15 1 15 1.000000
15 0 10 0.989187
16 1 9 0.545082
16 1 3 0.454918
17 0 24 0.675594
17 1 9 1.000000
17 0 17 0.315172
18 1 0 0.398939
18 1 8 0.501357
19 0 20 0.212155
19 1 12 1.000000
19 0 10 0.311786
20 0 23 0.428882
20 1 4 0.685884
20 1 23 0.314116
21 1 8 1.000000
21 0 4 0.217637
22 0 19 0.369376
23 1 14 0.530264
23 1 23 0.469736
24 0 2 0.031103
24 1 19 1.000000
24 0 12 0.787223
18 1 7 0.099703
