79 26
0 0 21 1.000000
1 0 17 0.350900
2 0 23 0.548361
3 0 12 0.521829
4 0 8 0.274511
5 0 3 0.159693
6 0 14 1.000000
7 0 22 1.000000
8 0 20 1.000000
9 0 3 0.700557
10 0 22 0.332996
11 0 10 1.000000
12 0 8 0.250471
13 0 0 0.145418
14 0 16 0.062114
15 0 21 1.000000
16 0 21 0.354813
17 0 12 0.438307
18 0 0 0.440154
19 0 6 0.158858
20 0 22 0.937064
21 0 17 1.000000
22 0 13 1.000000
23 0 12 0.428144
24 0 20 0.335408
25 0 13 0.195170
1 0 12 0.649100
2 0 13 0.451639
2 1 4 0.358146
2 1 3 0.641854
3 1 14 1.000000
3 0 6 0.478171
4 1 20 1.000000
4 0 25 0.725489
5 1 24 1.000000
5 0 17 0.840307
6 1 17 0.461949
6 1 9 0.538051
7 1 3 0.257647
7 1 9 0.302704
9 0 7 0.299443
9 1 1 0.429869
9 1 4 0.570131
10 0 13 0.255426
10 1 10 1.000000
10 0 6 0.411578
11 1 14 0.671566
11 1 16 0.328434
12 1 14 1.000000
12 0 3 0.749529
13 0 4 0.458907
13 1 15 1.000000
13 0 18 0.395675
14 0 20 0.438577
14 1 23 1.000000
14 0 9 0.499308
15 1 23 0.789080
15 1 7 0.210920
16 0 19 0.284793
16 1 19 1.000000
16 0 11 0.360394
17 1 10 1.000000
17 0 2 0.561693
18 0 20 0.559846
18 1 6 0.384262
18 1 4 0.615738
19 0 14 0.841142
20 1 4 1.000000
20 0 14 0.062937
21 1 23 0.586977
21 1 1 0.413023
23 1 12 1.000000
23 0 11 0.571856
24 1 0 1.000000
24 0 14 0.664592
25 0 24 0.804830
25 1 19 0.287980
25 1 4 0.712020
7 1 5 0.439649
