46 18
0 0 12 0.143903
1 0 13 1.000000
2 0 1 0.323275
3 0 8 0.489466
4 0 16 0.400950
5 0 3 0.454715
6 0 4 1.000000
7 0 6 0.598490
8 0 14 1.000000
9 0 7 0.484437
10 0 5 0.390961
11 0 3 1.000000
12 0 13 0.458144
13 0 3 0.798596
14 0 17 0.259703
15 0 0 0.587289
16 0 12 1.000000
17 0 1 1.000000
0 0 6 0.005853
0 1 2 1.000000
0 0 15 0.850244
2 0 8 0.294639
3 0 10 0.510534
4 1 0 1.000000
4 0 7 0.599050
5 0 10 0.545285
5 1 17 0.539432
5 1 14 0.460568
7 0 12 0.401510
7 1 10 0.475090
7 1 15 0.524910
9 0 1 0.515563
10 0 4 0.609039
12 1 17 1.000000
12 0 11 0.541856
13 1 12 1.000000
13 0 16 0.201404
14 0 8 0.344697
14 1 8 1.000000
14 0 10 0.395600
15 0 17 0.412711
15 1 8 0.597290
15 1 1 0.402710
17 1 7 0.682350
17 1 13 0.317650
2 0 9 0.382086
