43 14
0 0 10 0.591723
1 0 9 0.553565
2 0 11 1.000000
3 0 0 0.580406
4 0 9 0.099229
5 0 0 1.000000
6 0 13 0.348403
7 0 8 1.000000
8 0 0 0.538245
9 0 6 0.967920
10 0 12 0.511232
11 0 13 0.513678
12 0 1 0.570891
13 0 6 0.522201
0 1 4 1.000000
0 0 0 0.408277
1 0 7 0.446435
1 1 11 0.672634
1 1 13 0.327366
3 0 9 0.419594
4 0 7 0.551425
4 1 2 1.000000
4 0 2 0.349347
6 0 5 0.651597
7 1 4 0.503220
7 1 9 0.496780
8 0 5 0.461755
8 1 1 0.425153
8 1 13 0.574847
9 1 10 0.580720
9 0 2 0.032080
10 0 4 0.149430
10 1 7 1.000000
10 0 0 0.339337
11 0 0 0.352705
11 1 2 1.000000
11 0 2 0.133617
12 1 8 1.000000
12 0 4 0.429109
13 0 2 0.477799
13 1 12 0.322722
13 1 7 0.677279
9 1 3 0.419280
