79 26
10 0 7 0.611445
1 0 6 0.257326
2 0 21 0.645618
3 0 6 0.564167
4 0 17 0.505005
5 0 1 0.726978
6 0 12 1.000000
7 0 18 0.496545
8 0 13 0.511050
9 0 13 0.463763
10 0 3 0.243324
11 0 5 0.180895
12 0 19 0.575393
13 0 3 1.000000
14 0 22 0.749143
15 0 13 0.479964
16 0 11 0.172936
17 0 16 0.168624
18 0 4 0.880103
19 0 11 0.070299
20 0 25 0.611183
21 0 2 1.000000
22 0 24 0.407126
23 0 15 1.000000
24 0 0 0.726105
25 0 15 1.000000
24 0 4 0.149910
0 1 16 1.000000
0 0 21 1.000000
1 1 22 1.000000
1 0 18 0.742674
2 0 0 0.293697
2 1 5 1.000000
2 0 1 0.060685
3 0 10 0.435833
4 0 11 0.494995
4 1 22 0.250649
4 1 11 0.749351
5 1 22 1.000000
5 0 4 0.273022
6 1 11 0.275748
6 1 25 0.724252
7 0 7 0.503455
8 0 14 0.488950
8 1 13 0.642359
8 1 23 0.357641
9 0 8 0.536237
9 1 22 0.024937
9 1 14 0.975063
10 0 16 0.145230
11 0 19 0.277143
11 1 20 1.000000
11 0 6 0.541963
12 1 8 1.000000
12 0 8 0.424607
13 1 15 0.384045
13 1 4 0.615955
14 1 8 1.000000
14 0 9 0.250857
15 0 24 0.520036
15 1 17 0.572511
15 1 13 0.427489
16 0 4 0.827064
17 0 20 0.454777
17 1 6 1.000000
17 0 0 0.376599
18 0 0 0.119897
18 1 18 0.801638
18 1 24 0.198362
19 0 20 0.929701
20 0 17 0.388817
20 1 5 0.163699
20 1 13 0.836301
21 1 16 0.274256
21 1 20 0.725744
22 1 11 1.000000
22 0 18 0.592874
24 0 8 0.123986
24 1 25 1.000000
