47 15
0 0 11 0.537580
1 0 11 0.531608
2 0 14 0.378768
3 0 12 1.000000
4 0 9 0.301563
5 0 9 0.946726
6 0 8 0.349081
7 0 13 0.338870
8 0 3 1.000000
9 0 6 1.000000
10 1 7 0.101241
11 0 4 0.136443
12 0 9 0.541039
14 0 5 0.199016
14 0 1 0.320527
0 1 14 1.000000
0 0 8 0.462420
1 1 6 1.000000
1 0 6 0.468392
2 0 11 0.404614
2 1 13 1.000000
2 0 9 0.216618
4 0 1 0.698437
4 1 4 0.698424
4 1 1 0.301576
5 1 9 1.000000
5 0 0 0.053274
6 0 0 0.650919
6 1 13 0.184835
6 1 5 0.815165
7 0 8 0.298304
7 1 0 1.000000
7 0 10 0.362826
8 1 5 0.473973
8 1 1 0.526027
9 1 10 0.516050
9 1 9 0.483950
10 1 5 0.898759
14 1 10 1.000000
11 0 6 0.863557
11 1 1 0.507779
11 1 9 0.492221
12 1 10 1.000000
12 0 4 0.458961
14 0 5 0.480457
13 1 2 0.449983
13 1 5 0.550017
