33 10
0 0 2 1.000000
1 0 3 0.496985
2 0 8 0.109418
3 0 5 0.276428
4 0 3 0.181525
5 0 8 0.287789
6 0 7 0.120886
7 0 9 1.000000
8 0 2 0.596663
9 0 6 0.128306
1 0 8 0.503015
1 1 0 0.558060
1 1 9 0.441940
2 0 2 0.240289
2 1 2 1.000000
2 0 0 0.650293
3 0 8 0.723572
4 0 1 0.818475
4 1 4 0.550756
4 1 6 0.449244
5 0 2 0.469234
5 1 9 1.000000
5 0 7 0.242977
6 1 9 1.000000
6 0 0 0.879114
7 1 4 0.123895
7 1 6 0.876105
8 0 0 0.268012
8 1 4 1.000000
8 0 7 0.135325
9 0 3 0.871694
9 1 2 0.143553
9 1 3 0.856447
