81 27
0 0 25 0.586359
1 0 7 0.617342
2 0 20 0.683206
3 0 24 1.000000
4 0 25 0.222207
5 0 11 1.000000
6 0 24 0.322332
7 0 5 0.435916
8 0 22 0.269033
9 0 4 0.685563
0 0 16 0.076383
23 1 6 0.709047
12 0 9 0.581989
13 0 23 1.000000
14 0 22 0.624536
15 0 9 0.327825
16 0 2 1.000000
17 0 10 0.350901
18 0 3 1.000000
19 0 11 1.000000
20 0 4 0.145358
21 0 0 0.443431
22 0 19 0.249552
23 0 10 1.000000
24 0 15 0.926950
25 0 5 1.000000
26 0 11 0.639233
0 0 9 0.177085
0 1 1 1.000000
0 0 20 0.160172
1 0 17 0.104661
1 1 26 1.000000
1 0 4 0.277997
2 0 2 0.316794
2 1 24 0.524810
2 1 13 0.475190
4 0 15 0.777793
4 1 4 0.150984
4 1 1 0.849016
5 1 21 0.299582
5 1 1 0.700418
6 0 9 0.187242
6 1 17 1.000000
6 0 12 0.490425
7 1 26 1.000000
7 0 11 0.564084
8 1 2 1.000000
8 0 21 0.730967
9 1 25 1.000000
9 0 3 0.314437
26 0 20 0.360767
10 1 19 0.828389
10 1 21 0.171611
24 1 12 0.532030
11 1 1 1.000000
11 0 20 1.000000
12 0 3 0.418011
13 1 1 0.503563
13 1 5 0.496437
14 1 1 1.000000
14 0 21 0.375464
15 1 19 1.000000
15 0 8 0.672175
16 1 9 0.540985
16 1 23 0.459015
17 0 24 0.420148
17 1 17 1.000000
17 0 14 0.228951
18 1 23 0.574951
18 1 12 0.425049
20 1 22 1.000000
20 0 17 0.854642
21 1 17 1.000000
21 0 15 0.556569
22 0 24 0.393587
22 1 21 1.000000
22 0 22 0.356861
23 1 15 0.048289
23 1 9 0.242664
24 0 19 0.073050
24 1 18 0.467970
