64 21
0 0 10 1.000000
1 0 15 1.000000
2 0 7 0.530419
3 0 17 0.858191
4 0 1 0.300314
5 0 18 0.017513
6 0 15 0.233678
7 0 19 1.000000
8 0 19 0.750462
9 0 14 1.000000
10 0 7 0.244272
11 0 20 0.491859
12 0 20 0.592965
13 0 7 0.860398
14 0 1 1.000000
15 0 9 0.241605
16 0 15 0.338871
17 0 1 1.000000
18 0 10 1.000000
19 0 20 0.343694
20 0 9 1.000000
2 0 9 0.469581
2 1 5 0.675521
2 1 18 0.324479
3 0 8 0.141809
4 0 12 0.699686
5 0 20 0.982487
6 1 14 0.491824
6 0 7 0.354750
7 1 7 0.109769
7 1 20 0.890231
8 0 12 0.249538
9 1 8 0.489194
9 1 13 0.510806
10 0 11 0.755728
10 1 9 0.099831
10 1 6 0.900169
11 0 18 0.508141
12 0 15 0.170434
12 1 13 1.000000
12 0 5 0.236601
13 1 17 1.000000
13 0 1 0.139602
14 1 18 0.499765
14 1 6 0.500235
15 0 20 0.328137
15 1 15 1.000000
15 0 16 0.430259
16 0 11 0.306831
16 1 7 1.000000
16 0 17 0.354298
17 1 20 0.407597
17 1 18 0.592403
18 1 10 0.538425
18 1 11 0.461575
19 0 19 0.656306
19 1 1 0.099552
19 1 6 0.896484
20 1 7 0.416347
20 1 13 0.583653
19 1 2 0.003964
6 0 3 0.149520
6 1 4 0.508176
6 0 0 0.262052
