73 29
0 0 10 1.000000
1 0 12 0.832465
2 0 0 1.000000
3 0 11 1.000000
4 0 12 1.000000
5 0 9 1.000000
6 0 26 1.000000
7 0 23 0.030079
8 0 20 0.112402
9 0 5 0.423704
10 0 23 0.574978
11 0 21 1.000000
12 0 21 1.000000
13 0 9 0.480504
14 0 7 0.289667
15 0 8 0.708858
16 0 7 0.521749
17 0 13 1.000000
18 0 24 0.298657
19 0 3 0.405868
20 0 23 0.484926
21 0 15 1.000000
22 0 1 0.341618
23 0 28 0.557030
24 0 9 0.884812
9 1 27 0.444280
26 0 13 0.541964
27 0 15 0.870107
28 0 17 0.919930
1 0 20 0.167535
7 0 24 0.969921
7 1 28 0.246162
7 1 26 0.508610
8 0 17 0.673935
8 1 26 1.000000
8 0 7 0.213663
9 1 2 0.555721
9 0 4 0.576296
10 0 11 0.425022
13 0 7 0.381921
13 1 17 1.000000
13 0 1 0.137574
14 0 3 0.429524
14 1 12 1.000000
14 0 6 0.280809
15 0 22 0.291142
16 1 15 1.000000
16 0 14 0.478251
18 0 12 0.701343
19 0 8 0.358932
19 1 13 1.000000
19 0 16 0.235200
20 0 10 0.271176
20 1 19 1.000000
20 0 15 0.243898
21 1 22 0.680466
21 1 18 0.319534
22 1 26 1.000000
22 0 4 0.658382
23 0 6 0.442969
23 1 14 0.926019
23 1 4 0.073981
24 0 11 0.115188
7 1 25 0.245228
25 1 16 0.474900
25 1 4 0.525100
26 0 7 0.458036
27 0 21 0.129893
27 1 0 0.373584
27 1 5 0.626416
28 0 15 0.080070
28 1 18 0.247635
28 1 20 0.752365
