74 27
0 0 23 0.515713
1 0 12 0.219171
2 0 5 0.707353
3 0 10 0.224199
4 0 17 1.000000
5 0 6 0.543078
6 0 12 1.000000
7 0 10 0.565169
8 0 9 1.000000
9 0 15 1.000000
10 0 0 0.387649
11 0 0 0.278953
12 0 15 0.409673
13 0 10 1.000000
14 0 21 0.281882
15 0 1 1.000000
16 0 14 0.735518
17 0 0 1.000000
18 0 10 0.771182
22 1 16 0.572042
20 0 2 1.000000
21 0 5 0.229465
22 0 14 0.494675
23 0 2 1.000000
24 0 26 0.527959
25 0 0 0.470895
26 0 18 1.000000
0 0 8 0.484287
0 1 18 0.121417
0 1 15 0.878583
1 0 1 0.416128
1 1 0 1.000000
1 0 25 0.364701
2 0 7 0.292647
3 0 1 0.775801
4 1 26 0.655770
4 1 17 0.344230
5 0 20 0.456922
5 1 3 0.012166
5 1 11 0.987834
6 1 3 0.869334
6 1 24 0.130666
7 1 2 1.000000
7 0 25 0.434831
8 1 18 0.376498
8 1 13 0.623502
10 0 2 0.612351
10 1 19 0.739970
10 1 23 0.260030
11 1 0 1.000000
11 0 3 0.649134
12 0 10 0.495551
12 1 14 1.000000
12 0 22 0.094776
13 1 22 0.405918
13 1 19 0.594082
14 0 0 0.718118
15 1 23 0.312471
15 1 17 0.687529
16 1 3 1.000000
16 0 3 0.264482
18 0 1 0.228818
19 1 2 1.000000
11 0 4 0.071913
21 0 0 0.328652
21 1 15 1.000000
21 0 22 0.441883
22 1 20 0.427958
22 0 21 0.505325
25 0 13 0.165141
23 1 12 1.000000
25 1 23 1.000000
24 0 15 0.472041
25 0 15 0.363964
