74 30
0 0 14 0.492165
1 0 17 1.000000
2 0 29 0.654079
3 0 26 0.415692
4 0 3 0.105575
5 0 26 1.000000
6 0 24 1.000000
7 0 16 0.420767
8 0 21 0.616307
9 0 6 0.778737
10 0 22 0.428698
11 0 1 0.273473
12 0 7 0.401341
13 0 0 0.211658
14 0 9 1.000000
15 0 22 1.000000
16 0 29 0.299420
17 0 18 0.507867
18 0 25 0.299997
19 0 0 1.000000
20 0 2 0.386282
21 0 4 1.000000
12 0 19 0.271435
23 0 20 0.980370
24 0 25 1.000000
25 0 0 1.000000
26 0 22 1.000000
27 0 7 1.000000
28 0 27 0.345746
29 0 27 0.637789
0 0 11 0.507835
2 0 11 0.345921
2 1 18 0.627671
2 1 7 0.372329
3 0 0 0.584308
3 1 2 0.823211
3 1 25 0.176789
4 0 26 0.894425
29 0 23 0.362211
29 1 16 1.000000
7 1 5 1.000000
7 0 7 0.579233
8 0 26 0.383693
8 1 10 0.393255
8 1 28 0.606745
9 0 17 0.221263
10 0 17 0.069080
10 1 18 1.000000
10 0 2 0.502222
11 0 12 0.726527
12 0 0 0.327224
12 1 14 0.143311
12 1 23 0.856688
13 0 24 0.788342
13 1 8 0.460026
13 1 28 0.539974
14 1 29 0.356393
14 1 28 0.643607
16 1 5 1.000000
16 0 9 0.700580
17 1 28 1.000000
17 0 1 0.492133
18 0 6 0.700003
20 1 22 1.000000
20 0 29 0.613718
22 0 6 1.000000
22 1 27 1.000000
28 0 15 0.654254
23 1 7 1.000000
23 0 12 0.019630
24 1 13 0.715580
24 1 5 0.284420
25 1 20 0.579494
25 1 3 0.420506
