64 18
0 0 2 0.777068
1 0 6 0.295622
2 0 0 0.824498
3 0 2 0.911204
4 0 9 0.684596
5 0 3 0.320606
6 0 5 0.629765
7 0 11 0.401481
8 0 5 0.477432
9 0 0 0.181054
10 0 9 0.299178
11 0 1 0.306531
12 0 16 1.000000
13 0 4 0.492617
14 0 17 0.454736
15 0 1 0.292684
16 0 1 0.519019
17 0 15 1.000000
0 0 17 0.222932
0 1 6 0.707436
0 1 16 0.292564
1 0 5 0.704378
1 1 5 0.566169
1 1 2 0.433831
2 0 6 0.175502
2 1 12 0.843849
2 1 4 0.156151
3 1 8 1.000000
3 0 11 0.088796
4 0 12 0.246982
4 1 0 1.000000
4 0 1 0.068422
5 0 17 0.679394
5 1 17 0.574201
5 1 8 0.425799
6 0 3 0.133861
6 1 4 1.000000
6 0 17 0.236374
7 0 1 0.598519
8 0 16 0.522568
9 0 1 0.760817
9 1 10 1.000000
9 0 8 0.058129
10 0 15 0.700822
10 1 12 0.833101
10 1 3 0.166899
11 0 8 0.693469
11 1 12 0.542674
11 1 8 0.457326
12 1 6 0.669204
12 1 8 0.330796
13 1 0 0.562439
13 1 6 0.437561
14 0 15 0.309056
14 1 4 1.000000
14 0 2 0.236208
15 0 11 0.255282
15 1 17 1.000000
15 0 3 0.452034
16 0 13 0.480981
17 1 13 0.438902
17 1 2 0.419867
13 0 7 0.507383
17 1 14 0.141231
