50 14
0 0 4 0.677366
1 0 8 0.602905
0 1 12 0.724817
3 0 2 0.822127
4 0 0 0.195409
5 0 0 1.000000
6 0 2 0.330673
7 0 4 0.498779
8 0 13 0.553863
9 0 0 0.154130
10 0 2 0.425374
11 0 0 0.834867
12 0 6 0.480124
13 0 11 0.113980
0 0 2 0.322634
0 1 9 0.139561
0 1 0 0.135622
1 1 4 1.000000
1 0 11 0.397095
13 0 10 0.245363
3 0 4 0.177873
3 1 8 0.338630
3 1 10 0.661370
4 0 8 0.462851
4 1 5 1.000000
4 0 7 0.341740
5 1 6 0.925346
5 1 13 0.074654
6 0 7 0.393290
6 1 11 1.000000
6 0 1 0.276037
7 0 6 0.501221
7 1 0 0.796633
7 1 3 0.203367
8 0 9 0.446137
8 1 6 0.673827
8 1 9 0.326173
9 1 5 1.000000
9 0 4 0.845870
10 0 0 0.574626
10 1 8 0.387177
10 1 9 0.612823
11 0 8 0.165133
11 1 9 0.465373
11 1 10 0.534627
12 0 1 0.181695
12 1 0 1.000000
12 0 0 0.338181
13 0 4 0.640657
13 1 11 1.000000
