77 25
0 0 20 0.333037
1 0 16 0.532403
2 0 15 1.000000
3 0 12 0.742670
4 0 9 0.071540
5 0 22 1.000000
6 0 23 0.229776
7 0 5 1.000000
8 0 24 0.063117
9 0 0 0.930447
10 0 6 0.073704
11 0 1 0.299427
12 0 2 1.000000
13 0 23 0.185348
14 0 0 1.000000
15 0 7 0.154679
16 0 22 1.000000
17 0 16 1.000000
18 0 12 0.195960
19 0 16 0.491065
20 0 1 0.579922
24 1 16 0.569633
22 0 12 0.570697
23 0 16 1.000000
24 0 9 0.572609
0 1 2 1.000000
0 0 22 0.666963
1 0 10 0.467597
2 1 17 0.544778
2 1 8 0.455222
3 0 19 0.257330
3 1 3 0.605112
3 1 6 0.394888
4 0 17 0.495076
4 1 16 1.000000
4 0 13 0.433384
5 1 9 0.460259
5 1 7 0.539741
6 0 13 0.465862
6 1 23 1.000000
6 0 9 0.304362
8 0 17 0.441193
8 1 5 1.000000
8 0 0 0.495690
9 0 23 0.069553
24 1 22 0.430367
24 0 15 0.427391
10 0 3 0.316824
10 1 3 1.000000
10 0 23 0.609472
11 0 11 0.700573
12 1 7 0.698453
12 1 14 0.301547
13 0 14 0.483413
13 1 4 1.000000
13 0 11 0.331239
14 1 4 0.655144
14 1 3 0.344856
15 0 4 0.389388
15 1 3 1.000000
15 0 2 0.455933
17 1 21 0.468821
17 1 11 0.531179
18 0 10 0.262610
18 1 9 1.000000
18 0 2 0.541431
19 1 17 1.000000
19 0 11 0.508935
20 0 23 0.420078
20 1 18 0.460734
20 1 6 0.539266
23 1 8 0.422838
21 1 3 1.000000
21 0 17 1.000000
22 1 5 1.000000
22 0 9 0.429303
23 1 22 0.577162
