62 20
0 0 16 0.337210
1 0 5 1.000000
2 0 14 0.427463
3 0 15 1.000000
4 0 18 0.123852
5 0 12 0.828243
6 0 19 0.092981
7 0 3 0.383876
8 0 14 0.333521
9 0 3 0.391372
10 0 0 0.500220
11 0 12 0.282730
12 0 0 0.516681
13 0 7 0.489765
4 0 19 0.480153
15 0 8 0.513894
16 0 11 0.690319
17 0 11 0.597622
18 0 17 0.463160
19 0 4 0.214725
0 0 10 0.301250
0 1 14 1.000000
0 0 5 0.361540
2 0 1 0.538231
2 1 16 1.000000
2 0 8 0.034305
4 0 14 0.395995
5 0 7 0.171757
5 1 5 0.487215
5 1 11 0.512785
6 0 9 0.907018
6 1 8 0.319308
6 1 1 0.680692
7 1 17 1.000000
7 0 2 0.616125
8 0 17 0.449576
8 1 12 1.000000
8 0 15 0.216903
9 0 4 0.608628
9 1 14 0.298617
9 1 2 0.701383
10 1 13 1.000000
10 0 9 0.499780
11 0 0 0.227035
12 1 5 1.000000
12 0 3 0.483319
13 0 11 0.050672
13 1 4 1.000000
13 0 10 0.459563
11 0 6 0.490235
14 1 1 1.000000
14 0 1 1.000000
15 1 18 1.000000
15 0 16 0.486106
16 1 17 1.000000
16 0 5 0.309681
17 1 5 1.000000
17 0 13 0.402378
18 0 14 0.536840
19 0 12 0.182786
19 1 16 1.000000
19 0 3 0.602489
