76 26
0 0 9 0.209338
1 0 8 1.000000
2 0 11 0.181463
3 0 7 1.000000
4 0 1 0.295174
5 0 22 0.877084
6 0 1 0.542386
7 0 20 0.030907
8 0 18 1.000000
9 0 0 0.970437
10 0 17 1.000000
11 0 7 0.321093
12 0 2 1.000000
13 0 18 0.709937
14 0 5 0.530180
15 0 25 0.566390
16 0 22 1.000000
17 0 23 0.455982
18 0 13 1.000000
19 0 1 0.666307
20 0 0 1.000000
21 0 4 0.595448
22 0 5 1.000000
23 0 12 0.317312
24 0 1 1.000000
25 0 19 0.219903
0 1 6 1.000000
0 0 11 0.790662
2 0 21 0.818537
2 1 8 0.350598
2 1 19 0.649402
4 1 19 1.000000
4 0 22 0.704826
5 1 17 1.000000
5 0 4 0.122916
6 1 9 1.000000
6 0 22 0.457614
7 0 17 0.969093
7 1 16 0.654879
7 1 17 0.345121
8 1 17 0.485450
8 1 22 0.514550
9 0 1 0.029563
9 1 9 0.453071
9 1 8 0.546929
10 1 18 0.521873
10 1 13 0.478127
11 0 13 0.678907
13 0 9 0.290063
13 1 2 0.730644
13 1 21 0.269356
14 0 14 0.469820
15 0 0 0.036299
15 1 14 1.000000
15 0 7 0.397311
16 1 18 0.525195
16 1 10 0.474805
17 0 24 0.544018
17 1 15 0.466087
17 1 3 0.533913
18 1 4 0.285111
18 1 8 0.714889
19 1 1 1.000000
19 0 6 0.333693
21 0 22 0.404552
21 1 8 0.843687
21 1 25 0.156313
22 1 24 0.812260
22 1 13 0.187740
23 0 21 0.682688
23 1 13 0.653077
23 1 1 0.346923
24 1 8 0.484943
24 1 14 0.515057
25 1 5 1.000000
25 0 6 0.780097
