91 29
0 0 16 0.151488
1 0 15 0.355582
2 0 27 1.000000
26 0 3 0.737110
4 0 5 0.413708
5 0 4 1.000000
6 0 12 0.414408
7 0 16 1.000000
8 0 0 1.000000
9 0 24 0.723983
10 0 13 0.522636
11 0 26 0.548681
12 0 7 0.336193
13 0 22 0.458953
14 0 9 0.415846
15 0 20 0.421499
16 0 27 1.000000
17 0 19 0.407340
18 0 28 0.032150
19 0 20 1.000000
20 0 9 1.000000
21 0 24 1.000000
22 0 27 0.279189
23 0 18 1.000000
24 0 10 1.000000
25 0 16 1.000000
26 0 19 0.262890
27 0 8 0.540255
28 0 19 0.683934
0 0 19 0.848512
1 0 5 0.371887
1 1 10 1.000000
1 0 2 0.272531
2 1 0 0.334848
2 1 17 0.665152
3 1 15 1.000000
28 1 1 0.586983
4 0 0 0.355281
4 1 7 1.000000
4 0 6 0.231011
5 1 9 0.675732
5 1 21 0.324268
6 0 8 0.585593
6 1 19 0.831321
6 1 1 0.168679
7 1 26 0.677892
7 1 8 0.322108
8 1 26 0.966298
8 1 6 0.033702
9 0 23 0.276017
10 0 2 0.477364
10 1 19 0.400386
10 1 0 0.599614
11 0 21 0.451319
11 1 26 0.378323
11 1 8 0.621677
12 0 23 0.663807
12 1 0 0.891719
12 1 18 0.108281
13 1 14 1.000000
13 0 8 0.541047
14 0 17 0.584154
14 1 23 0.037228
14 1 11 0.962772
15 0 12 0.187927
15 1 24 1.000000
15 0 4 0.390574
16 1 28 0.458025
16 1 16 0.541975
17 1 17 1.000000
17 0 4 0.592660
18 0 25 0.967850
18 1 2 0.061968
18 1 16 0.938032
19 1 21 0.133789
19 1 13 0.866211
20 1 15 0.260358
20 1 27 0.739642
22 0 21 0.720811
22 1 6 0.622289
22 1 10 0.377711
23 1 28 0.654206
23 1 19 0.345794
25 1 20 0.624871
25 1 12 0.375129
26 1 14 0.527018
26 1 26 0.472982
27 1 22 1.000000
27 0 22 0.459745
28 0 10 0.316066
28 1 6 0.413017
