53 20
0 0 11 1.000000
1 0 17 0.702350
2 0 7 0.474412
3 0 0 1.000000
4 0 2 0.523452
5 0 2 1.000000
6 0 9 1.000000
7 0 13 0.303624
8 0 2 1.000000
9 0 7 0.286489
10 0 4 1.000000
19 0 19 0.787388
12 0 1 1.000000
13 0 11 0.691250
14 0 11 0.525329
15 0 5 1.000000
16 0 4 0.309334
17 0 10 0.376638
18 0 4 1.000000
19 0 6 0.212612
0 1 16 0.274331
0 1 12 0.725669
1 0 14 0.297650
1 1 0 0.763258
1 1 1 0.236742
2 0 9 0.525588
2 1 19 0.871814
2 1 12 0.128186
4 1 18 1.000000
4 0 17 0.476548
5 1 12 0.310771
5 1 6 0.689229
7 0 15 0.302250
7 1 19 1.000000
7 0 11 0.394125
9 0 3 0.345118
9 1 16 1.000000
9 0 13 0.368392
10 1 14 0.489339
10 1 17 0.510661
11 1 17 1.000000
19 1 4 1.000000
13 0 6 0.308750
14 1 9 1.000000
14 0 7 0.474671
15 1 13 0.557028
15 1 4 0.442972
16 0 12 0.690666
17 0 2 0.067930
17 1 10 1.000000
17 0 0 0.555433
18 1 5 0.330620
18 1 17 0.669380
