87 30
0 0 23 1.000000
1 0 14 1.000000
2 0 9 0.536082
3 0 10 0.406019
4 0 6 0.700988
5 0 21 1.000000
6 0 5 1.000000
7 0 8 0.545286
8 0 4 1.000000
9 0 10 0.174131
10 0 8 0.664018
11 0 10 0.652629
12 0 4 1.000000
13 0 9 0.095483
14 0 15 1.000000
15 0 9 0.398455
16 0 27 1.000000
9 1 25 0.066251
18 0 12 0.527465
19 0 14 1.000000
20 0 21 0.247898
21 0 24 0.262619
22 0 0 1.000000
23 0 18 0.203731
24 0 5 1.000000
25 0 27 1.000000
26 0 15 0.240442
27 0 16 0.622317
28 0 15 0.622794
29 0 24 1.000000
0 1 22 0.986761
0 1 21 0.013239
1 1 28 0.768796
1 1 6 0.231204
2 0 19 0.463918
2 1 24 0.852607
2 1 17 0.147393
3 1 3 1.000000
3 0 18 0.593981
4 0 16 0.299012
4 1 11 0.452372
4 1 22 0.547628
6 1 12 0.985004
6 1 19 0.014996
7 0 7 0.454714
9 0 29 0.214380
9 1 22 0.933749
9 0 13 0.611489
10 1 22 1.000000
10 0 22 0.335982
11 0 29 0.207292
11 1 4 1.000000
11 0 1 0.110225
13 1 5 1.000000
13 0 14 0.904517
14 1 27 0.610693
14 1 10 0.389307
15 0 15 0.601544
15 1 11 0.288137
15 1 15 0.711863
11 0 20 0.029855
16 1 13 1.000000
23 0 7 0.461301
17 0 24 1.000000
17 1 10 1.000000
27 1 3 0.465625
18 0 4 0.472535
18 1 15 0.859442
18 1 28 0.140558
19 1 24 0.410079
19 1 6 0.589921
20 0 22 0.752101
21 0 1 0.193865
21 1 26 1.000000
21 0 28 0.543516
22 1 0 0.968773
22 1 27 0.031227
23 0 21 0.334968
24 1 0 0.483307
24 1 14 0.516693
26 0 6 0.759558
27 0 2 0.214017
27 1 10 0.534375
27 0 6 0.163666
28 0 10 0.377206
28 1 0 0.604682
28 1 28 0.395318
