60 21
0 0 12 0.347449
1 0 19 1.000000
2 0 3 0.067331
3 0 2 0.549191
4 0 9 0.412189
5 0 3 1.000000
6 0 14 0.138816
7 0 16 1.000000
8 0 16 0.087761
9 0 19 0.485927
10 0 8 0.510947
11 0 14 0.384209
12 0 19 1.000000
13 0 12 1.000000
14 0 9 0.456867
15 0 1 0.253161
16 0 13 1.000000
17 0 1 0.736920
18 0 12 0.403939
19 0 3 0.494288
20 0 0 1.000000
0 0 6 0.652551
0 1 0 0.171870
0 1 5 0.828130
1 1 8 0.783361
1 1 16 0.216639
2 1 2 1.000000
2 0 10 0.932669
3 0 4 0.344454
3 1 6 1.000000
3 0 1 0.106355
4 1 8 1.000000
4 0 3 0.587811
5 1 2 0.952317
5 1 15 0.047683
6 0 9 0.861184
6 1 6 0.911026
6 1 12 0.088974
7 1 1 0.583252
7 1 13 0.416748
8 0 0 0.251803
8 1 17 1.000000
8 0 17 0.660435
9 1 3 1.000000
9 0 15 0.514073
10 0 18 0.489053
11 0 19 0.615791
12 1 6 0.601945
12 1 9 0.398055
14 1 11 1.000000
14 0 13 0.543133
15 1 18 1.000000
15 0 20 0.746839
16 1 6 0.488900
16 1 3 0.511100
17 0 14 0.263080
19 0 14 0.060666
19 1 19 1.000000
19 0 20 0.445046
18 0 7 0.596061
