77 25
0 0 9 1.000000
1 0 8 0.604516
2 0 11 1.000000
3 0 7 1.000000
4 0 18 0.172189
5 0 3 0.616137
6 0 9 0.439241
7 0 13 0.374910
8 0 9 1.000000
9 0 6 0.339318
10 0 23 0.632293
11 0 5 0.466124
12 0 19 0.487839
13 0 16 0.346795
14 0 6 0.401724
15 0 9 0.586479
16 0 5 1.000000
17 0 7 0.287375
18 0 5 0.777755
19 0 21 0.667038
20 0 3 1.000000
21 0 22 0.461376
22 0 3 1.000000
23 0 24 0.462581
24 0 6 1.000000
0 1 21 0.258409
0 1 9 0.741591
1 0 20 0.395484
1 1 17 0.175625
1 1 16 0.824375
3 1 2 0.121113
3 1 14 0.878887
4 1 0 1.000000
4 0 8 0.827811
5 0 18 0.383863
5 1 6 0.627341
5 1 16 0.372659
6 1 15 1.000000
6 0 13 0.560759
7 0 23 0.259758
7 1 1 1.000000
7 0 5 0.365332
8 1 5 0.488183
8 1 4 0.511817
9 1 5 1.000000
9 0 8 0.513172
10 0 20 0.367707
10 1 17 0.062105
10 1 3 0.937895
11 0 11 0.533876
11 1 21 0.802740
11 1 14 0.197260
12 0 14 0.512161
13 0 23 0.315344
13 1 14 1.000000
13 0 21 0.337862
14 0 9 0.598276
14 1 7 0.068679
14 1 20 0.931321
15 1 3 1.000000
15 0 18 0.413521
17 1 3 1.000000
17 0 10 0.712625
18 0 20 0.222245
18 1 15 0.336572
18 1 3 0.663428
19 1 16 1.000000
19 0 16 0.332962
21 0 5 0.308950
21 1 15 1.000000
21 0 4 0.229674
23 1 23 1.000000
23 0 4 0.537419
24 1 3 0.054307
24 1 18 0.478815
9 0 12 0.147510
24 1 19 0.466878
