71 25
0 0 11 0.396664
1 0 21 0.777910
2 0 6 1.000000
3 0 18 0.461001
4 0 2 1.000000
5 0 19 0.739791
6 0 20 1.000000
7 0 19 0.328396
8 0 9 0.012633
9 0 3 0.358298
10 0 18 0.382401
11 0 1 1.000000
12 0 1 0.563970
13 0 1 1.000000
14 0 9 0.294100
15 0 14 1.000000
16 0 15 1.000000
17 0 2 0.411015
18 0 12 0.690238
19 0 13 1.000000
20 0 16 0.371700
21 0 5 0.552422
22 0 5 1.000000
23 0 6 0.324460
24 0 1 0.988333
0 0 4 0.603336
0 1 22 0.560694
0 1 9 0.439306
1 1 8 1.000000
1 0 2 0.222090
2 1 1 0.320476
2 1 21 0.679524
3 0 12 0.216061
3 1 1 1.000000
3 0 22 0.322937
5 0 5 0.260209
5 1 18 0.416372
5 1 7 0.583628
7 0 1 0.346393
8 0 18 0.274669
8 1 15 1.000000
8 0 13 0.712699
9 1 11 0.335671
9 1 16 0.664329
10 0 19 0.617599
11 1 3 0.571989
11 1 24 0.428011
12 0 19 0.436030
14 0 21 0.014382
14 1 22 1.000000
14 0 24 0.691517
17 0 12 0.314383
17 1 12 1.000000
17 0 18 0.274603
18 1 10 0.537225
18 1 15 0.462775
19 1 3 0.264231
19 1 8 0.735769
20 1 13 1.000000
20 0 10 0.628300
21 0 19 0.447578
21 1 13 0.137755
21 1 16 0.862245
22 1 4 0.548126
22 1 3 0.451874
23 0 21 0.675540
24 1 1 1.000000
24 0 9 0.011667
18 0 17 0.309762
7 0 23 0.325212
9 0 0 0.641702
