92 29
0 0 27 0.695182
1 0 15 0.551842
2 0 7 0.390223
3 0 19 0.808039
4 0 8 0.116648
5 0 9 0.134961
6 0 11 0.210845
7 0 4 1.000000
8 0 21 0.496362
9 0 5 0.356708
10 0 9 0.601110
11 0 24 0.509261
12 0 26 0.213637
13 0 21 1.000000
14 0 18 0.530538
15 0 16 0.230988
16 0 8 0.675103
17 0 0 0.473809
18 0 0 0.414175
19 0 18 0.757625
20 0 27 0.700745
21 0 4 0.568442
22 0 14 0.363074
23 0 18 0.256367
24 0 8 0.979789
25 0 28 1.000000
26 0 12 0.084097
27 0 12 0.369465
28 0 13 0.098041
0 0 12 0.304818
14 0 22 0.090900
12 0 20 0.211177
1 1 15 1.000000
1 0 19 0.448158
2 0 6 0.176463
2 1 15 1.000000
2 0 8 0.433313
3 1 9 1.000000
3 0 3 0.191961
4 0 27 0.883352
5 0 15 0.584569
5 1 24 1.000000
5 0 17 0.280470
6 0 6 0.789155
6 1 3 0.465878
6 1 4 0.534122
8 0 6 0.503638
9 1 26 1.000000
9 0 9 0.643292
10 1 4 1.000000
10 0 1 0.398890
11 1 27 1.000000
11 0 1 0.490739
12 0 18 0.250864
12 1 10 1.000000
12 0 13 0.324322
13 1 23 0.546301
13 1 13 0.453699
14 1 28 1.000000
14 0 8 0.378562
15 0 18 0.262497
15 1 7 1.000000
15 0 2 0.506516
16 0 19 0.324897
16 1 14 0.721195
16 1 19 0.278805
17 0 27 0.526191
17 1 7 0.732043
17 1 8 0.267957
18 0 15 0.585825
19 0 24 0.242375
19 1 8 0.359140
19 1 28 0.640860
20 0 21 0.299255
20 1 10 0.720928
20 1 24 0.279072
21 0 11 0.431558
22 0 2 0.301127
22 1 28 1.000000
22 0 16 0.335799
23 0 26 0.743633
23 1 10 0.316096
23 1 24 0.683904
24 1 25 1.000000
24 0 14 0.020211
26 1 7 1.000000
26 0 6 0.915903
27 0 0 0.408109
27 1 14 1.000000
27 0 13 0.222427
28 1 16 1.000000
28 0 1 0.901959
