56 16
0 0 11 1.000000
1 0 9 0.412512
2 0 15 1.000000
3 0 10 0.272750
4 0 13 0.534681
1 1 15 0.448614
6 0 3 0.532567
7 0 1 0.772828
8 0 15 0.125997
9 0 14 0.953884
10 0 9 1.000000
11 0 0 0.417632
12 0 0 1.000000
13 0 12 0.584326
14 0 12 0.887181
15 0 8 1.000000
0 1 9 0.540206
0 1 12 0.255812
1 0 11 0.587488
1 1 4 0.551386
6 0 13 0.166255
2 1 14 0.627827
2 1 5 0.372173
3 0 5 0.294134
3 1 2 0.530905
3 0 3 0.147236
4 0 3 0.465319
4 1 2 0.923826
4 1 0 0.076174
5 1 14 1.000000
5 0 1 1.000000
6 0 10 0.158833
6 1 2 0.571882
6 0 12 0.142344
7 0 13 0.227172
7 1 11 0.238053
7 1 3 0.761947
8 1 9 1.000000
8 0 4 0.874003
10 1 10 0.117533
10 1 15 0.882467
13 0 11 0.415674
13 1 6 0.157460
13 1 2 0.842540
14 1 9 0.460010
14 1 0 0.081776
15 1 10 0.123190
15 1 0 0.876810
14 1 1 0.458214
11 0 2 0.582368
9 0 3 0.046116
0 1 4 0.203982
14 0 5 0.112819
3 0 6 0.285879
6 1 7 0.428118
3 1 10 0.469095
