79 29
0 0 10 0.249896
1 0 15 1.000000
2 0 20 0.816680
3 0 17 1.000000
4 0 0 0.376368
5 0 13 0.414687
28 1 2 0.420635
7 0 15 0.643205
8 0 19 1.000000
28 1 7 0.579365
10 0 20 0.323796
11 0 13 0.179143
12 0 10 0.026136
13 0 14 0.470444
14 0 28 0.432621
15 0 25 0.096534
16 0 5 1.000000
17 0 23 0.620919
18 0 2 0.612347
19 0 22 1.000000
20 0 7 0.314633
27 0 11 0.739238
22 0 2 1.000000
23 0 9 1.000000
24 0 3 1.000000
25 0 13 0.145432
26 0 18 0.578389
27 0 10 0.260762
28 0 24 1.000000
0 1 8 1.000000
0 0 28 0.750104
1 1 21 0.382710
1 1 28 0.617290
2 0 5 0.183320
4 0 11 0.312591
4 1 8 1.000000
4 0 15 0.311040
5 1 16 1.000000
5 0 6 0.585313
27 1 16 1.000000
6 1 21 0.265519
6 1 14 0.734481
7 0 21 0.356795
8 1 26 0.085253
8 1 27 0.914747
26 0 9 0.421611
10 0 16 0.362243
10 1 22 1.000000
10 0 25 0.313960
11 1 14 1.000000
11 0 28 0.820857
12 0 4 0.973864
13 0 28 0.529556
13 1 28 0.210042
13 1 7 0.789958
14 0 25 0.567379
14 1 14 0.067571
14 1 28 0.932429
15 1 12 1.000000
15 0 1 0.903466
17 0 15 0.379081
17 1 8 0.331716
17 1 13 0.668284
18 0 0 0.103800
18 1 16 1.000000
18 0 20 0.283853
19 1 4 0.864049
19 1 9 0.135951
20 0 13 0.685367
26 1 7 1.000000
21 1 15 0.583620
21 1 18 0.416379
22 1 7 0.245198
22 1 1 0.754802
23 1 9 0.116353
23 1 5 0.883647
25 0 28 0.854568
25 1 15 0.357508
25 1 14 0.642492
