51 18
0 0 17 1.000000
1 0 16 0.475591
2 0 8 1.000000
3 0 6 0.907202
4 0 1 1.000000
5 0 16 0.629129
4 1 13 0.578905
7 0 14 0.906895
8 0 0 0.718531
9 0 3 0.395872
10 0 17 0.324799
11 0 15 0.232033
12 0 2 1.000000
13 0 15 0.284213
14 0 11 1.000000
15 0 3 1.000000
7 1 10 0.952322
17 0 1 0.984684
1 0 7 0.524409
2 1 1 0.465016
2 1 12 0.534984
3 1 0 1.000000
3 0 3 0.092798
4 1 15 0.224434
4 1 3 0.196660
5 1 2 1.000000
5 0 1 0.370871
6 0 9 1.000000
6 1 0 1.000000
11 1 5 0.151975
7 0 3 0.093105
7 1 2 0.009321
7 1 17 0.038357
8 1 6 1.000000
8 0 7 0.281469
9 0 4 0.604128
10 0 9 0.303504
10 1 9 1.000000
10 0 15 0.371697
11 1 6 0.848024
11 0 17 0.767967
13 0 4 0.402541
13 1 10 1.000000
13 0 12 0.313246
14 1 11 0.123094
14 1 8 0.876906
17 1 11 0.512454
16 1 7 1.000000
16 0 8 1.000000
17 0 15 0.015316
17 1 4 0.487546
