67 24
0 0 20 0.149166
1 0 14 0.630854
2 0 12 0.233940
3 0 21 0.359526
4 0 17 0.355754
5 0 11 0.491514
6 0 16 1.000000
7 0 22 1.000000
8 0 10 1.000000
9 0 17 0.568257
10 0 6 0.601186
11 0 2 0.288384
12 0 14 1.000000
13 0 7 1.000000
14 0 4 0.532612
15 0 4 0.792234
16 0 2 0.587939
17 0 6 0.588063
18 0 7 1.000000
19 0 4 0.501552
20 0 5 0.428406
21 0 5 0.391190
22 0 16 0.117011
23 0 11 1.000000
0 0 23 0.215130
0 1 22 1.000000
0 0 10 0.635705
1 1 1 1.000000
1 0 6 0.369146
2 0 16 0.562988
2 1 1 1.000000
2 0 11 0.203071
3 0 18 0.640474
4 0 22 0.225259
4 1 19 1.000000
4 0 16 0.418987
5 0 13 0.508486
7 1 10 0.866415
7 1 8 0.133585
9 0 21 0.431743
10 0 22 0.393706
10 1 17 1.000000
10 0 17 0.005108
11 0 3 0.258156
11 1 11 1.000000
11 0 1 0.453460
13 1 7 0.378433
13 1 15 0.621567
14 0 19 0.467388
14 1 12 0.469462
14 1 20 0.530538
15 0 15 0.207766
15 1 18 0.574021
15 1 0 0.425979
16 0 13 0.412061
17 0 18 0.411937
19 0 9 0.498448
19 1 13 0.390198
19 1 22 0.609802
20 1 19 1.000000
20 0 0 0.571594
21 0 0 0.327218
21 1 22 1.000000
21 0 3 0.281593
22 0 7 0.604841
22 1 22 1.000000
22 0 1 0.278148
