68 25
0 0 1 1.000000
1 0 24 0.292269
2 0 10 0.393068
3 0 20 1.000000
4 0 1 0.140207
5 0 1 0.428286
6 0 4 0.884033
7 0 19 1.000000
8 0 15 1.000000
9 0 14 0.719217
10 0 21 1.000000
5 0 23 0.114813
12 0 14 0.487477
13 0 21 0.781388
14 0 24 1.000000
15 0 20 1.000000
16 0 14 0.396967
17 0 16 0.568375
18 0 17 0.577474
19 0 24 1.000000
20 0 18 0.540328
21 0 13 0.612916
22 0 19 0.492336
23 0 6 0.676890
24 0 12 0.223396
22 1 10 0.531265
0 1 14 1.000000
21 0 8 0.387084
1 0 3 0.707731
1 1 21 0.723963
1 1 22 0.276037
2 1 9 1.000000
2 0 13 0.606932
4 0 22 0.101553
5 0 14 0.456901
6 1 2 1.000000
6 0 1 0.115967
9 1 14 1.000000
9 0 17 0.280783
10 1 17 0.752942
10 1 9 0.247058
4 0 6 0.758239
11 1 5 0.783791
11 1 15 0.216209
12 1 14 1.000000
12 0 20 0.332512
13 1 11 0.674783
13 1 16 0.325217
14 1 9 0.773573
14 1 7 0.226427
16 1 3 1.000000
16 0 1 0.603033
17 0 22 0.431625
17 1 3 0.154706
17 1 0 0.845294
18 1 18 1.000000
18 0 24 0.422526
20 1 13 1.000000
20 0 13 0.459672
22 0 7 0.002844
22 1 24 0.468735
22 0 1 0.504820
23 0 10 0.323110
24 0 1 0.776604
24 1 24 0.086669
24 1 19 0.913331
12 0 2 0.180011
13 0 4 0.218612
