37 14
0 0 8 1.000000
1 0 9 1.000000
2 0 10 0.659124
3 0 4 0.249749
4 0 3 0.532132
5 0 13 1.000000
6 0 12 0.560996
7 0 4 0.045146
8 0 4 1.000000
9 0 8 0.580853
10 0 1 0.738933
11 0 0 1.000000
12 0 1 0.614473
13 0 5 1.000000
0 1 12 0.725184
0 1 13 0.274816
1 1 8 0.499961
1 1 13 0.500039
2 0 3 0.340876
3 0 8 0.750251
4 0 6 0.467868
6 0 8 0.439004
6 1 13 0.527313
6 1 9 0.472688
7 0 7 0.954854
8 1 4 0.570815
8 1 3 0.429185
9 0 3 0.419147
10 1 9 1.000000
10 0 2 0.261067
11 1 2 0.257717
11 1 3 0.742283
12 0 6 0.385527
12 1 9 0.824517
12 1 11 0.175483
13 1 7 0.466429
13 1 0 0.533571
