48 17
0 0 14 0.370488
1 0 5 1.000000
2 0 1 0.416086
3 0 1 0.421433
4 0 13 1.000000
5 0 13 1.000000
6 0 13 1.000000
7 0 15 1.000000
8 0 12 1.000000
9 0 6 0.220369
10 0 9 1.000000
11 0 1 1.000000
12 0 0 1.000000
13 0 0 1.000000
14 0 1 0.928030
15 0 1 0.435009
16 0 15 1.000000
1 1 11 0.034705
1 1 14 0.965295
2 0 5 0.466685
2 1 0 1.000000
2 0 9 0.117229
3 1 5 1.000000
3 0 12 0.578567
5 1 14 0.797397
5 1 15 0.202603
6 1 13 0.507021
6 1 9 0.492979
7 1 9 0.220535
7 1 4 0.779465
8 1 10 0.463287
8 1 2 0.536713
9 0 5 0.147385
9 1 16 1.000000
9 0 4 0.189131
0 0 12 0.126736
10 1 5 1.000000
15 0 10 0.564991
13 1 6 0.715870
13 1 0 0.284130
14 0 2 0.071970
14 1 11 0.812760
14 1 14 0.187240
15 1 4 0.438872
15 1 1 0.561128
0 0 3 0.169788
0 0 7 0.332988
9 0 8 0.443115
