46 15
0 0 11 0.294661
1 0 0 0.372945
2 0 14 0.050773
3 0 6 0.836975
4 0 12 0.022463
5 0 8 0.423085
6 0 7 0.413042
7 0 9 1.000000
8 0 10 0.668194
9 0 1 0.376004
10 0 8 0.648274
11 0 7 0.178040
12 0 3 0.133823
13 0 14 0.463021
14 0 12 1.000000
0 0 1 0.513159
0 1 7 1.000000
0 0 9 0.028363
2 1 14 1.000000
2 0 8 0.949227
3 0 1 0.163025
4 0 2 0.977537
4 1 14 0.262218
4 1 11 0.099045
5 1 9 1.000000
5 0 2 0.576915
6 0 11 0.441585
8 0 2 0.331806
11 0 0 0.634507
12 1 12 1.000000
12 0 4 0.866177
13 0 2 0.536979
13 1 7 0.665253
13 1 9 0.334747
14 1 12 0.454013
14 1 6 0.545987
1 0 2 0.627055
9 0 3 0.001895
0 0 4 0.051630
11 0 5 0.187453
0 0 6 0.112186
9 0 8 0.366358
4 1 10 0.638737
6 0 12 0.145373
9 0 13 0.255742
10 0 14 0.351726
