70 23
0 0 3 0.026016
1 0 7 0.502792
2 0 3 0.606669
3 0 7 0.116658
4 0 16 0.711416
5 0 4 1.000000
6 0 4 0.782802
7 0 1 0.328549
8 0 3 0.139549
9 0 1 0.319562
22 0 17 0.215283
11 0 18 1.000000
9 0 11 0.495451
13 0 10 1.000000
14 0 20 0.492172
15 0 10 0.512686
16 0 15 0.219711
17 0 5 0.224021
18 0 8 0.890449
19 0 12 0.428503
20 0 6 1.000000
21 0 8 0.623144
22 0 3 0.784717
0 0 0 0.399882
0 1 1 1.000000
0 0 5 0.574102
1 0 22 0.497208
1 1 22 0.292369
1 1 0 0.707631
2 0 7 0.038370
2 1 9 1.000000
2 0 20 0.354961
3 0 18 0.883342
3 1 12 0.066541
3 1 0 0.933459
4 0 19 0.118087
4 1 0 1.000000
4 0 20 0.170497
5 1 21 0.685046
5 1 0 0.314954
6 0 13 0.217198
7 0 9 0.263101
7 1 14 1.000000
7 0 18 0.408350
8 0 5 0.860451
9 0 2 0.184987
21 1 5 1.000000
10 1 19 0.595487
10 1 16 0.404513
21 0 3 0.376856
20 1 6 0.129740
20 1 18 0.870260
13 1 18 0.398425
13 1 15 0.601575
14 1 6 1.000000
14 0 18 0.507828
15 1 21 1.000000
15 0 5 0.487314
16 0 5 0.378054
16 1 12 1.000000
16 0 6 0.402236
17 0 4 0.775979
17 1 15 0.861033
17 1 7 0.138967
18 0 13 0.109551
18 1 6 0.518592
18 1 22 0.481408
19 0 2 0.571497
19 1 22 0.200181
19 1 0 0.799819
