37 14
0 0 11 1.000000
1 0 0 0.593263
2 0 5 0.425655
3 0 1 1.000000
4 0 0 1.000000
5 0 2 0.521576
6 0 7 1.000000
7 0 10 0.281039
8 0 13 1.000000
9 0 7 0.070792
13 1 2 0.632819
11 0 10 0.540853
12 0 6 0.475821
13 0 6 0.700195
1 0 8 0.406737
2 0 4 0.574345
2 1 10 0.376716
2 1 3 0.623284
3 1 2 0.490109
3 1 5 0.509891
5 1 2 1.000000
5 0 5 0.478424
6 1 10 0.408000
6 1 13 0.592000
7 1 3 1.000000
7 0 9 0.718961
8 1 1 0.238227
8 1 2 0.761773
9 0 6 0.929208
9 1 0 0.531594
9 1 8 0.468406
13 1 12 0.367182
11 0 1 0.029304
11 1 3 1.000000
11 0 7 0.429843
12 0 7 0.524179
13 0 1 0.299805
