75 26
0 0 10 1.000000
1 0 14 0.005679
2 0 11 0.915547
3 0 8 0.474438
4 0 25 1.000000
5 0 8 0.257921
6 0 5 0.495845
7 0 0 0.475695
8 0 12 1.000000
9 0 16 1.000000
10 0 18 1.000000
11 0 20 1.000000
12 0 6 1.000000
13 0 18 0.319966
14 0 9 0.201641
15 0 16 0.321831
16 0 3 0.683652
17 0 7 0.342729
18 0 3 1.000000
19 0 0 0.777238
20 0 12 1.000000
21 0 14 1.000000
22 0 19 0.711508
23 0 19 1.000000
24 0 14 0.787016
25 0 11 0.020435
1 1 25 1.000000
1 0 1 0.994321
2 1 5 1.000000
2 0 7 0.084453
3 0 7 0.525562
4 1 22 0.167070
4 1 13 0.832930
6 0 14 0.504155
6 1 8 0.459589
6 1 18 0.540411
7 0 6 0.524305
7 1 5 0.222964
7 1 21 0.777036
8 1 3 0.303479
8 1 20 0.696521
9 1 10 0.193580
9 1 17 0.806420
10 1 7 0.540355
10 1 0 0.459645
13 0 16 0.680034
14 1 14 1.000000
14 0 10 0.798359
15 0 23 0.358123
15 1 6 1.000000
15 0 0 0.320046
16 1 13 1.000000
16 0 4 0.316348
17 0 16 0.529788
17 1 24 1.000000
17 0 5 0.127484
18 1 3 0.377182
18 1 2 0.622818
19 1 4 1.000000
19 0 17 0.222762
20 1 6 0.924446
20 1 15 0.075554
21 1 11 0.093340
21 1 12 0.906660
22 1 21 1.000000
22 0 17 0.288492
23 1 11 0.517674
23 1 0 0.482326
24 0 11 0.212984
24 1 2 0.518081
24 1 20 0.481919
25 0 10 0.305233
25 1 22 1.000000
25 0 8 0.674332
5 0 1 0.742079
