33 13
0 0 9 1.000000
1 0 6 0.628622
2 0 11 1.000000
3 0 2 0.007305
4 0 11 1.000000
5 0 3 1.000000
6 0 1 0.390421
12 0 1 0.558241
8 0 4 1.000000
9 0 12 0.188107
10 0 7 1.000000
11 0 2 0.203635
12 0 3 0.441759
1 0 12 0.371378
1 1 2 0.515644
1 1 11 0.484356
2 1 11 0.611703
2 1 6 0.388297
3 0 0 0.992695
11 0 1 0.796365
10 1 11 0.695750
4 1 6 0.525025
4 1 0 0.474975
5 1 4 0.868971
5 1 10 0.131029
6 1 5 1.000000
6 0 12 0.609579
10 1 4 0.304250
7 1 8 1.000000
7 0 11 1.000000
9 0 0 0.770946
9 1 3 1.000000
9 0 10 0.040947
