75 29
0 0 2 0.523972
1 0 5 0.660035
2 0 22 1.000000
3 0 13 0.721896
4 0 10 0.162720
5 0 16 1.000000
6 0 28 0.640634
7 0 1 0.392443
8 0 18 1.000000
9 0 26 0.467325
10 0 5 1.000000
11 0 3 0.286777
12 0 16 1.000000
13 0 28 0.288455
14 0 5 0.716784
15 0 17 1.000000
16 0 6 1.000000
17 0 15 0.427423
18 0 28 0.815506
19 0 16 0.884001
20 0 13 1.000000
21 0 15 0.425860
22 0 14 0.521532
23 0 15 1.000000
24 0 11 0.363282
25 0 19 0.165591
26 0 3 1.000000
27 0 25 1.000000
28 0 15 0.347917
0 0 18 0.476028
1 0 19 0.339965
2 1 6 0.424879
2 1 8 0.575121
3 1 27 1.000000
3 0 3 0.278104
4 0 25 0.243943
4 1 25 1.000000
4 0 24 0.593337
6 1 16 1.000000
6 0 4 0.359366
7 0 9 0.290347
7 1 9 1.000000
7 0 0 0.187536
8 1 21 0.360226
8 1 18 0.639774
9 1 18 1.000000
9 0 1 0.532675
11 0 26 0.155460
11 1 13 1.000000
11 0 21 0.557763
13 0 9 0.711545
13 1 2 0.228917
13 1 25 0.771083
14 1 23 0.035311
14 0 19 0.283216
15 1 14 0.140912
15 1 6 0.859088
7 0 20 0.129675
16 1 19 1.000000
24 0 12 0.636718
17 0 8 0.572577
18 1 6 1.000000
18 0 13 0.184494
19 0 24 0.115999
19 1 6 0.518478
19 1 24 0.481522
21 0 10 0.574140
22 0 23 0.478468
23 1 9 0.302908
23 1 19 0.697092
14 1 7 0.964689
28 0 11 0.652083
25 0 21 0.181911
25 1 25 1.000000
25 0 17 0.652499
