35 11
0 0 9 1.000000
1 0 3 0.314374
2 0 10 0.441882
3 0 8 0.325852
4 0 9 0.885962
5 0 1 1.000000
6 0 3 0.357565
7 0 5 1.000000
8 0 0 0.404019
9 0 10 0.675964
10 0 0 0.903944
1 1 7 1.000000
1 0 2 0.685626
2 1 4 1.000000
2 0 3 0.558118
3 0 9 0.350884
3 1 8 1.000000
3 0 6 0.323264
4 0 10 0.114038
10 1 1 0.058839
10 1 6 0.941161
5 1 6 0.327220
5 1 2 0.672780
6 0 10 0.123933
6 1 7 1.000000
6 0 2 0.518502
7 1 4 0.982394
7 1 1 0.017606
8 0 8 0.219141
8 1 8 1.000000
8 0 1 0.376840
9 0 7 0.324036
9 1 10 0.425657
9 1 4 0.574343
10 0 7 0.096056
