40 13
0 0 6 0.591036
1 0 5 0.488616
2 0 10 0.371108
3 0 6 1.000000
4 0 6 0.606166
5 0 12 0.346791
6 0 3 0.740991
7 0 2 0.404780
8 0 10 0.569293
9 0 12 0.113505
10 0 12 1.000000
11 0 7 0.713900
12 0 7 0.361040
0 0 2 0.408964
0 1 5 0.339406
0 1 7 0.660594
1 0 2 0.511384
2 0 0 0.628892
2 1 10 0.418541
2 1 7 0.581459
3 1 3 0.542697
3 1 6 0.457303
4 0 8 0.393834
5 0 3 0.413631
5 1 8 1.000000
5 0 0 0.239578
6 0 7 0.259009
8 1 3 1.000000
8 0 9 0.430707
9 0 10 0.619543
9 1 1 1.000000
9 0 9 0.266952
7 0 11 0.595220
10 1 2 1.000000
12 0 4 0.638960
11 0 10 0.286100
11 1 6 0.574019
11 1 11 0.425981
12 1 9 0.956784
12 1 8 0.043216
