62 24
0 0 9 0.768246
1 0 3 0.072076
2 0 17 1.000000
3 0 22 0.118514
4 0 6 0.648457
5 0 12 1.000000
21 0 14 0.613155
7 0 9 0.765212
8 0 9 0.119319
9 0 12 0.253545
10 0 18 0.058975
11 0 19 1.000000
12 0 21 0.247328
13 0 16 1.000000
20 0 1 0.377045
15 0 11 0.453691
16 0 19 0.680368
17 0 3 0.799668
18 0 5 0.452683
19 0 21 0.378468
20 1 8 1.000000
21 0 15 0.386845
22 0 16 1.000000
23 0 5 1.000000
0 1 13 1.000000
0 0 3 0.231754
1 0 1 0.170518
1 1 17 1.000000
1 0 6 0.757407
3 0 19 0.557583
3 1 3 1.000000
3 0 18 0.323903
4 1 21 1.000000
4 0 17 0.351543
6 0 11 1.000000
6 1 14 1.000000
20 0 4 0.622955
7 1 15 1.000000
7 0 0 0.234788
8 0 19 0.880681
9 0 6 0.140704
9 1 10 1.000000
9 0 5 0.605751
10 1 12 1.000000
10 0 13 0.941025
11 1 11 0.940980
11 1 5 0.059020
12 0 5 0.752672
13 1 3 0.334816
13 1 7 0.665184
14 1 18 1.000000
19 1 4 0.333542
15 0 8 0.546309
15 1 2 0.592042
15 1 5 0.407958
16 1 12 1.000000
16 0 3 0.319632
17 1 9 1.000000
17 0 23 0.200332
18 0 12 0.547317
19 0 20 0.621532
19 1 16 0.666458
