40 14
0 0 12 0.162576
1 0 12 0.056085
2 0 13 0.339834
3 0 8 1.000000
4 0 7 0.684260
5 0 6 1.000000
6 0 10 0.200360
7 0 5 1.000000
13 1 9 0.453726
9 0 4 1.000000
10 0 6 0.433712
11 0 13 0.469800
12 0 1 0.062822
13 0 0 0.311897
0 0 11 0.665482
0 1 11 1.000000
0 0 9 0.171942
1 0 8 0.332266
1 1 0 1.000000
1 0 13 0.611649
2 0 0 0.660166
2 1 1 0.535839
2 1 11 0.464161
3 1 12 0.594755
3 1 7 0.405245
4 0 13 0.315740
4 1 13 0.268490
4 1 2 0.731510
6 0 6 0.188014
6 1 12 1.000000
6 0 7 0.611626
13 1 0 0.546274
8 1 10 1.000000
8 0 9 1.000000
10 0 7 0.566288
11 0 10 0.530200
11 1 3 0.342170
11 1 5 0.657830
12 0 6 0.937178
13 0 6 0.688103
