34 12
0 0 3 0.229361
1 0 9 0.745605
2 0 4 0.621172
3 0 8 0.819816
4 0 8 0.520880
5 0 11 0.318015
6 0 5 1.000000
7 0 4 0.343732
8 0 7 0.117430
9 0 3 0.289060
10 0 11 0.079403
11 0 6 0.308281
0 0 9 0.770639
1 0 6 0.254395
1 1 3 0.395835
1 1 7 0.604165
2 0 5 0.378828
11 0 10 0.691719
11 1 4 1.000000
3 0 5 0.180184
3 1 11 0.460164
3 1 0 0.539836
4 0 9 0.479120
5 0 6 0.336925
5 1 6 1.000000
5 0 3 0.345060
7 0 0 0.656268
8 0 4 0.882570
10 1 0 0.871000
10 1 5 0.129000
9 0 8 0.710940
9 1 10 0.532503
9 1 2 0.467497
10 0 2 0.920597
