53 21
0 0 5 0.511010
1 0 5 1.000000
2 0 17 1.000000
3 0 19 0.693316
4 0 11 1.000000
5 0 9 0.003443
6 0 9 1.000000
7 0 13 0.508893
8 0 6 1.000000
12 0 15 0.419946
10 0 11 0.446984
11 0 3 1.000000
20 0 9 0.354775
13 0 14 0.356619
14 0 3 0.094288
20 1 4 1.000000
16 0 17 0.353570
17 0 12 0.520959
18 0 14 0.611950
19 0 16 1.000000
20 0 0 0.262424
0 0 20 0.488990
1 1 12 0.789221
1 1 14 0.210779
3 0 7 0.306684
5 0 16 0.996557
6 1 2 0.435393
6 1 7 0.564607
7 0 7 0.491107
20 0 18 0.382801
9 1 16 0.274664
9 1 10 0.725336
10 1 12 1.000000
10 0 20 0.553016
11 1 0 0.720307
11 1 12 0.279693
12 0 8 0.580054
12 1 14 1.000000
19 1 5 0.236934
13 0 3 0.643381
14 0 19 0.349235
14 1 18 1.000000
14 0 17 0.556476
19 1 7 0.763066
15 1 11 0.657955
15 1 9 0.342045
16 1 3 1.000000
16 0 6 0.646430
17 1 10 1.000000
17 0 4 0.479041
18 0 8 0.099463
18 1 17 1.000000
18 0 17 0.288587
