63 21
0 0 12 0.530449
1 0 13 0.636501
2 0 9 0.320332
3 0 14 0.437573
4 0 18 0.087671
5 0 11 0.244368
6 0 10 1.000000
7 0 10 0.806261
8 0 7 1.000000
9 0 7 1.000000
10 0 13 0.258491
11 0 6 0.652619
12 0 3 0.380057
13 0 1 0.001932
14 0 2 1.000000
15 0 20 1.000000
16 0 10 1.000000
17 0 0 0.303918
18 0 7 0.667798
19 0 15 0.456898
5 0 19 0.399066
0 1 1 1.000000
0 0 16 0.469551
1 1 14 1.000000
1 0 2 0.363499
2 0 14 0.679668
3 0 10 0.473647
3 1 1 1.000000
3 0 7 0.088780
4 1 0 1.000000
4 0 15 0.912329
5 0 5 0.356566
7 0 1 0.193739
7 1 12 0.695115
7 1 5 0.304885
8 1 20 0.137263
8 1 17 0.862737
9 1 7 0.325592
9 1 1 0.674408
10 0 8 0.741509
10 1 15 0.292229
10 1 18 0.707771
11 0 8 0.153586
11 1 20 1.000000
11 0 7 0.193795
12 0 18 0.173596
12 1 6 1.000000
12 0 20 0.446347
13 0 5 0.592338
13 1 20 1.000000
13 0 12 0.405730
14 1 16 0.747901
14 1 6 0.252099
17 0 12 0.295690
17 1 4 1.000000
17 0 13 0.400392
18 0 0 0.332202
18 1 1 0.223416
18 1 17 0.776584
19 0 17 0.543102
19 1 17 0.613862
19 1 13 0.386138
20 1 13 1.000000
