56 21
0 0 6 0.546704
1 0 14 0.081199
2 0 16 0.950204
3 0 9 0.232858
4 0 15 1.000000
5 0 17 1.000000
6 0 15 0.052311
7 0 13 0.369982
8 0 3 1.000000
9 0 10 0.669569
10 0 18 1.000000
11 0 4 0.164394
12 0 15 0.707602
13 0 7 1.000000
14 0 18 1.000000
15 0 2 0.430761
16 0 2 1.000000
17 0 16 1.000000
18 0 5 0.499216
19 0 12 0.777857
20 0 0 0.491980
0 1 9 1.000000
0 0 8 0.453296
1 1 9 1.000000
1 0 5 0.918801
2 0 11 0.049796
2 1 7 0.750252
2 1 4 0.249748
3 1 7 1.000000
3 0 20 0.767142
4 1 16 0.557456
4 1 10 0.442544
6 0 0 0.947689
7 0 2 0.630018
8 1 17 0.360578
8 1 9 0.639422
9 0 1 0.330431
9 1 1 0.403089
9 1 6 0.596911
10 1 4 0.794432
10 1 10 0.205568
11 0 13 0.616118
12 0 19 0.292398
12 1 12 0.273718
12 1 17 0.280004
15 1 8 1.000000
15 0 7 0.569239
17 1 6 0.542286
17 1 2 0.457714
18 0 2 0.500785
19 1 14 1.000000
19 0 5 0.222143
20 1 17 1.000000
20 0 4 0.508020
11 0 12 0.219488
12 1 19 0.446278
