38 12
0 0 7 0.391867
1 0 3 0.424405
2 0 11 0.302441
3 0 8 0.115395
4 0 1 1.000000
10 1 0 0.180850
6 0 7 0.444605
7 0 5 0.400721
8 0 0 1.000000
9 0 11 0.184218
10 0 2 1.000000
11 0 6 1.000000
0 0 9 0.272345
0 1 4 1.000000
0 0 2 0.335788
1 0 7 0.575595
1 1 3 0.718334
1 1 8 0.281666
2 0 9 0.697559
2 1 4 0.497900
2 1 2 0.502100
3 0 2 0.434854
3 1 7 1.000000
3 0 11 0.449751
4 1 3 0.378172
4 1 9 0.621828
5 1 5 1.000000
10 1 2 0.819150
6 0 1 0.555395
6 1 7 0.217115
6 1 3 0.782885
7 1 7 1.000000
7 0 9 0.599279
8 1 5 0.985123
8 1 6 0.014878
9 0 9 0.815782
9 1 10 0.641181
9 1 3 0.358819
