78 27
0 0 9 0.477491
1 0 17 1.000000
2 0 26 0.417876
3 0 9 1.000000
4 0 3 0.362500
5 0 13 0.410236
6 0 4 0.336656
7 0 13 0.325332
8 0 4 0.668276
9 0 3 1.000000
10 0 9 0.145417
11 0 17 1.000000
12 0 24 0.293589
13 0 0 0.186888
14 0 25 0.325819
15 0 9 0.047015
16 0 18 0.382120
17 0 25 0.223800
18 0 15 0.720898
19 0 21 1.000000
20 0 15 1.000000
21 0 16 1.000000
22 0 23 1.000000
23 0 2 0.423262
24 0 19 0.742456
25 0 19 1.000000
26 0 7 0.042517
0 0 8 0.522509
0 1 5 0.929670
0 1 10 0.070330
1 1 21 0.670291
1 1 1 0.329709
2 0 16 0.582124
2 1 22 0.241867
2 1 4 0.758133
4 1 23 1.000000
4 0 7 0.637500
5 0 11 0.106221
5 1 15 1.000000
5 0 25 0.483542
6 0 19 0.463247
6 1 19 1.000000
6 0 17 0.200097
7 0 2 0.674668
8 0 3 0.331724
9 1 5 0.671313
9 1 16 0.328687
10 0 1 0.215866
10 1 10 1.000000
10 0 8 0.638717
12 0 23 0.706411
12 1 23 0.931719
12 1 5 0.068281
13 0 14 0.813112
13 1 8 0.525973
13 1 22 0.474027
14 0 9 0.674181
14 1 3 0.754134
14 1 6 0.245866
15 0 24 0.952985
16 0 24 0.617880
16 1 4 0.833459
16 1 15 0.166541
17 1 6 1.000000
17 0 6 0.776200
18 0 1 0.279102
20 1 12 0.030837
26 1 1 0.512207
19 1 22 0.666547
19 1 19 0.333453
20 1 11 0.348338
20 1 26 0.620825
23 0 23 0.576738
24 0 20 0.257544
25 1 24 0.302922
25 1 3 0.697078
26 0 4 0.957483
26 1 21 0.487793
