76 27
0 0 4 0.553154
1 0 23 0.161361
2 0 1 0.490727
3 0 0 1.000000
4 0 23 1.000000
5 0 0 0.555433
6 0 20 0.318720
7 0 3 0.617108
8 0 26 0.614261
9 0 0 1.000000
10 0 5 0.496353
11 0 7 0.023795
12 0 0 1.000000
13 0 23 0.022160
14 0 4 0.739001
15 0 12 0.083985
16 0 8 0.577845
17 0 9 0.248591
18 0 10 0.149471
19 0 6 0.272111
20 0 11 0.339310
21 0 25 1.000000
22 0 23 1.000000
23 0 14 0.350168
24 0 8 0.143934
25 0 7 1.000000
26 0 2 1.000000
0 0 21 0.446846
1 0 18 0.574059
1 1 16 1.000000
1 0 17 0.264580
2 0 23 0.509273
2 1 15 0.350092
2 1 18 0.649908
3 1 4 0.774502
3 1 3 0.225498
5 0 20 0.444567
6 0 4 0.300954
6 1 14 1.000000
6 0 2 0.380326
7 1 19 1.000000
7 0 11 0.382892
8 1 20 1.000000
8 0 2 0.385739
9 1 11 0.591365
9 1 14 0.408635
10 0 20 0.351615
10 1 5 1.000000
10 0 4 0.152031
11 0 14 0.354284
11 1 23 1.000000
11 0 0 0.621920
12 1 6 0.713213
12 1 5 0.286787
13 0 13 0.977840
14 0 16 0.260999
15 1 1 1.000000
15 0 22 0.872158
16 0 2 0.422155
17 0 20 0.751409
18 0 20 0.850529
19 0 11 0.727889
20 0 23 0.660690
20 1 18 0.244272
20 1 5 0.755728
21 1 13 0.352250
21 1 8 0.647750
22 1 21 0.288564
22 1 18 0.711436
23 0 13 0.214450
23 1 13 1.000000
23 0 16 0.435382
24 0 16 0.856066
25 1 3 0.084438
25 1 18 0.915562
15 0 24 0.043856
