56 19
0 0 15 0.771855
1 0 7 0.380392
2 0 6 0.370235
3 0 2 0.719836
4 0 8 0.964293
5 0 6 0.052654
6 0 16 1.000000
7 0 6 0.455099
8 0 17 0.367972
9 0 14 1.000000
10 0 2 1.000000
11 0 13 0.230208
12 0 7 0.003771
13 0 16 0.002641
14 0 0 1.000000
18 0 12 0.521503
16 0 12 0.443929
17 0 9 1.000000
18 0 14 0.478497
0 0 5 0.228145
1 0 16 0.267584
1 1 6 1.000000
1 0 15 0.352023
2 0 2 0.629765
2 1 1 0.408605
2 1 18 0.591395
3 0 11 0.280164
3 1 13 0.633027
3 1 16 0.366973
4 0 12 0.035708
4 1 1 0.292560
4 1 12 0.707440
5 0 11 0.947346
6 1 14 0.499940
6 1 6 0.500060
7 0 0 0.173110
7 1 14 1.000000
7 0 8 0.371792
8 0 18 0.006740
8 1 4 1.000000
8 0 14 0.625288
9 1 16 0.715400
9 1 12 0.284600
11 0 6 0.769792
12 0 1 0.339253
12 1 3 1.000000
12 0 16 0.656977
13 0 11 0.231967
13 1 7 1.000000
13 0 1 0.765393
14 1 3 0.886237
14 1 14 0.113763
18 1 1 1.000000
17 1 6 0.456839
17 1 10 0.543160
16 0 1 0.556071
