75 27
0 0 1 0.241475
1 0 14 0.621667
2 0 0 0.362514
3 0 2 0.428920
4 0 9 0.513454
5 0 9 1.000000
6 0 10 1.000000
7 0 2 0.462802
8 0 22 1.000000
9 0 3 1.000000
10 0 25 0.545091
11 0 13 0.627518
12 0 26 0.846072
13 0 26 0.865302
14 0 17 0.357394
15 0 18 0.451364
16 0 5 1.000000
17 0 19 0.682586
18 0 16 0.530295
19 0 1 1.000000
20 0 22 0.874163
11 1 8 0.556306
22 0 24 0.251834
23 0 20 1.000000
24 0 12 1.000000
25 0 17 0.322762
26 0 21 0.196870
0 0 18 0.758525
1 0 15 0.342546
1 1 26 1.000000
1 0 1 0.035787
2 0 11 0.628573
2 1 16 1.000000
2 0 16 0.008913
3 0 11 0.571080
3 1 1 0.949734
3 1 6 0.050266
4 0 14 0.486546
4 1 21 0.641213
4 1 24 0.358787
7 0 21 0.537198
7 1 17 0.761205
7 1 10 0.238795
10 0 16 0.153843
10 1 1 1.000000
10 0 13 0.301066
11 0 10 0.372482
11 1 25 0.303271
11 1 21 0.140423
12 0 17 0.153928
12 1 6 0.367497
12 1 15 0.632503
13 0 11 0.134698
13 1 18 0.762319
13 1 4 0.237681
14 0 6 0.642606
15 0 9 0.548636
16 1 1 0.374443
16 1 24 0.625557
17 0 9 0.107041
18 0 22 0.469705
20 1 3 1.000000
20 0 1 0.125837
17 0 7 0.210373
21 1 13 1.000000
21 0 0 1.000000
22 0 23 0.748166
23 1 19 0.396187
23 1 13 0.603813
25 0 11 0.440265
25 1 14 1.000000
25 0 19 0.236973
26 0 5 0.232261
26 1 20 1.000000
26 0 24 0.570869
