72 28
0 0 7 1.000000
1 0 15 1.000000
2 0 1 0.211153
3 0 12 0.669543
4 0 11 0.956707
5 0 14 0.881662
19 0 24 0.606766
7 0 8 1.000000
5 1 22 0.527513
9 0 20 0.559643
10 0 13 0.653106
11 0 2 0.382922
12 0 20 0.268326
13 0 10 1.000000
14 0 6 1.000000
15 0 17 0.294420
16 0 20 0.440418
17 0 16 0.340817
27 1 10 0.424468
19 0 0 0.393234
20 0 1 0.401510
21 0 0 0.369382
22 0 11 1.000000
23 0 5 1.000000
24 0 8 0.851488
27 1 9 0.575532
26 0 9 1.000000
27 0 14 1.000000
2 0 7 0.294689
2 1 8 1.000000
2 0 9 0.494158
3 1 0 1.000000
3 0 13 0.330457
4 1 2 1.000000
4 0 8 0.043293
5 0 3 0.118338
5 1 14 0.377690
5 1 18 0.094797
6 1 3 1.000000
25 1 21 0.838735
25 1 1 0.161265
8 1 13 0.536169
8 1 20 0.463831
9 1 13 1.000000
9 0 26 0.440357
10 0 17 0.346894
11 1 25 1.000000
11 0 1 0.617078
12 0 19 0.171962
12 1 25 1.000000
12 0 9 0.559713
13 1 1 0.537825
13 1 13 0.462175
25 0 0 1.000000
14 1 3 1.000000
24 0 5 0.148512
15 0 11 0.705580
16 0 19 0.559582
16 1 17 0.702678
16 1 5 0.297322
17 0 4 0.500252
17 1 14 1.000000
17 0 7 0.158931
24 1 14 1.000000
18 1 10 1.000000
18 0 3 1.000000
20 0 6 0.585911
20 1 20 1.000000
20 0 23 0.012580
21 0 14 0.630618
23 1 3 0.468451
23 1 5 0.531549
