70 23
0 0 9 0.915182
1 0 4 0.026391
2 0 10 1.000000
3 0 5 1.000000
4 0 10 0.005276
5 0 2 0.822714
6 0 5 0.582897
7 0 19 0.743689
8 0 12 1.000000
9 0 0 1.000000
10 0 1 1.000000
11 0 21 1.000000
12 0 11 0.384466
13 0 21 0.423439
14 0 9 0.422859
15 0 22 1.000000
16 0 11 0.205579
17 0 9 0.348473
18 0 17 0.186794
19 0 14 0.297841
20 0 12 0.480921
21 0 19 1.000000
22 0 5 1.000000
0 1 12 1.000000
0 0 7 0.084818
1 0 2 0.309938
1 1 17 1.000000
1 0 6 0.663671
4 0 11 0.994724
4 1 14 0.466067
4 1 15 0.533933
5 1 1 1.000000
5 0 18 0.177286
6 1 0 0.419761
6 1 5 0.580239
7 0 10 0.256311
7 1 22 0.176650
7 1 14 0.823350
6 0 20 0.417103
11 1 11 1.000000
19 0 13 0.374131
12 0 12 0.615534
12 1 4 0.151273
12 1 3 0.848727
13 0 2 0.576561
13 1 7 0.324906
13 1 15 0.675094
14 0 19 0.356010
14 1 10 1.000000
14 0 2 0.221131
15 1 21 0.082355
15 1 22 0.917645
16 0 19 0.255463
16 1 1 1.000000
16 0 9 0.538958
17 0 12 0.651527
17 1 16 0.397368
17 1 1 0.602632
18 0 9 0.229297
18 1 10 1.000000
18 0 6 0.583910
19 0 11 0.328027
20 0 17 0.260914
20 1 20 1.000000
20 0 20 0.258164
21 1 18 0.564955
21 1 14 0.114625
22 1 7 0.323559
22 1 17 0.676441
21 1 8 0.320420
