51 16
0 0 13 0.922500
1 0 10 0.425606
2 0 11 1.000000
3 0 0 1.000000
4 0 0 1.000000
5 0 13 0.458557
6 0 15 1.000000
7 0 14 0.191049
8 0 9 1.000000
9 0 12 1.000000
10 0 12 0.943219
11 0 9 0.381154
12 0 11 0.327022
13 0 10 0.546469
14 0 13 0.022717
15 0 1 1.000000
0 1 12 1.000000
0 0 7 0.077500
1 1 15 1.000000
1 0 0 0.574394
2 1 0 0.829225
2 1 4 0.170775
3 1 3 0.958732
3 1 14 0.041268
4 1 13 0.656153
4 1 0 0.343847
5 1 0 1.000000
5 0 3 0.541443
15 1 8 0.040249
6 1 10 1.000000
15 1 1 0.561718
7 1 6 1.000000
7 0 0 0.808951
8 1 3 0.451943
8 1 10 0.548057
15 1 4 0.398032
9 1 1 1.000000
14 0 7 0.208937
10 0 14 0.056781
10 1 14 0.491307
10 1 11 0.508693
11 1 13 1.000000
11 0 0 0.618846
12 0 4 0.339308
12 1 9 1.000000
12 0 9 0.333670
13 0 6 0.453531
13 1 9 0.324386
13 1 12 0.675614
14 0 4 0.768346
14 1 2 1.000000
