74 25
0 0 6 0.561071
1 0 7 1.000000
2 0 5 0.526017
3 0 4 1.000000
4 0 8 1.000000
5 0 11 0.534450
6 0 12 0.060313
7 0 4 0.388698
8 0 10 0.223514
9 0 7 0.336905
10 0 5 0.133828
11 0 1 1.000000
12 0 20 0.227690
13 0 1 1.000000
14 0 4 0.344946
15 0 6 0.306544
16 0 3 1.000000
17 0 20 0.577939
18 0 22 0.818147
19 0 8 0.670919
20 0 4 0.713503
0 0 22 0.259941
22 0 21 0.729285
23 0 4 0.792774
24 0 23 0.363088
0 0 14 0.178989
0 1 24 0.238175
0 1 4 0.761825
1 1 21 0.766049
1 1 13 0.233951
2 0 9 0.473983
4 1 7 0.528206
4 1 5 0.471794
5 1 21 1.000000
5 0 8 0.465550
6 0 2 0.497066
7 0 7 0.517778
8 0 21 0.776486
8 1 23 0.594631
8 1 7 0.405369
9 1 6 0.500564
9 0 8 0.663095
12 0 6 0.316403
12 1 13 1.000000
12 0 4 0.455907
24 0 19 0.636912
9 1 18 0.499436
14 0 1 0.655054
14 1 23 0.146827
14 1 11 0.853173
15 0 3 0.693456
15 1 22 0.566912
15 1 20 0.433088
16 1 19 0.368722
16 1 24 0.631278
17 1 9 1.000000
17 0 0 0.422061
18 1 18 1.000000
18 0 17 0.181853
19 0 2 0.329081
19 1 19 0.273833
19 1 20 0.726167
20 0 12 0.286498
21 0 17 0.158610
21 1 12 1.000000
21 0 2 0.841390
22 0 2 0.042165
22 1 20 1.000000
22 0 13 0.228550
23 1 0 1.000000
23 0 1 0.207226
10 0 3 0.866172
6 0 15 0.442621
7 0 16 0.093524
