82 30
12 0 28 0.544891
1 0 0 1.000000
2 0 17 1.000000
3 0 8 0.395485
4 0 7 0.566691
5 0 7 0.679884
6 0 9 1.000000
7 0 26 1.000000
8 0 27 1.000000
9 0 24 1.000000
10 0 1 1.000000
11 0 15 1.000000
12 0 5 0.455109
13 0 4 1.000000
14 0 11 0.780672
15 0 7 1.000000
16 0 29 1.000000
17 0 22 0.077331
18 0 15 0.182887
19 0 6 0.408026
20 0 23 0.400352
21 0 26 0.516679
22 0 24 0.067064
23 0 14 0.378786
24 0 12 1.000000
25 0 22 0.376457
26 0 23 0.331008
27 0 16 1.000000
28 0 2 0.807902
29 0 17 1.000000
18 0 10 0.352103
0 1 23 0.355777
0 1 15 0.644223
1 1 16 0.432199
1 1 15 0.567801
3 0 15 0.206802
3 1 27 1.000000
3 0 3 0.397713
4 0 23 0.433309
5 1 23 1.000000
5 0 27 0.320116
8 1 29 0.976015
8 1 18 0.023985
10 1 20 0.253736
10 1 1 0.746264
13 1 21 0.630374
13 1 6 0.369626
14 0 15 0.219328
14 1 17 0.775271
14 1 8 0.224729
15 1 8 0.133954
15 1 16 0.866046
16 1 6 0.596652
16 1 0 0.403348
17 0 9 0.922669
17 1 11 0.252432
17 1 7 0.747568
18 1 1 1.000000
18 0 21 0.465010
19 0 29 0.591974
20 0 19 0.599648
21 1 26 1.000000
21 0 24 0.483321
22 0 4 0.524609
22 1 16 1.000000
22 0 1 0.408327
23 1 20 1.000000
23 0 12 0.621214
24 1 6 0.121227
24 1 25 0.878773
25 0 29 0.623543
25 1 11 0.715828
25 1 15 0.284172
26 1 13 1.000000
26 0 16 0.668992
27 1 2 0.654566
27 1 3 0.345434
28 0 25 0.192098
28 1 10 0.519564
28 1 12 0.480436
29 1 7 0.341715
29 1 12 0.658285
