93 30
0 0 27 0.267967
1 0 18 0.667497
2 0 11 0.783318
3 0 1 1.000000
4 0 16 0.107855
5 0 9 1.000000
6 0 10 0.426904
7 0 29 0.092859
8 0 19 0.165836
9 0 8 0.501742
10 0 25 0.632913
11 0 6 0.301958
12 0 5 0.303146
13 0 12 0.488823
14 0 6 1.000000
15 0 3 1.000000
16 0 2 1.000000
17 0 18 1.000000
18 0 17 0.187857
19 0 7 0.687443
20 0 1 0.393864
21 0 3 0.028942
22 0 19 0.224910
23 0 20 0.606075
24 0 25 1.000000
25 0 23 1.000000
26 0 13 0.000469
27 0 11 0.989142
28 0 11 0.626901
29 0 27 0.485129
0 0 12 0.365500
0 1 29 1.000000
0 0 15 0.366533
1 0 6 0.204787
1 1 19 1.000000
1 0 7 0.127716
2 0 14 0.216682
4 0 21 0.485075
4 1 21 1.000000
4 0 9 0.407069
5 1 18 0.198430
5 1 20 0.801570
6 1 17 1.000000
6 0 12 0.573096
7 0 23 0.907141
8 0 27 0.834164
8 1 16 0.159936
8 1 0 0.840064
9 0 14 0.251952
9 1 24 1.000000
9 0 18 0.246306
10 0 4 0.343342
10 1 7 1.000000
10 0 22 0.023745
11 0 25 0.698042
12 0 13 0.577275
12 1 6 1.000000
12 0 22 0.119579
13 0 20 0.511177
13 1 20 0.502235
13 1 2 0.497765
14 1 28 0.172392
14 1 13 0.827608
16 1 20 0.761511
16 1 18 0.238489
17 1 14 0.282246
17 1 5 0.717754
18 0 19 0.387612
18 1 9 1.000000
18 0 20 0.424531
19 1 29 1.000000
19 0 5 0.312557
20 0 22 0.386913
20 1 21 1.000000
20 0 17 0.219223
21 0 5 0.530916
21 1 18 1.000000
21 0 25 0.440142
22 1 18 1.000000
22 0 0 0.775090
23 0 26 0.393925
23 1 6 0.900628
23 1 26 0.099372
24 1 7 0.319760
24 1 16 0.680240
26 1 4 1.000000
26 0 12 0.999531
27 1 25 1.000000
27 0 23 0.010858
28 0 3 0.373099
29 0 2 0.514871
29 1 29 0.429740
29 1 13 0.570260
