53 19
0 0 2 1.000000
1 0 11 1.000000
2 0 3 0.558568
18 0 11 0.419735
18 1 5 1.000000
5 0 15 1.000000
6 0 10 1.000000
7 0 8 0.427373
8 0 2 1.000000
17 0 12 0.457723
10 0 16 0.264156
11 0 17 0.601604
12 0 1 0.340809
13 0 10 1.000000
14 0 10 0.469827
15 0 10 0.576592
16 0 0 1.000000
17 0 15 0.542277
18 0 2 0.580265
0 1 6 0.348006
0 1 8 0.651994
2 0 1 0.441432
3 1 16 1.000000
17 1 11 1.000000
16 1 3 0.822233
4 1 14 1.000000
4 0 13 1.000000
5 1 11 0.594705
5 1 13 0.405295
7 1 15 1.000000
7 0 15 0.572627
8 1 2 0.450542
8 1 14 0.549458
16 1 18 0.177767
9 1 16 1.000000
9 0 7 1.000000
10 0 15 0.427462
10 1 2 1.000000
10 0 9 0.308382
11 0 12 0.398396
11 1 7 0.399272
11 1 12 0.600728
12 0 18 0.659191
12 1 9 0.623798
12 1 7 0.376202
13 1 7 0.506830
13 1 8 0.493170
14 0 5 0.530173
14 1 16 0.169940
14 1 13 0.830060
15 0 8 0.423408
15 1 12 0.128724
15 1 18 0.871276
