49 16
0 0 13 0.841396
1 0 8 1.000000
2 0 9 0.451374
3 0 11 1.000000
4 0 5 1.000000
5 0 10 0.216612
6 0 9 1.000000
7 0 15 0.255185
8 0 12 0.274579
9 0 0 0.550126
10 0 9 0.082338
10 0 11 0.280157
12 0 2 0.539021
13 0 14 0.670598
14 0 5 0.078237
15 0 7 0.474676
0 0 7 0.158604
13 1 4 0.853227
1 1 8 1.000000
8 1 3 0.344466
2 0 2 0.040591
2 1 13 1.000000
2 0 14 0.508035
3 1 14 0.399849
3 1 6 0.600151
4 1 4 0.145659
4 1 8 0.854341
5 0 2 0.783388
5 1 14 0.828491
5 1 15 0.171509
7 0 8 0.640351
7 1 6 1.000000
7 0 6 0.104464
8 0 15 0.725421
8 1 10 0.540687
8 1 12 0.114847
9 0 7 0.449874
10 0 10 0.438760
10 1 2 1.000000
10 0 13 0.198744
15 1 15 0.813035
12 0 10 0.460979
12 1 7 0.547162
12 1 6 0.452838
13 1 2 0.146773
13 0 12 0.329402
14 0 8 0.921763
15 0 14 0.525324
15 1 1 0.186965
