85 29
0 0 9 0.363663
1 0 8 0.113280
28 0 0 0.211605
3 0 4 1.000000
4 0 12 1.000000
5 0 1 0.759606
6 0 23 0.431986
7 0 9 1.000000
8 0 14 0.803635
9 0 26 0.180143
10 0 19 0.181606
11 0 12 0.602849
12 0 6 0.735224
13 0 19 1.000000
14 0 9 0.100412
15 0 11 0.852742
16 0 23 1.000000
17 0 20 0.177921
18 0 27 0.659042
19 0 15 1.000000
20 0 23 1.000000
21 0 20 0.426464
22 0 11 0.021068
23 0 10 0.738567
24 0 5 0.986981
25 0 14 0.139860
26 0 21 1.000000
27 0 4 0.503353
28 0 25 0.788395
0 0 11 0.636337
0 1 3 0.591938
0 1 10 0.408062
1 0 17 0.466657
1 1 14 1.000000
1 0 3 0.420063
27 1 20 0.845131
2 1 20 0.598651
2 1 24 0.401349
3 1 11 0.623673
3 1 21 0.376327
4 1 24 0.680058
4 1 16 0.319942
5 1 0 1.000000
5 0 20 0.240394
6 0 22 0.568014
6 1 25 0.314565
6 1 10 0.685435
7 1 21 0.169123
7 1 14 0.830877
8 0 11 0.196365
9 0 5 0.819857
9 1 2 0.461363
9 1 27 0.538637
10 0 7 0.327522
10 1 21 1.000000
10 0 13 0.490871
11 0 10 0.397151
12 1 20 1.000000
12 0 27 0.264776
14 0 1 0.899588
14 1 11 0.265367
14 1 23 0.734633
15 0 17 0.147258
16 1 6 0.509864
16 1 13 0.490136
17 1 19 1.000000
17 0 16 0.822079
18 0 10 0.340958
18 1 22 0.660079
18 1 16 0.339921
21 0 18 0.573536
22 0 10 0.569882
22 1 1 1.000000
22 0 27 0.409049
23 0 26 0.261433
23 1 11 0.468790
23 1 4 0.531210
24 0 28 0.013019
24 1 6 0.720106
24 1 12 0.279894
25 0 5 0.860140
25 1 18 0.276675
25 1 8 0.723325
27 0 12 0.496647
27 1 14 0.154869
