47 19
0 0 16 0.701136
1 0 10 1.000000
2 0 8 0.774544
3 0 7 1.000000
4 0 13 1.000000
5 0 1 1.000000
6 0 17 0.419039
7 0 9 0.406710
8 0 18 0.467745
9 0 8 0.249722
10 0 1 0.315143
11 0 13 1.000000
12 0 6 1.000000
13 0 17 0.999088
14 0 17 0.326726
15 0 6 0.650381
16 0 13 1.000000
17 0 9 1.000000
18 0 5 1.000000
0 1 2 1.000000
0 0 10 0.298864
1 1 14 0.556358
1 1 13 0.443642
2 0 15 0.225456
5 1 12 0.564674
5 1 14 0.435326
6 0 18 0.580961
6 1 10 0.224860
6 1 7 0.775140
7 0 12 0.593290
8 0 12 0.532255
9 0 11 0.016002
9 1 6 0.192926
9 0 15 0.734276
10 1 2 1.000000
10 0 11 0.684857
11 1 12 0.233340
11 1 8 0.766660
13 1 7 1.000000
13 0 16 0.000912
14 0 8 0.673274
15 0 3 0.349619
9 1 0 0.807074
18 1 12 0.203131
17 1 1 0.798611
17 1 4 0.201389
18 1 15 0.796869
