60 22
0 0 14 0.356115
1 0 15 0.286331
2 0 19 1.000000
3 0 6 1.000000
4 0 3 0.041812
5 0 2 0.340437
6 0 7 0.533347
7 0 10 1.000000
8 0 9 1.000000
9 0 15 0.365260
10 0 8 0.417746
11 0 12 1.000000
12 0 8 0.280305
13 0 5 1.000000
14 0 19 1.000000
15 0 11 0.337522
16 0 3 0.395013
17 0 1 0.486676
18 0 17 1.000000
19 0 9 1.000000
20 0 6 0.500267
21 0 3 1.000000
0 1 12 1.000000
0 0 5 0.643885
1 0 3 0.713669
2 1 6 0.151922
2 1 7 0.848078
3 1 21 0.671009
3 1 20 0.328991
4 1 18 1.000000
4 0 9 0.958188
5 0 18 0.659563
5 1 17 0.094092
5 1 8 0.905908
6 0 17 0.466653
7 1 21 0.928259
7 1 10 0.071741
8 1 5 0.926496
8 1 1 0.073504
9 0 20 0.223692
9 1 11 1.000000
9 0 19 0.411048
10 0 19 0.582254
12 0 6 0.719695
12 1 21 0.231731
12 1 16 0.768269
20 0 4 0.450476
13 1 10 1.000000
20 0 21 0.049257
14 1 2 0.819446
14 1 15 0.180554
15 0 14 0.662479
16 0 12 0.443392
16 1 8 1.000000
16 0 13 0.161595
17 1 1 1.000000
17 0 5 0.513324
18 1 0 0.412160
18 1 9 0.587840
20 1 8 1.000000
