66 25
0 0 8 0.396554
1 0 10 1.000000
2 0 12 0.232340
3 0 11 1.000000
4 0 10 0.580905
5 0 20 1.000000
6 0 0 0.421056
7 0 14 0.142977
8 0 4 1.000000
9 0 21 0.564584
10 0 5 1.000000
11 0 4 0.346390
12 0 24 1.000000
13 0 23 0.371574
14 0 24 0.997574
15 0 4 0.529382
16 0 9 0.784661
17 0 23 0.218043
18 0 8 0.568367
23 0 22 1.000000
20 0 4 0.966161
21 0 23 1.000000
22 0 4 1.000000
1 1 19 0.312466
24 0 2 0.673970
0 0 15 0.603446
0 1 14 0.251075
0 1 16 0.748925
1 1 15 0.270957
1 1 9 0.416577
2 0 7 0.767660
3 1 10 0.024367
3 1 1 0.975633
4 0 3 0.419095
4 1 11 0.426914
4 1 10 0.573086
6 0 23 0.578944
6 1 11 0.032134
6 1 5 0.967866
7 0 10 0.857023
9 0 2 0.435416
11 1 15 1.000000
11 0 0 0.653610
13 0 0 0.255433
13 1 1 1.000000
13 0 4 0.372993
14 0 3 0.002426
14 1 20 0.474186
14 1 0 0.525814
15 1 1 1.000000
15 0 5 0.470618
16 0 2 0.215339
16 1 17 0.720409
16 1 6 0.279591
17 0 20 0.781957
20 1 18 0.384431
24 1 13 0.203116
18 0 16 0.431633
19 0 22 1.000000
19 1 14 1.000000
24 1 15 0.612518
20 0 2 0.033839
20 1 7 0.225286
20 1 16 0.390283
24 1 21 0.184367
24 0 8 0.326030
