34 14
0 0 11 0.180087
1 0 8 1.000000
2 0 6 0.326951
3 0 10 0.631038
4 0 11 1.000000
5 0 12 1.000000
6 0 5 0.236070
13 0 10 0.535753
8 0 10 1.000000
9 0 4 1.000000
13 1 5 1.000000
11 0 6 0.986329
12 0 7 1.000000
13 0 1 0.292865
0 0 8 0.819913
13 0 0 0.171382
12 1 13 0.660935
1 1 5 0.363095
1 1 8 0.636905
2 0 12 0.591223
2 1 10 1.000000
2 0 13 0.081826
3 0 11 0.368962
3 1 13 0.116881
3 1 3 0.883119
5 1 3 0.771486
5 1 10 0.228514
6 0 9 0.763930
6 1 9 0.439505
6 1 5 0.560495
7 1 3 1.000000
12 1 4 0.339065
11 0 7 0.013671
11 1 2 1.000000
