40 13
0 1 10 0.499705
1 0 9 1.000000
2 0 10 0.376269
3 0 4 0.129791
4 0 8 1.000000
5 0 8 0.020157
6 0 9 1.000000
7 0 0 0.415474
8 0 12 0.284217
9 0 3 0.393712
10 0 7 0.151445
11 0 7 0.485931
12 0 11 0.596447
3 1 5 0.680673
0 1 4 0.174482
0 1 3 0.325813
1 1 8 0.052896
1 1 11 0.162434
2 0 11 0.367335
2 1 4 1.000000
2 0 4 0.256396
3 0 11 0.532892
3 1 6 0.319327
3 0 7 0.337317
5 0 2 0.564655
5 1 9 1.000000
5 0 5 0.415188
6 1 6 0.211740
6 1 11 0.788260
7 0 6 0.584526
8 0 7 0.715783
9 0 4 0.606288
9 1 12 0.492907
9 1 1 0.507093
10 0 10 0.466429
10 1 12 1.000000
10 0 12 0.382127
11 0 1 0.514069
12 0 1 0.403553
1 1 2 0.784670
