65 25
0 0 20 0.512833
1 0 21 0.682801
2 0 11 1.000000
3 0 23 1.000000
4 0 21 0.499188
5 0 24 0.234694
6 0 7 1.000000
7 0 13 0.220456
8 0 4 1.000000
9 0 4 0.419266
10 0 7 0.483570
11 0 17 0.138481
12 0 15 1.000000
13 0 18 1.000000
14 0 1 1.000000
21 1 19 0.207657
24 0 24 0.258798
17 0 18 0.044401
18 0 0 0.515314
19 0 12 0.907561
20 0 4 1.000000
21 0 17 0.062745
22 0 23 1.000000
23 0 18 0.232122
24 0 5 0.741202
0 1 4 1.000000
0 0 17 0.487167
1 0 23 0.317199
1 1 5 0.914451
1 1 3 0.085549
3 1 11 0.373234
3 1 10 0.626766
4 0 6 0.500812
4 1 2 0.555672
4 1 3 0.444328
5 0 12 0.765306
5 1 11 0.236376
5 1 4 0.763624
7 0 14 0.360018
7 1 16 1.000000
7 0 10 0.419526
9 1 20 1.000000
9 0 18 0.580734
10 1 2 1.000000
10 0 20 0.516430
11 0 11 0.861519
12 1 11 0.432747
12 1 2 0.567253
14 1 18 0.187658
14 1 6 0.812342
23 0 21 0.767878
22 1 22 0.282798
17 0 23 0.955599
17 1 5 0.110052
17 1 22 0.889948
18 0 17 0.484686
18 1 14 0.370285
18 1 3 0.629715
19 0 16 0.092439
20 1 10 0.784696
20 1 13 0.215304
21 0 21 0.273375
21 1 9 0.792343
21 0 6 0.663880
22 1 5 0.717202
