69 28
0 0 7 0.279081
1 0 5 0.003148
2 0 9 1.000000
3 0 26 1.000000
1 0 25 0.368467
5 0 16 0.702828
6 0 7 1.000000
7 0 22 0.392787
8 0 20 1.000000
9 0 11 0.662332
10 0 26 1.000000
11 0 24 0.335589
12 0 15 0.608377
13 0 11 1.000000
14 0 16 0.491214
15 0 23 1.000000
16 0 3 1.000000
17 0 19 0.252447
18 0 11 0.537991
19 0 6 0.554974
20 0 17 0.483607
21 0 20 1.000000
22 0 1 0.779842
23 0 16 1.000000
24 0 14 0.134007
25 0 26 0.203262
26 0 6 1.000000
27 0 6 0.026221
1 0 15 0.628385
1 1 11 0.604167
1 1 8 0.395833
2 1 27 0.663531
2 1 0 0.336469
9 0 21 0.337668
5 1 1 0.660245
5 1 7 0.339755
7 1 1 1.000000
7 0 18 0.607213
11 0 17 0.664411
11 1 18 0.517722
11 1 1 0.482278
12 0 11 0.391623
12 1 9 0.157272
12 1 13 0.842728
13 1 13 0.972354
13 1 14 0.027646
14 0 26 0.508786
15 1 20 0.897833
15 1 2 0.102167
17 0 1 0.381350
17 1 8 1.000000
17 0 24 0.366204
18 0 27 0.462009
19 1 15 1.000000
19 0 3 0.445026
20 0 7 0.516393
0 0 10 0.720919
5 0 4 0.297172
21 1 20 0.400316
21 1 24 0.599684
22 0 8 0.220158
23 1 2 0.180741
23 1 5 0.819259
24 0 19 0.865993
25 1 24 1.000000
25 0 18 0.796738
27 0 1 0.325160
27 1 12 1.000000
27 0 3 0.648619
