53 17
0 0 12 0.792383
1 0 9 0.477060
2 0 14 0.734092
3 0 8 0.596965
4 0 12 1.000000
5 0 15 1.000000
6 0 7 0.325367
7 0 4 0.458160
8 0 3 0.244904
9 0 8 1.000000
10 0 13 0.854673
11 0 7 0.699003
12 0 10 0.320965
13 0 6 1.000000
14 0 12 0.362405
15 0 11 1.000000
16 0 2 1.000000
0 0 16 0.207617
0 1 13 0.184591
0 1 0 0.815409
1 0 3 0.522940
1 1 15 0.757253
1 1 11 0.242747
2 0 8 0.265908
2 1 7 0.249127
2 1 12 0.750873
3 1 16 1.000000
3 0 6 0.403035
6 1 14 1.000000
6 0 4 0.674633
7 0 10 0.054495
7 1 14 1.000000
7 0 16 0.487346
8 0 4 0.755096
9 1 13 0.748254
9 1 10 0.251746
10 1 11 1.000000
10 0 10 0.145327
11 1 11 1.000000
11 0 16 0.300997
12 0 13 0.496247
12 1 13 0.026340
12 1 16 0.973660
13 1 2 0.096780
13 1 0 0.809908
14 0 8 0.541764
14 1 9 1.000000
14 0 16 0.095831
16 1 2 0.062070
16 1 9 0.231412
16 1 1 0.706519
12 0 5 0.182788
13 1 15 0.093312
