68 23
0 0 4 1.000000
1 0 15 1.000000
2 0 13 0.280560
3 0 0 0.246590
4 0 15 1.000000
7 1 17 0.160798
6 0 12 0.340451
7 0 15 0.225357
8 0 6 1.000000
9 0 20 0.510413
10 0 14 0.873306
11 0 21 1.000000
12 0 10 1.000000
13 0 15 1.000000
14 0 10 0.555315
15 0 21 1.000000
16 0 22 0.793716
17 0 0 0.282214
18 0 10 0.041363
19 0 2 0.853199
20 0 12 1.000000
21 0 22 0.846931
22 0 2 0.549456
0 1 20 0.668357
0 1 1 0.331643
1 1 11 0.341863
1 1 9 0.658137
2 1 12 1.000000
2 0 1 0.719440
3 0 10 0.753410
4 1 20 0.757275
4 1 2 0.242725
22 1 11 0.969132
5 1 0 1.000000
5 0 16 1.000000
6 0 7 0.659549
7 0 8 0.774643
7 1 10 0.469710
7 1 22 0.369492
8 1 8 0.217951
8 1 6 0.782049
9 0 10 0.489587
10 0 8 0.126694
22 1 8 0.030868
22 0 16 0.450544
11 1 14 0.573204
11 1 21 0.426796
12 1 12 0.293765
12 1 19 0.706235
13 1 4 0.757019
13 1 2 0.242981
14 0 8 0.444685
14 1 18 0.580161
14 1 12 0.419839
15 1 12 0.557706
15 1 19 0.442294
16 0 5 0.206284
17 0 11 0.717786
17 1 7 0.388749
17 1 14 0.611251
18 1 11 1.000000
18 0 13 0.958637
19 0 7 0.146801
19 1 12 0.239538
19 1 2 0.760462
21 0 8 0.039631
21 1 18 1.000000
21 0 9 0.113438
