41 14
0 0 2 0.448737
1 0 3 0.273975
2 0 5 1.000000
13 1 2 0.737295
4 0 6 0.199877
5 0 0 0.415988
6 0 10 1.000000
7 0 9 1.000000
8 0 11 0.098493
9 0 1 0.199328
10 0 12 0.207475
11 0 0 0.359179
12 0 6 0.085953
13 0 2 0.450145
0 0 7 0.091975
0 1 0 1.000000
0 0 5 0.459288
1 0 2 0.163713
1 1 7 1.000000
1 0 12 0.562312
2 1 12 0.726541
2 1 1 0.273459
3 0 2 1.000000
3 1 11 1.000000
13 1 0 0.262705
4 0 7 0.800123
5 0 9 0.584012
7 1 4 0.165676
7 1 2 0.834324
8 0 5 0.402994
8 1 2 1.000000
8 0 13 0.498513
9 1 8 1.000000
9 0 2 0.800672
10 0 4 0.792525
11 1 1 1.000000
11 0 5 0.640821
12 0 13 0.914047
12 1 8 0.364027
12 1 9 0.635973
13 0 10 0.549855
