89 29
0 0 22 0.469319
1 0 11 0.619157
2 0 19 0.148480
3 0 1 0.105408
4 0 12 0.580773
5 0 18 1.000000
6 0 28 0.155200
7 0 17 0.478559
8 0 19 0.630682
9 0 1 0.580047
10 0 15 1.000000
11 0 27 0.390930
12 0 13 1.000000
13 0 19 1.000000
14 0 27 0.353322
15 0 5 1.000000
16 0 0 1.000000
17 0 0 0.490524
18 0 4 0.370803
19 0 15 0.306378
20 0 11 0.354368
21 0 17 1.000000
22 0 6 0.357039
23 0 13 1.000000
24 0 25 0.400573
25 0 26 1.000000
26 0 1 0.213547
27 0 4 1.000000
28 0 7 1.000000
0 1 1 1.000000
0 0 26 0.530681
1 0 10 0.354880
1 1 13 1.000000
1 0 15 0.025963
2 0 22 0.851520
2 1 0 0.478548
2 1 7 0.521452
3 0 19 0.894592
3 1 10 0.981428
3 1 25 0.018572
4 0 5 0.419227
4 1 2 0.450479
4 1 8 0.549521
6 0 24 0.844800
6 1 21 0.315999
6 1 18 0.684001
7 0 26 0.521441
7 1 7 0.614783
7 1 15 0.385217
8 0 11 0.369318
9 1 20 1.000000
9 0 2 0.419953
10 1 24 0.402150
10 1 7 0.597850
11 1 13 1.000000
11 0 12 0.609070
12 1 18 0.449908
12 1 14 0.550093
13 1 27 0.277991
13 1 21 0.257676
14 0 18 0.331747
14 1 14 1.000000
14 0 6 0.314932
15 1 2 0.472154
15 1 21 0.527846
16 1 16 0.493926
16 1 3 0.506074
17 1 18 1.000000
17 0 19 0.509476
18 1 17 1.000000
18 0 28 0.629197
19 0 8 0.693622
19 1 6 0.154758
19 1 20 0.845242
20 0 15 0.165200
20 1 4 1.000000
20 0 8 0.480432
13 1 16 0.464332
24 0 9 0.380794
22 1 3 1.000000
22 0 23 0.642961
24 0 27 0.218634
25 1 27 0.695269
25 1 19 0.304731
26 0 0 0.672279
26 1 18 1.000000
26 0 26 0.114174
28 1 12 0.472771
28 1 17 0.527229
