57 21
0 0 10 0.247495
1 0 0 0.038778
9 1 7 0.966710
3 0 20 0.499605
4 0 18 1.000000
5 0 16 1.000000
6 0 4 0.286041
7 0 20 1.000000
8 0 2 0.218612
9 0 19 0.332422
10 0 6 0.589796
11 0 12 0.449094
12 0 5 0.326584
13 0 3 0.511114
14 0 18 1.000000
15 0 1 1.000000
16 0 5 1.000000
17 0 2 0.659150
18 0 4 1.000000
19 0 4 1.000000
20 0 10 0.511739
0 0 20 0.221673
0 1 11 1.000000
0 0 16 0.530833
1 0 1 0.210240
1 1 17 1.000000
1 0 8 0.750982
2 0 19 1.000000
2 1 1 1.000000
20 0 19 0.488261
3 1 9 1.000000
3 0 11 0.500395
4 1 18 0.328219
4 1 16 0.671781
6 0 11 0.513168
6 1 16 1.000000
6 0 6 0.200792
7 1 19 0.814502
7 1 18 0.185498
8 0 18 0.781388
9 0 20 0.226971
9 1 14 0.033290
9 0 5 0.440607
10 1 1 1.000000
10 0 13 0.410204
11 0 13 0.550906
12 1 14 1.000000
12 0 11 0.673416
13 0 18 0.488886
14 1 1 0.456354
14 1 6 0.543646
16 1 15 0.584324
16 1 18 0.415676
17 0 6 0.340850
19 1 13 0.727801
19 1 6 0.272199
20 1 1 1.000000
