86 29
0 0 5 0.504320
1 0 20 0.766878
2 0 15 0.350096
3 0 12 0.298867
4 0 17 0.966056
10 0 23 0.827471
6 0 1 0.459129
7 0 2 1.000000
8 0 0 0.529292
9 0 2 0.996909
10 0 15 0.172529
11 0 17 0.674820
12 0 28 1.000000
13 0 10 0.769668
14 0 27 0.419170
15 0 17 0.267706
16 0 28 0.632571
17 0 25 0.975284
18 0 26 0.035690
19 0 5 0.425194
20 0 2 0.474659
21 0 10 1.000000
22 0 8 0.463630
23 0 26 0.551324
24 0 8 0.167733
25 0 2 0.541294
26 0 20 0.941294
27 0 0 1.000000
28 0 19 0.393944
0 0 15 0.495680
1 0 13 0.233122
2 0 21 0.172085
2 1 14 1.000000
2 0 8 0.477820
3 0 1 0.701133
3 1 28 0.511789
3 1 17 0.488211
4 0 13 0.015008
4 0 22 0.018936
17 0 7 0.024716
5 0 20 1.000000
5 1 13 1.000000
16 0 4 0.367429
6 0 13 0.130344
6 1 17 1.000000
6 0 24 0.410527
8 1 28 1.000000
8 0 28 0.470708
9 1 18 1.000000
9 0 26 0.003091
11 1 3 1.000000
11 0 5 0.325180
12 1 27 0.814361
12 1 15 0.185639
13 0 2 0.085453
13 1 26 1.000000
13 0 20 0.144878
14 1 13 1.000000
14 0 2 0.580830
15 0 19 0.561370
15 1 9 1.000000
15 0 25 0.170924
17 1 18 0.461918
17 1 2 0.538082
18 1 3 1.000000
18 0 1 0.964310
19 0 10 0.574806
19 1 11 0.839399
19 1 14 0.160601
20 0 27 0.309125
20 1 10 1.000000
20 0 18 0.216217
21 1 14 0.740647
21 1 17 0.259353
22 1 18 1.000000
22 0 17 0.536370
23 1 21 1.000000
23 0 4 0.448676
24 0 6 0.832267
25 0 21 0.458706
25 1 28 0.741316
25 1 16 0.258684
26 0 12 0.058706
27 1 3 0.229610
27 1 6 0.770390
28 0 2 0.606056
