43 18
0 0 10 0.200688
1 0 9 1.000000
2 0 7 0.487401
3 0 16 1.000000
4 0 17 0.469810
5 0 2 0.593914
0 0 11 0.799312
7 0 14 0.992076
8 0 1 0.404617
9 0 7 0.373841
10 0 8 1.000000
11 0 1 1.000000
12 0 8 0.028092
13 0 12 1.000000
14 0 15 1.000000
15 0 4 0.297183
16 0 12 1.000000
17 0 13 1.000000
1 1 16 0.441998
1 1 13 0.558002
2 0 2 0.512599
2 1 10 0.136521
2 1 1 0.863479
3 1 5 0.867330
3 1 0 0.132670
4 0 7 0.530190
5 0 14 0.406086
12 0 3 0.816256
6 1 8 1.000000
6 0 5 1.000000
7 0 15 0.007924
8 1 6 1.000000
8 0 2 0.595383
9 1 5 1.000000
9 0 6 0.626158
10 1 16 0.401964
10 1 2 0.598036
12 0 12 0.155652
14 1 16 0.617378
14 1 1 0.382621
15 0 10 0.702817
16 1 9 0.960564
16 1 15 0.039436
