63 25
0 0 24 1.000000
1 0 8 1.000000
2 0 14 1.000000
3 0 19 0.878065
4 0 18 0.084453
5 0 9 1.000000
6 0 21 0.977139
7 0 21 0.528750
8 0 14 0.435259
9 0 0 1.000000
10 0 1 1.000000
11 0 19 0.577863
12 0 22 0.597974
13 0 12 1.000000
14 0 11 0.428035
15 0 12 0.456896
16 0 12 0.219579
17 0 5 1.000000
18 0 8 0.891272
19 0 16 1.000000
20 0 19 0.510471
21 0 22 1.000000
5 1 23 0.323983
23 0 7 1.000000
24 0 12 0.271638
0 1 6 0.256935
0 1 2 0.743065
3 0 20 0.121935
1 1 18 1.000000
24 0 13 0.361704
2 1 5 0.700774
2 1 0 0.299226
3 1 5 0.666134
3 1 15 0.333866
4 0 8 0.475411
4 1 17 1.000000
4 0 14 0.440136
5 1 7 0.301357
5 1 19 0.374660
6 0 8 0.022861
7 0 19 0.471250
7 1 11 0.541357
7 1 19 0.458643
8 0 3 0.098174
8 1 15 1.000000
8 0 9 0.466566
11 0 6 0.422137
12 0 10 0.402026
14 0 22 0.571965
15 0 8 0.543104
16 1 4 1.000000
16 0 16 0.780421
17 1 11 0.391227
17 1 1 0.608773
18 1 12 1.000000
18 0 21 0.108728
20 0 22 0.489529
20 1 8 0.275552
20 1 15 0.724447
24 1 6 1.000000
22 1 0 1.000000
22 0 9 1.000000
24 0 2 0.366658
