87 29
0 0 24 0.454026
1 0 0 1.000000
2 0 3 1.000000
3 0 16 0.313131
4 0 17 1.000000
5 0 10 0.592365
6 0 8 0.078527
7 0 10 0.017797
8 0 20 1.000000
9 0 28 0.240546
10 0 5 1.000000
11 0 15 1.000000
12 0 1 0.564584
13 0 2 0.529423
14 0 12 1.000000
15 0 26 1.000000
16 0 18 0.631678
17 0 27 0.696857
18 0 2 0.992924
19 0 10 0.143608
20 0 13 0.615074
21 0 6 1.000000
22 0 26 0.510430
23 0 20 1.000000
24 0 15 1.000000
25 0 24 1.000000
26 0 11 1.000000
27 0 25 1.000000
28 0 7 0.933050
0 0 25 0.545974
0 1 7 0.267198
0 1 9 0.732802
1 1 23 0.849224
1 1 26 0.150776
3 0 20 0.686869
3 1 27 0.961265
3 1 16 0.038735
5 0 15 0.407635
5 1 14 0.535583
5 1 0 0.464417
6 1 10 1.000000
6 0 6 0.266066
7 0 6 0.515143
7 1 0 0.244194
7 1 3 0.554497
9 0 21 0.759454
9 1 16 0.392477
9 1 2 0.607523
10 1 3 0.345323
10 1 12 0.251060
12 0 11 0.173590
12 1 27 1.000000
12 0 18 0.261826
13 1 9 1.000000
13 0 18 0.470577
14 1 2 0.483423
14 1 27 0.516577
15 1 20 0.490322
15 1 25 0.509678
16 0 0 0.128113
16 1 0 1.000000
16 0 26 0.240208
17 1 5 1.000000
17 0 22 0.303143
18 0 25 0.007076
18 1 12 0.431812
18 1 5 0.568188
19 0 17 0.856392
19 1 8 0.591038
19 1 5 0.408962
20 0 10 0.173309
20 1 28 1.000000
20 0 6 0.211618
7 0 22 0.467060
6 0 19 0.655407
22 0 27 0.489570
22 1 0 0.931887
22 1 3 0.068113
23 1 13 0.823003
23 1 7 0.176997
24 1 13 0.392698
24 1 12 0.607302
25 1 25 0.495950
25 1 6 0.504050
28 0 6 0.066950
7 1 4 0.201308
10 1 17 0.403617
