40 13
0 0 10 1.000000
1 0 6 0.010869
2 0 7 0.435350
3 0 10 1.000000
4 0 7 0.732755
5 0 7 1.000000
6 0 1 0.825922
7 0 6 0.597635
7 1 12 0.067516
9 0 8 0.741953
10 0 7 1.000000
11 0 5 0.758716
12 0 6 1.000000
0 1 6 0.371236
0 1 1 0.079325
1 0 7 0.989131
1 1 0 0.326953
1 1 8 0.673047
2 0 0 0.564650
2 1 10 0.929344
2 1 3 0.070656
3 1 10 0.507702
3 1 2 0.492298
4 1 3 1.000000
4 0 10 0.267246
6 1 8 0.384741
6 0 5 0.174078
7 1 1 0.502906
7 0 3 0.402365
8 0 7 1.000000
8 1 0 1.000000
6 1 11 0.615259
9 0 12 0.258047
11 0 8 0.241284
11 1 2 0.075401
11 1 3 0.924599
12 1 7 0.370355
12 1 1 0.629645
0 1 4 0.549439
7 1 9 0.429578
