60 20
0 0 16 0.483377
1 0 19 1.000000
2 0 18 1.000000
3 0 16 0.517776
4 0 12 0.400190
5 0 16 1.000000
6 0 14 0.856589
7 0 14 0.412088
8 0 6 0.611925
9 0 13 0.415909
10 0 1 1.000000
11 0 17 0.086411
12 0 16 0.062057
1 1 7 0.596366
14 0 2 0.468025
15 0 13 1.000000
16 0 2 0.041178
17 0 16 0.539725
18 0 3 0.826572
19 0 9 1.000000
0 0 15 0.516623
18 0 10 0.173428
1 1 15 0.403634
18 1 17 1.000000
2 1 11 0.570548
2 1 3 0.429452
3 1 14 1.000000
3 0 18 0.482224
4 0 9 0.599810
5 1 8 0.139734
5 1 13 0.860266
6 0 16 0.011310
6 1 11 1.000000
6 0 12 0.132101
7 0 17 0.587912
7 1 18 0.517579
7 1 11 0.482421
8 0 15 0.388075
8 1 19 0.484383
8 1 6 0.515617
9 0 16 0.584091
10 1 15 0.292455
10 1 2 0.707545
11 0 9 0.391296
11 1 13 1.000000
11 0 14 0.522293
12 0 1 0.139849
12 1 4 1.000000
12 0 4 0.798095
17 1 17 0.125344
14 0 18 0.531975
14 1 13 0.404446
14 1 16 0.595554
15 1 5 0.178044
15 1 3 0.821956
16 0 12 0.958822
16 1 2 0.859063
16 1 13 0.140937
17 0 0 0.460275
17 1 10 0.874656
