83 28
0 0 12 0.433095
1 0 8 0.005742
2 0 3 1.000000
3 0 9 0.531739
4 0 19 0.402001
5 0 20 1.000000
6 0 21 1.000000
7 0 10 0.435182
8 0 24 0.196124
9 0 13 1.000000
10 0 18 1.000000
11 0 23 0.997325
12 0 10 0.445969
13 0 2 0.973276
14 0 23 1.000000
15 0 14 0.830220
16 0 10 0.180158
17 0 2 0.338735
18 0 15 1.000000
19 0 7 0.382091
20 0 14 1.000000
21 0 11 0.702471
22 0 8 0.601348
23 0 9 0.798996
24 0 14 0.407456
25 0 8 0.159181
26 0 17 0.480423
27 0 16 1.000000
0 0 8 0.566905
0 1 25 0.307738
0 1 27 0.692262
1 0 2 0.994258
3 0 12 0.468261
3 1 1 0.781222
3 1 12 0.218778
4 0 2 0.597999
4 1 11 0.352626
4 1 25 0.647374
7 1 26 0.459243
19 0 22 0.192597
7 0 6 0.184446
7 1 19 0.540757
7 0 16 0.380371
8 0 17 0.607812
8 1 6 0.252209
8 1 15 0.747791
10 1 10 0.565811
10 1 13 0.434189
11 1 7 1.000000
11 0 8 0.002675
12 0 27 0.554031
13 0 20 0.026724
15 0 4 0.169780
15 1 1 0.547418
15 1 14 0.452582
16 0 21 0.308476
16 1 27 1.000000
16 0 0 0.511366
17 0 13 0.659480
17 1 25 1.000000
17 0 18 0.001785
18 1 14 0.535246
18 1 23 0.464754
19 0 0 0.425312
19 1 18 0.988930
19 1 12 0.011070
21 0 0 0.297529
21 1 21 0.725857
21 1 25 0.274143
22 0 7 0.398652
22 1 13 0.764457
22 1 20 0.235543
23 0 12 0.201004
23 1 4 0.191862
23 1 3 0.808138
24 0 23 0.592544
25 0 23 0.499090
25 1 3 1.000000
25 0 3 0.341729
26 0 3 0.519577
26 1 17 0.456014
26 1 5 0.543986
8 0 5 0.196065
