39 11
0 0 8 1.000000
1 0 2 0.673532
2 0 0 0.436086
3 0 6 0.174051
4 0 0 1.000000
5 0 6 0.009629
6 0 0 0.673177
7 0 3 0.469476
8 0 4 0.391437
9 0 8 0.976135
10 0 4 1.000000
0 1 1 0.858772
0 1 2 0.141228
1 0 5 0.326468
1 1 6 0.611123
1 1 5 0.388877
2 0 6 0.431820
2 1 5 1.000000
2 0 7 0.132093
3 0 4 0.766606
3 1 10 1.000000
3 0 3 0.059342
4 1 5 0.196976
4 1 2 0.803024
5 0 10 0.990371
5 1 3 0.389226
5 1 8 0.610774
6 0 1 0.326823
7 0 2 0.115610
7 1 2 1.000000
7 0 1 0.414914
8 0 6 0.608563
8 1 9 0.527727
8 1 0 0.472273
9 0 6 0.023865
9 1 3 0.180155
9 1 6 0.819845
10 1 9 0.162573
10 1 4 0.837427
