42 15
0 0 11 1.000000
1 0 12 1.000000
2 0 13 0.248256
3 0 0 0.812600
4 0 13 1.000000
5 0 2 0.722165
6 0 7 1.000000
7 0 10 1.000000
8 0 7 0.426499
9 0 3 1.000000
10 0 7 0.216139
11 0 12 0.235691
12 0 14 0.490680
13 0 6 0.100156
14 0 8 1.000000
0 1 5 0.278616
0 1 10 0.721384
2 0 14 0.276089
2 1 12 1.000000
2 0 4 0.475655
3 0 4 0.055888
3 1 14 1.000000
3 0 12 0.131512
5 0 10 0.277835
6 1 6 0.491994
6 1 14 0.508006
7 1 5 0.641165
7 1 10 0.358835
8 0 12 0.573501
8 1 12 0.782425
8 1 6 0.217575
9 1 4 0.266260
9 1 11 0.733740
10 0 0 0.783861
10 1 4 0.470027
10 1 9 0.529973
11 0 13 0.764309
12 0 8 0.509320
12 1 1 0.232634
12 1 2 0.767366
13 1 9 1.000000
13 0 3 0.899844
