47 16
0 0 6 0.684793
1 0 7 0.175724
2 0 9 1.000000
12 1 14 0.043483
4 0 5 1.000000
5 0 11 0.159222
6 0 8 1.000000
7 0 4 0.407374
8 0 6 0.317069
9 0 12 0.631136
10 0 2 0.867972
11 0 10 0.190225
12 0 6 0.389384
13 0 4 1.000000
15 0 15 0.900972
15 0 2 0.066780
0 0 4 0.315207
0 1 8 0.051416
0 1 6 0.948584
1 1 7 1.000000
1 0 0 0.824276
15 1 4 1.000000
15 0 13 0.032249
14 1 1 0.149396
3 1 1 0.165057
3 1 15 0.834943
4 1 4 0.583218
4 1 9 0.416782
5 0 1 0.840778
5 1 13 0.387287
5 1 10 0.612713
7 0 5 0.592626
7 1 9 0.437513
7 1 1 0.562487
8 0 15 0.064343
8 1 7 1.000000
8 0 8 0.618588
9 0 4 0.368864
10 1 9 1.000000
10 0 15 0.132028
11 0 8 0.809775
12 0 12 0.560354
12 1 9 0.956517
12 0 15 0.050262
13 1 3 0.592569
13 1 13 0.407431
14 1 5 0.850604
