83 30
0 0 15 1.000000
1 0 26 1.000000
2 0 13 0.276760
3 0 21 1.000000
4 0 21 0.217511
5 0 25 0.391791
6 0 15 0.463610
7 0 0 1.000000
8 0 9 0.155363
9 0 14 0.335367
10 0 2 0.499897
11 0 24 0.365341
12 0 17 0.477757
13 0 6 0.588137
14 0 5 0.414705
15 0 28 1.000000
16 0 20 0.166473
17 0 14 1.000000
18 0 24 1.000000
19 0 9 0.732902
20 0 8 0.326007
21 0 25 1.000000
22 0 29 0.762131
23 0 16 0.536582
24 0 5 1.000000
25 0 6 0.505893
26 0 25 1.000000
27 0 18 0.442866
28 0 26 1.000000
29 0 21 1.000000
0 1 20 0.603052
0 1 23 0.396948
1 1 13 0.196576
1 1 25 0.422506
2 0 25 0.269516
2 1 3 1.000000
2 0 8 0.453724
3 1 26 0.734626
3 1 21 0.265374
4 0 24 0.782489
5 0 27 0.172354
5 1 8 1.000000
5 0 22 0.435855
8 1 20 1.000000
8 0 29 0.844637
9 0 17 0.664632
10 0 0 0.500103
10 1 1 0.728632
10 1 6 0.271368
11 0 25 0.439210
11 1 27 0.628585
11 1 3 0.371415
12 0 20 0.522243
13 0 26 0.411863
13 1 27 0.436487
13 1 14 0.563513
14 1 20 1.000000
14 0 6 0.585295
15 1 22 0.688473
15 1 23 0.311527
16 1 6 1.000000
16 0 24 0.833527
19 0 19 0.267098
19 1 5 0.133464
19 1 22 0.866536
20 1 27 1.000000
20 0 23 0.673993
21 1 25 0.887042
21 1 7 0.112958
22 0 4 0.237869
23 0 4 0.463418
11 0 19 0.195449
25 1 18 1.000000
6 0 13 0.250621
27 0 7 0.412200
27 1 26 0.700537
27 0 11 0.144934
28 1 11 0.416364
28 1 28 0.583636
6 0 1 0.285769
27 1 2 0.299463
1 1 10 0.380917
25 0 12 0.494107
