71 27
0 0 4 0.830427
1 0 12 1.000000
2 0 16 0.932789
3 0 26 0.177924
4 0 24 0.222992
5 0 1 0.525511
6 0 20 1.000000
7 0 17 1.000000
8 0 6 0.891019
9 0 20 0.147584
10 0 6 0.650730
11 0 21 0.218974
12 0 15 0.837906
13 0 10 0.282240
14 0 24 1.000000
15 0 1 0.591124
16 0 19 1.000000
17 0 15 1.000000
18 0 2 0.630230
19 0 6 1.000000
20 0 24 0.390319
21 0 3 1.000000
22 0 2 1.000000
23 0 6 1.000000
24 0 5 0.846929
25 0 11 0.526215
26 0 24 1.000000
0 1 17 1.000000
0 0 13 0.169573
1 1 23 0.756779
1 1 26 0.243221
9 0 0 0.833311
2 0 26 0.067211
25 0 22 0.248202
3 0 19 0.361551
3 1 11 1.000000
3 0 3 0.460525
4 1 2 1.000000
4 0 19 0.777008
5 0 15 0.474489
5 1 19 0.358824
5 1 21 0.641176
7 1 8 0.838287
7 1 24 0.161713
8 0 8 0.108981
9 0 3 0.019105
9 1 21 0.029474
9 1 25 0.970526
10 0 4 0.349270
10 1 3 0.309417
10 1 19 0.690583
11 0 7 0.781026
11 1 1 0.624385
11 1 2 0.375615
12 1 5 1.000000
12 0 10 0.162094
13 0 9 0.717760
15 1 10 1.000000
15 0 17 0.408876
17 1 11 0.693722
17 1 18 0.306278
18 1 13 1.000000
18 0 23 0.369770
20 0 3 0.272867
20 1 15 1.000000
20 0 14 0.336815
26 1 10 0.639067
22 1 18 1.000000
26 1 18 0.360933
24 0 7 0.153071
25 0 4 0.225583
