44 17
0 0 1 0.301966
1 0 8 1.000000
2 0 0 1.000000
3 0 11 1.000000
4 0 5 0.664907
5 0 11 1.000000
6 0 11 0.715674
7 0 9 0.403457
0 0 7 0.289807
9 0 8 1.000000
10 0 16 0.360074
11 0 4 0.608783
12 0 4 0.637292
13 0 12 1.000000
14 0 15 1.000000
15 0 12 0.330665
16 0 10 1.000000
0 0 10 0.334136
0 1 15 1.000000
0 0 4 0.074092
1 1 15 0.570755
1 1 9 0.429245
2 1 9 0.511249
2 1 1 0.488751
4 0 9 0.335093
5 1 4 0.627966
5 1 14 0.372034
6 1 3 1.000000
6 0 9 0.284326
7 0 3 0.596543
7 1 1 0.299909
7 1 4 0.700091
8 1 8 1.000000
11 0 6 0.167008
10 0 13 0.373457
10 1 9 1.000000
10 0 4 0.266469
11 0 13 0.224209
12 0 15 0.293428
12 1 10 1.000000
12 0 3 0.069281
13 1 16 0.501949
13 1 13 0.498051
15 0 2 0.669335
