51 17
0 0 11 1.000000
1 0 11 0.164948
2 0 8 1.000000
3 0 8 0.406421
4 0 5 0.279200
5 0 15 0.580785
6 0 9 0.114697
7 0 4 1.000000
8 0 10 0.267725
9 0 13 1.000000
10 0 8 0.026418
11 0 5 0.793443
12 0 7 0.896538
13 0 14 0.527717
14 0 13 0.372400
15 0 9 0.029485
16 0 2 1.000000
0 1 4 0.175119
0 1 7 0.824881
1 0 1 0.835052
1 1 10 0.726252
1 1 1 0.273748
2 1 12 0.663027
2 1 10 0.336973
3 0 13 0.593579
4 1 5 1.000000
4 0 7 0.720800
5 0 8 0.419215
6 0 15 0.885303
11 1 0 0.184238
15 0 13 0.359765
7 1 13 0.273044
7 1 5 0.726956
8 1 6 1.000000
8 0 15 0.732275
9 1 5 0.801458
9 1 4 0.198542
10 0 14 0.496103
10 1 11 1.000000
10 0 7 0.477480
11 0 8 0.206557
11 1 1 0.412251
11 1 10 0.403512
12 1 3 1.000000
12 0 14 0.103462
13 0 15 0.472283
14 0 14 0.367908
14 1 8 1.000000
14 0 8 0.259692
15 0 7 0.610750
15 1 6 1.000000
