74 23
0 0 16 1.000000
1 0 20 0.567531
2 0 3 0.612117
3 0 19 1.000000
4 0 13 0.160785
5 0 22 0.592272
6 0 3 0.673187
7 0 18 0.971040
8 0 20 0.071390
9 0 4 0.287498
10 0 17 0.234155
11 0 1 0.439221
12 0 13 0.414164
13 0 22 0.818351
14 0 11 0.248969
15 0 10 1.000000
16 0 10 0.056494
17 0 4 0.689686
18 0 14 1.000000
19 0 13 0.487368
20 0 19 0.643704
21 0 18 0.530694
22 0 1 1.000000
0 1 13 0.676159
0 1 8 0.323841
1 0 22 0.432469
2 0 0 0.387883
18 1 2 0.511078
22 1 11 0.171163
3 1 15 0.834960
3 1 18 0.165040
4 0 5 0.361182
4 1 16 1.000000
4 0 10 0.478033
5 0 12 0.407728
6 1 0 1.000000
6 0 10 0.326813
7 0 8 0.028960
8 0 16 0.928610
9 0 22 0.552759
9 1 11 1.000000
9 0 16 0.159743
10 0 20 0.143064
10 1 15 1.000000
10 0 6 0.622781
11 0 21 0.035520
11 1 11 1.000000
11 0 8 0.525260
12 0 8 0.497426
12 1 13 1.000000
12 0 16 0.088411
13 1 22 1.000000
13 0 12 0.181649
14 1 21 1.000000
14 0 19 0.751031
15 1 3 0.500932
15 1 7 0.499068
16 0 8 0.328544
16 1 1 1.000000
16 0 5 0.614962
17 0 10 0.310314
17 1 22 0.176553
17 1 17 0.823447
18 1 20 0.185185
18 1 0 0.303737
19 0 16 0.512632
19 1 20 0.449353
19 1 9 0.550647
20 0 14 0.356296
20 1 11 0.354322
20 1 12 0.645678
21 1 10 1.000000
21 0 16 0.469306
22 1 9 0.828837
