56 18
0 0 12 0.983051
1 0 5 0.558480
2 0 7 0.802452
3 0 6 0.782106
4 0 1 1.000000
5 0 8 0.368091
6 0 14 0.413837
7 0 12 0.106160
8 0 16 1.000000
9 0 4 1.000000
10 0 7 0.426956
11 0 13 0.735515
12 0 11 1.000000
13 0 4 0.561220
14 0 17 0.126298
15 0 16 0.143442
16 0 3 0.895672
17 0 14 0.457014
0 1 12 1.000000
0 0 15 0.016949
1 0 6 0.441520
2 0 13 0.197548
3 1 4 1.000000
3 0 17 0.217894
4 1 15 0.425988
4 1 2 0.574012
5 0 0 0.282835
5 1 1 1.000000
5 0 15 0.349075
6 0 12 0.439147
6 1 4 1.000000
6 0 1 0.147016
7 0 9 0.893840
7 1 17 0.651731
7 1 0 0.348269
8 1 11 0.708117
8 1 2 0.291883
9 1 16 0.373289
9 1 14 0.626711
10 0 4 0.573044
10 1 1 0.438489
10 1 12 0.561511
11 0 15 0.264485
12 1 15 0.409376
12 1 10 0.590624
13 1 15 1.000000
13 0 14 0.438780
14 0 10 0.873702
15 0 11 0.429303
15 1 13 1.000000
15 0 5 0.427255
16 1 10 1.000000
16 0 6 0.104328
17 0 11 0.542986
17 1 11 0.674109
17 1 16 0.325892
