74 28
0 0 20 0.004873
1 0 6 0.613521
2 0 19 0.607365
3 0 8 1.000000
4 0 11 0.971590
5 0 27 1.000000
4 1 1 0.535313
7 0 15 0.774036
8 0 25 1.000000
9 0 3 1.000000
10 0 18 0.027204
11 0 25 0.742477
12 0 7 0.079974
26 1 0 0.737179
14 0 24 1.000000
15 0 17 0.383607
16 0 14 0.613384
17 0 18 0.406488
18 0 20 0.425235
26 1 15 0.262821
20 0 27 0.911990
21 0 8 1.000000
22 0 20 0.160390
23 0 6 1.000000
24 0 5 1.000000
25 0 3 0.159399
26 0 4 1.000000
27 0 21 1.000000
0 0 12 0.475719
0 1 12 1.000000
0 0 21 0.519409
1 1 23 1.000000
1 0 4 0.386479
2 1 3 1.000000
2 0 9 0.392635
3 1 6 0.405179
3 1 25 0.594821
4 0 23 0.010080
4 1 2 0.464687
4 0 0 0.018331
5 1 22 0.561047
5 1 7 0.438953
25 0 23 0.840601
6 1 14 1.000000
6 0 18 1.000000
7 0 25 0.222757
7 1 26 1.000000
7 0 11 0.003207
10 1 25 1.000000
10 0 21 0.972796
11 0 13 0.257523
12 1 24 1.000000
12 0 21 0.920026
25 1 27 1.000000
13 1 11 0.658293
13 1 8 0.341707
14 1 8 0.144769
14 1 18 0.855231
15 0 16 0.468511
15 1 4 1.000000
15 0 2 0.147881
16 0 5 0.280216
16 1 0 1.000000
16 0 10 0.106400
17 0 27 0.593512
18 0 0 0.574765
18 1 20 0.495002
18 1 24 0.504998
24 1 20 0.499051
19 1 10 1.000000
19 0 21 1.000000
20 0 8 0.088010
22 0 4 0.839611
24 1 5 0.500949
