36 13
0 0 11 0.381141
1 0 12 0.180610
2 0 4 0.612510
3 0 10 0.628591
4 0 10 1.000000
5 0 11 0.275623
6 0 4 0.625450
7 0 10 1.000000
8 0 11 1.000000
9 0 10 0.366199
10 0 7 0.062053
11 0 1 1.000000
12 0 5 1.000000
0 1 12 1.000000
0 0 12 0.618859
1 0 7 0.819390
2 0 7 0.387490
3 1 5 1.000000
3 0 4 0.371409
5 0 2 0.690022
5 1 11 1.000000
5 0 0 0.034355
6 0 2 0.374550
6 1 8 0.398474
6 1 4 0.601526
7 1 0 0.446637
7 1 8 0.553363
8 1 10 0.201641
8 1 4 0.798359
9 0 3 0.633801
10 0 9 0.937947
10 1 6 0.504627
10 1 2 0.495373
11 1 7 0.437738
11 1 0 0.562262
12 1 0 1.000000
