64 23
0 0 14 1.000000
1 0 19 1.000000
2 0 9 1.000000
3 0 18 1.000000
4 0 8 0.403526
5 0 1 0.198058
6 0 11 0.207910
7 0 17 0.687150
8 0 16 0.003222
9 0 13 0.552323
10 0 2 0.010868
11 0 19 0.649703
12 0 16 1.000000
13 0 8 0.532751
14 0 5 0.094449
15 0 3 1.000000
16 0 8 0.625701
17 0 9 1.000000
18 0 3 1.000000
19 0 15 1.000000
20 0 18 1.000000
21 0 14 0.926443
22 0 1 0.579218
1 1 18 0.487656
1 1 21 0.512344
3 1 9 0.218262
3 1 20 0.781738
4 0 10 0.596474
5 1 9 1.000000
5 0 6 0.801942
6 0 5 0.493325
6 1 4 1.000000
6 0 20 0.298765
7 0 15 0.312850
7 1 8 0.497264
7 1 7 0.502736
8 1 6 1.000000
8 0 14 0.996778
9 0 7 0.079511
9 1 0 1.000000
9 0 12 0.368167
10 0 21 0.545870
10 1 16 1.000000
10 0 12 0.443262
11 1 22 1.000000
11 0 16 0.350297
13 0 20 0.467249
13 1 21 0.278951
13 1 6 0.721049
14 0 21 0.905551
14 1 2 0.070834
14 1 15 0.929166
15 1 17 0.662374
15 1 22 0.337626
16 0 7 0.374299
17 1 17 0.590342
17 1 8 0.409658
18 1 10 0.363104
18 1 1 0.636896
20 1 22 0.922884
20 1 11 0.077116
21 1 17 1.000000
21 0 13 0.073557
22 0 6 0.420782
