57 20
0 0 7 0.898087
1 0 0 0.130037
19 0 15 0.686326
3 0 19 0.573949
4 0 15 0.568581
5 0 9 0.436726
6 0 18 1.000000
19 1 8 1.000000
8 0 11 0.544543
9 0 16 1.000000
10 0 3 1.000000
11 0 10 0.635360
12 0 16 0.261607
13 0 19 1.000000
14 0 4 0.592712
15 0 5 0.383181
16 0 13 0.273843
17 0 13 0.955752
18 0 12 1.000000
19 0 6 0.313674
0 0 16 0.101913
0 1 9 0.548665
0 1 4 0.451335
1 0 8 0.869963
1 1 19 0.448772
1 1 17 0.551228
18 1 16 0.108716
2 1 4 0.464684
2 1 5 0.535316
3 0 15 0.426051
4 0 3 0.431419
4 1 10 0.526091
4 1 15 0.473909
5 0 17 0.563274
5 1 18 0.532049
5 1 12 0.467951
18 1 8 0.891284
8 0 17 0.455457
10 1 1 0.276810
10 1 10 0.723190
11 1 0 1.000000
11 0 13 0.364640
12 0 12 0.532291
12 1 0 1.000000
12 0 14 0.206102
17 1 0 0.141335
13 1 7 1.000000
17 1 9 0.858665
14 0 18 0.407288
14 1 11 0.089414
14 1 0 0.910586
15 0 19 0.616819
15 1 6 0.835415
15 1 12 0.164585
16 1 8 1.000000
16 0 7 0.726157
17 0 5 0.044248
