68 25
0 0 10 0.416882
1 0 5 0.272756
2 0 23 0.369439
10 0 0 0.425406
4 0 1 1.000000
5 0 8 0.397177
6 0 10 0.709346
7 0 20 1.000000
8 0 15 0.878102
9 0 6 1.000000
10 0 24 0.574594
11 0 22 1.000000
12 0 24 0.782005
13 0 24 1.000000
14 0 13 1.000000
15 0 7 0.120787
16 0 8 0.706863
17 0 20 0.495059
1 0 16 0.175772
19 0 20 1.000000
20 0 1 0.397094
21 0 24 0.827129
22 0 12 0.225509
23 0 1 0.291401
24 0 11 0.635128
0 0 24 0.214751
0 1 20 1.000000
0 0 14 0.368367
1 0 21 0.026634
1 1 3 1.000000
1 0 22 0.524837
2 0 14 0.630561
18 1 9 0.403233
3 1 1 1.000000
3 0 13 1.000000
5 0 13 0.380140
5 1 3 1.000000
5 0 11 0.222683
6 1 8 1.000000
6 0 19 0.290654
7 1 8 0.509188
7 1 13 0.490812
8 0 3 0.121898
8 1 22 0.573183
8 1 18 0.426817
10 1 11 0.565617
10 1 15 0.434383
11 1 20 0.815714
11 1 6 0.184286
12 1 22 1.000000
12 0 12 0.217995
15 0 10 0.879213
15 1 2 0.446411
15 1 4 0.553589
16 0 6 0.293137
17 0 4 0.504941
18 0 1 1.000000
18 1 11 0.596767
24 0 10 0.364872
20 0 13 0.602906
21 0 8 0.172871
21 1 15 0.767007
21 1 13 0.232993
22 0 14 0.774491
22 1 18 0.306502
22 1 13 0.693498
23 0 17 0.708599
24 1 1 1.000000
