65 24
0 0 13 0.585437
1 0 19 0.075847
2 0 14 0.243240
3 0 9 1.000000
4 0 22 1.000000
5 0 14 1.000000
6 0 2 0.332945
7 0 11 0.667473
8 0 7 0.565745
9 0 20 0.568454
10 0 6 1.000000
11 0 6 0.346994
12 0 2 1.000000
13 0 7 1.000000
14 0 13 0.376084
15 0 6 0.059380
16 0 5 0.406820
17 0 13 1.000000
18 0 20 0.284935
19 0 17 0.473398
20 0 23 0.604259
21 0 3 1.000000
22 0 13 1.000000
23 0 5 0.392742
0 1 1 1.000000
0 0 18 0.414563
1 1 18 1.000000
1 0 6 0.924153
2 0 7 0.756760
3 1 5 0.440178
3 1 1 0.344143
6 1 3 0.485696
6 1 15 0.514304
7 0 1 0.332527
7 1 20 0.581259
7 1 4 0.418741
8 0 5 0.279269
8 1 19 1.000000
8 0 17 0.154985
9 1 17 1.000000
9 0 12 0.431546
10 1 10 0.189453
10 1 0 0.810547
11 0 4 0.653006
12 1 18 0.253460
12 1 19 0.746540
13 1 10 0.409576
13 1 1 0.590424
14 1 9 1.000000
14 0 1 0.623916
15 0 4 0.940620
16 0 9 0.593180
18 0 12 0.715065
18 1 20 0.955558
18 1 18 0.044442
19 0 13 0.526602
19 1 16 0.909859
19 1 19 0.090141
20 1 20 1.000000
20 0 3 0.395741
23 0 10 0.434623
23 1 2 1.000000
23 0 12 0.172635
6 0 8 0.667055
3 1 21 0.215679
