56 18
0 0 16 0.420875
1 0 2 0.617318
2 0 9 0.665095
3 0 8 0.732187
4 0 14 0.478112
5 0 4 1.000000
6 0 13 1.000000
7 0 13 0.530859
8 0 4 0.325143
9 0 10 1.000000
10 0 9 0.670525
11 0 8 0.739728
12 0 1 1.000000
13 0 15 1.000000
14 0 2 0.705295
15 0 4 0.964504
16 0 1 0.602681
17 0 7 1.000000
0 0 9 0.579125
1 1 8 1.000000
1 0 0 0.382682
2 0 2 0.334905
3 1 17 0.536054
3 0 14 0.267813
4 0 10 0.521888
5 1 10 0.350350
5 1 14 0.649650
6 1 3 0.077939
6 1 2 0.922061
7 0 3 0.469141
8 0 6 0.440600
8 1 16 1.000000
8 0 14 0.234257
9 1 4 0.471254
9 1 5 0.528746
10 0 10 0.329475
10 1 13 0.613204
10 1 7 0.386796
11 0 14 0.003061
11 1 13 1.000000
11 0 5 0.257210
12 1 2 0.088729
12 1 6 0.911270
13 1 8 0.270060
13 1 6 0.729940
14 1 15 1.000000
14 0 0 0.294705
15 1 10 1.000000
15 0 0 0.035496
16 0 6 0.157165
16 1 2 1.000000
16 0 3 0.240153
17 1 16 0.212372
17 1 3 0.431959
17 1 11 0.355669
3 1 12 0.463946
