64 21
0 0 20 0.124821
1 0 14 0.645955
2 0 16 0.944467
3 0 4 0.486768
4 0 0 0.163255
5 0 17 0.466834
6 0 5 0.922637
7 0 17 1.000000
8 0 13 1.000000
9 0 15 1.000000
10 0 12 0.992364
11 0 15 0.603115
12 0 1 0.545015
13 0 15 1.000000
14 0 10 0.869118
15 0 2 1.000000
16 0 11 0.077972
17 0 13 0.380664
18 0 5 0.350959
19 0 14 1.000000
20 0 1 1.000000
0 1 17 1.000000
0 0 6 0.875179
1 1 20 1.000000
1 0 0 0.354045
2 0 12 0.055533
2 1 14 0.485837
2 1 11 0.514163
3 1 18 1.000000
3 0 1 0.513232
4 0 8 0.836746
4 1 7 0.508171
4 1 8 0.491829
5 0 9 0.412028
5 1 20 1.000000
5 0 1 0.121138
6 0 7 0.077363
6 1 0 0.563479
6 1 7 0.436521
10 0 11 0.007636
10 1 8 0.288658
10 1 11 0.711342
11 0 3 0.396885
11 1 0 0.763701
11 1 17 0.236299
12 0 4 0.454986
12 1 12 0.747691
12 1 6 0.252309
13 1 2 0.557844
13 1 14 0.442156
14 0 1 0.070907
14 1 19 1.000000
14 0 9 0.059975
15 1 14 0.437205
15 1 10 0.562795
16 0 4 0.922028
17 0 9 0.207923
17 1 16 1.000000
17 0 2 0.411413
18 0 14 0.649041
18 1 17 0.963752
18 1 14 0.036248
20 1 16 0.267685
20 1 9 0.732315
