39 13
0 0 8 1.000000
1 0 4 0.374491
2 0 0 0.149764
3 0 8 1.000000
4 0 6 0.851631
12 0 6 0.692520
6 0 0 1.000000
7 0 11 0.635102
8 0 10 0.583677
9 0 0 0.643245
10 0 9 0.127959
11 0 9 1.000000
12 0 0 0.307480
1 0 11 0.175674
1 1 8 1.000000
1 0 5 0.449835
2 0 4 0.223827
2 1 0 1.000000
2 0 12 0.626409
3 1 1 0.931543
3 1 0 0.068457
4 1 4 1.000000
4 0 8 0.148369
5 0 7 1.000000
5 1 11 1.000000
11 1 4 0.600827
6 1 3 0.646163
6 1 4 0.353837
7 0 6 0.346483
7 1 2 1.000000
7 0 5 0.018415
8 0 11 0.416323
8 1 4 0.626648
8 1 9 0.373352
9 0 7 0.356755
11 1 4 0.399173
10 0 11 0.483068
10 0 10 0.388973
10 1 8 1.000000
