40 13
0 0 1 1.000000
1 0 0 0.487930
2 0 10 0.950861
3 0 5 0.358881
4 0 5 1.000000
5 0 11 0.184036
6 0 1 0.372054
7 0 5 1.000000
8 0 0 1.000000
9 0 5 0.388782
10 0 9 0.858402
11 0 5 0.825162
12 0 1 0.290474
1 0 10 0.449574
1 1 12 1.000000
1 0 1 0.062496
2 0 4 0.049139
2 1 0 0.927034
2 1 5 0.072966
3 0 10 0.350251
3 1 11 1.000000
3 0 6 0.290868
4 1 4 0.691210
4 1 0 0.308790
5 0 3 0.408589
5 1 9 1.000000
5 0 10 0.407375
6 0 6 0.627946
7 1 8 0.489264
7 1 0 0.510736
8 1 12 0.094168
8 1 8 0.905832
9 0 7 0.404354
9 1 6 1.000000
9 0 3 0.206864
10 0 3 0.141598
11 1 7 1.000000
11 0 0 0.174838
12 1 12 1.000000
12 0 2 0.709526
