34 12
0 0 4 0.771651
1 0 6 0.219768
2 0 11 0.425268
3 0 7 1.000000
4 0 11 0.546764
5 0 9 1.000000
6 0 0 1.000000
7 0 11 1.000000
8 0 9 1.000000
9 0 5 1.000000
10 0 9 1.000000
11 0 10 0.923810
0 1 4 1.000000
0 0 8 0.228349
1 0 10 0.427813
1 1 9 1.000000
1 0 0 0.352419
2 0 1 0.269621
2 1 5 1.000000
2 0 4 0.305111
3 1 2 0.795800
3 1 4 0.204200
4 0 1 0.453236
4 1 10 0.479950
4 1 3 0.520050
6 1 4 0.766733
6 1 3 0.233267
8 1 3 0.509171
8 1 11 0.490829
9 1 6 0.458283
9 1 10 0.541717
11 0 0 0.076190
11 1 8 0.664174
11 1 7 0.335826
