51 18
0 0 15 0.358670
1 0 8 0.440015
2 0 7 0.621539
3 0 12 0.139587
4 0 3 1.000000
5 0 2 1.000000
6 0 0 0.278617
7 0 15 1.000000
8 0 16 1.000000
9 0 6 0.926230
10 0 13 1.000000
11 0 9 1.000000
12 0 5 1.000000
13 0 3 0.429940
14 0 1 0.154880
15 0 0 0.444326
16 0 8 0.307702
17 0 0 1.000000
0 1 13 1.000000
0 0 9 0.641330
1 1 6 0.678366
1 0 16 0.559985
3 0 2 0.860413
4 1 15 0.483166
4 1 2 0.516834
5 1 11 0.304383
5 1 9 0.346998
6 1 12 1.000000
6 0 13 0.721383
8 1 9 0.958112
8 1 11 0.041888
9 0 17 0.073770
11 1 11 0.608852
11 1 15 0.391148
12 1 13 0.067699
12 1 16 0.721932
13 1 17 1.000000
13 0 15 0.570060
14 0 2 0.502627
14 1 5 1.000000
14 0 13 0.342493
15 0 16 0.555674
16 0 6 0.692298
16 1 9 0.751174
16 1 11 0.248826
17 1 13 0.569278
17 1 11 0.430722
5 1 1 0.348618
1 1 4 0.321634
2 0 10 0.378461
12 1 14 0.210369
