77 28
0 0 16 1.000000
1 0 6 1.000000
2 0 7 0.593810
3 0 18 0.386278
4 0 0 0.003138
5 0 3 1.000000
22 0 23 0.270607
7 0 22 0.395330
8 0 0 1.000000
9 0 7 0.405557
10 0 13 0.370057
11 0 18 0.076488
12 0 2 0.383887
13 0 5 0.377433
14 0 2 1.000000
15 0 10 0.836215
16 0 0 0.630808
17 0 26 1.000000
18 0 6 0.607123
19 0 8 0.593636
20 0 26 0.362951
21 0 10 1.000000
22 0 0 0.262151
23 0 1 0.352171
24 0 3 1.000000
25 0 19 0.468630
26 0 4 0.485765
27 0 26 0.062840
1 1 7 0.844382
1 1 14 0.155618
2 1 13 1.000000
2 0 15 0.406190
3 0 14 0.384588
3 1 8 0.485895
3 1 9 0.514105
4 0 18 0.996862
4 1 26 0.291772
4 1 1 0.708228
3 0 11 0.229134
6 1 12 0.736108
6 1 18 0.263892
7 0 14 0.604670
9 1 25 1.000000
9 0 24 0.594443
10 1 0 1.000000
10 0 25 0.629943
11 0 24 0.310315
11 1 8 1.000000
11 0 17 0.613198
12 0 19 0.616113
12 1 18 0.259663
12 1 19 0.740337
13 1 2 1.000000
13 0 13 0.622567
15 1 17 1.000000
15 0 17 0.163785
16 1 27 1.000000
16 0 3 0.369191
17 1 19 0.870027
17 1 7 0.129973
18 0 18 0.392877
19 0 7 0.406364
19 1 15 0.898403
19 1 21 0.101597
20 0 18 0.138750
20 1 1 1.000000
20 0 13 0.498298
22 0 21 0.246947
22 1 6 1.000000
22 0 18 0.220295
23 0 3 0.647829
25 1 26 1.000000
25 0 0 0.531370
26 0 3 0.514235
27 0 6 0.421798
27 1 20 1.000000
27 0 18 0.515361
