63 24
0 0 6 0.615268
1 0 13 0.163565
2 0 21 0.122344
3 0 15 0.364407
4 0 1 0.712053
23 0 15 0.534290
6 0 7 1.000000
7 0 0 1.000000
8 0 7 0.260191
9 0 5 0.369742
10 0 19 1.000000
11 0 19 0.652999
12 0 23 1.000000
13 0 1 0.382555
14 0 10 1.000000
15 0 7 0.895687
23 1 1 1.000000
17 0 14 0.840146
18 0 8 1.000000
19 0 6 0.484885
20 0 4 0.054333
23 0 4 0.465710
22 0 14 0.354835
22 0 7 0.494332
0 0 3 0.384732
1 0 14 0.425817
1 1 9 1.000000
1 0 21 0.410618
2 0 0 0.877656
3 0 23 0.351347
3 1 1 1.000000
3 0 0 0.284246
4 0 22 0.287947
4 1 22 0.789977
4 1 8 0.210023
5 1 15 1.000000
22 1 17 1.000000
8 0 16 0.275466
8 1 8 1.000000
8 0 2 0.464343
9 0 8 0.630258
9 1 7 0.603847
9 1 0 0.396153
22 0 20 0.150833
21 0 23 1.000000
11 0 4 0.347001
11 1 7 0.857970
11 1 23 0.142030
13 0 18 0.617445
13 1 11 0.475981
13 1 23 0.524019
15 0 1 0.104313
15 1 12 0.389852
15 1 20 0.610148
20 1 0 0.581434
16 1 3 1.000000
16 0 4 1.000000
17 1 16 1.000000
17 0 21 0.159854
19 1 8 1.000000
19 0 7 0.515115
20 0 2 0.945667
20 1 3 0.418566
