40 15
0 0 11 1.000000
1 0 14 1.000000
2 0 0 0.170265
3 0 12 0.646589
4 0 3 1.000000
5 0 8 1.000000
14 1 4 0.583656
7 0 3 1.000000
8 0 5 0.693028
9 0 13 0.451308
10 0 5 0.644498
11 0 10 0.130692
12 0 1 1.000000
13 0 7 0.716213
14 0 9 1.000000
0 1 11 0.602542
0 1 9 0.397458
1 1 0 0.434482
1 1 3 0.565518
2 0 14 0.412159
2 1 14 1.000000
2 0 8 0.417576
3 1 1 1.000000
3 0 6 0.353411
4 1 7 0.688194
4 1 3 0.311806
14 1 8 0.416344
13 0 10 0.283787
7 1 10 1.000000
13 1 1 1.000000
8 1 0 1.000000
8 0 2 0.306972
9 0 10 0.146844
9 1 10 1.000000
9 0 6 0.401848
10 0 8 0.355502
10 1 5 0.371097
10 1 1 0.628903
11 1 1 1.000000
11 0 9 0.869308
