83 29
0 0 22 0.970297
1 0 15 0.146782
2 0 12 1.000000
3 0 10 0.617138
4 0 13 0.601758
5 0 28 0.071275
6 0 26 0.168017
7 0 19 0.253813
8 0 1 0.115725
9 0 16 1.000000
10 0 9 0.347482
11 0 16 1.000000
12 0 23 0.284097
13 0 19 0.517829
14 0 19 0.099561
15 0 20 0.480354
16 0 13 1.000000
17 0 24 0.083193
18 0 8 1.000000
19 0 21 1.000000
20 0 6 1.000000
21 0 10 1.000000
22 0 12 0.733599
23 0 24 1.000000
24 0 1 1.000000
25 0 7 0.377769
26 0 11 0.405749
27 0 3 0.789025
28 0 16 1.000000
0 0 24 0.029703
0 1 20 0.486732
0 1 26 0.513268
1 0 2 0.361156
1 1 24 1.000000
1 0 18 0.492062
2 1 11 0.484912
2 1 24 0.515088
3 0 15 0.382862
3 1 13 0.926086
3 1 0 0.073914
4 1 19 1.000000
4 0 15 0.398242
5 0 9 0.928725
6 0 0 0.621564
6 1 18 1.000000
6 0 25 0.210419
7 0 16 0.746187
8 0 11 0.884275
8 1 14 0.791796
8 1 21 0.208204
10 0 2 0.532022
10 1 20 1.000000
10 0 15 0.120496
12 0 3 0.715903
12 1 7 0.693516
12 1 24 0.306484
13 1 17 1.000000
13 0 18 0.482171
14 0 18 0.900439
15 0 5 0.317272
15 1 15 1.000000
15 0 15 0.202374
16 1 0 0.562836
16 1 17 0.437164
17 1 23 1.000000
17 0 2 0.916807
19 1 10 0.398825
19 1 21 0.601175
22 1 22 1.000000
22 0 8 0.266401
23 1 22 0.704360
23 1 7 0.295640
24 1 1 0.502628
24 1 23 0.497372
25 0 1 0.291293
25 1 12 1.000000
25 0 9 0.330938
26 0 3 0.379276
26 1 18 1.000000
26 0 5 0.214975
27 0 28 0.210975
28 1 27 0.935416
28 1 4 0.064584
