49 16
0 0 1 0.439368
1 0 14 1.000000
2 0 4 0.389299
3 0 5 0.217050
4 0 14 0.491059
5 0 12 0.654262
6 0 3 0.383274
7 0 11 0.889221
8 0 3 1.000000
9 0 8 0.304679
15 0 13 0.437684
11 0 15 0.536062
12 0 6 1.000000
13 0 5 0.650333
14 0 7 1.000000
15 0 10 0.465393
0 0 2 0.258664
0 1 4 1.000000
0 0 12 0.301969
1 1 5 0.472997
1 1 10 0.527003
2 0 6 0.610701
2 1 2 0.910717
2 1 8 0.089283
3 0 1 0.334404
3 1 7 1.000000
3 0 9 0.448546
4 0 6 0.508941
5 1 6 1.000000
5 0 11 0.345738
6 0 5 0.332518
6 1 11 1.000000
6 0 10 0.284208
7 1 12 1.000000
7 0 2 0.110779
9 0 7 0.695321
9 1 5 0.048241
9 1 7 0.951759
10 0 0 1.000000
10 1 7 1.000000
15 1 2 0.971231
11 1 11 1.000000
11 0 5 0.463938
13 1 10 1.000000
13 0 4 0.349667
14 1 8 0.366873
14 1 6 0.633127
15 0 7 0.096923
15 1 3 0.028769
