58 19
0 0 14 0.636134
1 0 4 0.655520
2 0 8 0.783731
3 0 5 0.467207
4 0 8 0.129428
5 0 18 1.000000
6 0 2 0.417151
7 0 10 1.000000
8 0 5 0.297347
9 0 0 0.137425
10 0 14 0.608441
11 0 16 0.359484
12 0 18 0.457985
13 0 10 1.000000
14 0 3 0.884674
15 0 1 0.985846
16 0 13 1.000000
17 0 5 0.481467
18 0 1 1.000000
0 0 18 0.363866
0 1 2 0.159726
0 1 12 0.840274
1 1 17 1.000000
1 0 5 0.344480
2 1 4 1.000000
2 0 16 0.216269
3 0 4 0.532793
3 1 16 0.886310
3 1 7 0.113690
4 1 15 1.000000
4 0 2 0.870572
6 1 4 0.429682
6 0 13 0.582849
7 1 2 0.819449
7 1 15 0.180551
8 0 16 0.385148
8 1 16 1.000000
8 0 0 0.317505
9 0 5 0.862575
10 1 4 0.447976
10 0 18 0.391559
11 0 3 0.526056
11 1 8 1.000000
11 0 6 0.114460
12 0 16 0.542015
13 1 4 0.716089
13 1 14 0.283911
14 1 18 1.000000
14 0 0 0.115326
15 1 7 1.000000
15 0 18 0.014154
16 1 6 0.253368
16 1 8 0.746632
17 0 16 0.518533
18 1 7 0.330152
18 1 13 0.669848
10 1 9 0.552024
6 1 11 0.570318
