67 24
0 0 13 1.000000
1 0 11 0.457930
2 0 17 1.000000
3 0 10 1.000000
4 0 6 1.000000
5 0 22 0.231776
6 0 4 0.261902
7 0 14 1.000000
8 0 19 1.000000
9 0 1 0.148394
10 0 23 1.000000
9 1 15 0.545534
12 0 9 1.000000
13 0 6 0.673390
14 0 23 0.135687
15 0 23 0.291618
16 0 3 0.551371
17 0 9 0.595432
18 0 5 0.328913
23 1 17 0.289800
20 0 23 0.629720
21 0 11 1.000000
22 0 1 0.190248
23 0 17 0.257562
1 0 18 0.077828
1 1 14 1.000000
1 0 14 0.464242
2 1 21 0.046137
2 1 19 0.953863
5 0 17 0.116255
5 1 11 1.000000
5 0 0 0.651968
6 0 23 0.738098
6 1 3 0.550625
6 1 7 0.449375
8 1 14 0.571348
8 1 12 0.428652
9 1 18 0.454466
9 0 0 0.851606
11 0 5 1.000000
11 1 6 1.000000
23 1 17 0.710200
12 1 2 0.587814
12 1 14 0.412186
13 1 21 1.000000
13 0 19 0.326610
14 0 20 0.864313
14 1 3 0.623833
14 1 19 0.376167
15 0 1 0.708382
16 1 2 1.000000
16 0 22 0.448629
17 0 0 0.404568
17 1 13 0.355385
17 1 11 0.644615
18 0 7 0.345796
18 1 20 1.000000
18 0 6 0.325291
19 1 1 1.000000
23 0 16 0.742438
20 1 0 1.000000
20 0 16 0.370280
21 1 23 0.699044
21 1 0 0.300956
22 0 23 0.809752
22 1 4 0.674175
22 1 9 0.325825
