52 21
0 0 11 0.983650
19 1 11 0.630939
2 0 15 0.432640
3 0 11 0.108346
4 0 14 1.000000
5 0 3 0.348099
6 0 1 1.000000
7 0 16 1.000000
8 0 9 1.000000
9 0 2 0.696523
10 0 6 0.577071
11 0 19 1.000000
12 0 4 0.421426
13 0 20 1.000000
14 0 17 1.000000
15 0 14 0.404404
16 0 4 1.000000
17 0 18 0.360330
18 0 0 0.675949
19 0 8 0.526239
20 0 9 1.000000
0 0 5 0.016350
1 1 8 1.000000
19 1 18 0.369061
2 1 7 1.000000
2 0 11 0.567360
3 0 9 0.891654
4 1 4 0.473734
4 1 8 0.526266
5 0 7 0.447414
5 1 14 1.000000
5 0 11 0.204487
8 1 20 0.595255
8 1 18 0.404745
9 0 10 0.303477
9 1 1 0.875222
9 1 5 0.124778
10 1 20 1.000000
10 0 7 0.422929
12 0 13 0.153078
12 1 15 1.000000
12 0 11 0.425496
13 1 6 0.253252
13 1 15 0.746748
15 0 0 0.474303
15 1 17 1.000000
15 0 5 0.121293
17 0 12 0.465805
17 1 16 1.000000
17 0 7 0.173865
18 0 19 0.324051
19 0 2 0.473761
