74 27
0 0 10 0.118039
1 0 21 0.613924
2 0 24 0.480521
3 0 13 0.374841
4 0 11 1.000000
5 0 12 0.294442
6 0 11 0.234644
7 0 1 1.000000
8 0 3 1.000000
9 0 0 0.463747
10 0 4 1.000000
11 0 17 1.000000
12 0 18 0.552644
13 0 24 0.241422
14 0 15 0.781668
15 0 13 0.571668
16 0 25 0.324453
17 0 23 0.306017
18 0 9 1.000000
19 0 5 1.000000
20 0 26 0.772187
21 0 4 0.441454
22 0 8 1.000000
23 0 7 0.626375
24 0 21 1.000000
25 0 18 0.164987
26 0 20 0.082369
0 1 3 0.420088
0 1 6 0.309361
1 1 26 1.000000
1 0 1 0.386076
2 0 17 0.519479
14 1 19 0.430090
5 1 15 0.746315
3 1 20 1.000000
3 0 6 0.625159
5 0 9 0.241014
5 1 26 0.253686
5 0 19 0.464544
6 0 7 0.508036
6 1 2 1.000000
6 0 1 0.257319
9 1 23 1.000000
9 0 22 0.536253
12 0 15 0.447356
12 1 20 0.721978
12 1 25 0.278022
13 1 22 1.000000
13 0 18 0.758578
14 1 1 0.569910
14 0 0 0.218332
15 0 0 0.428332
16 0 17 0.524846
16 1 11 1.000000
16 0 4 0.150701
17 1 20 1.000000
17 0 6 0.693983
20 0 7 0.227813
20 1 13 0.369027
20 1 3 0.630973
21 0 10 0.558546
21 1 11 0.795056
21 1 10 0.204944
23 0 18 0.373625
23 1 26 0.859345
23 1 16 0.140655
25 1 8 1.000000
25 0 23 0.835013
26 0 6 0.629444
26 1 7 1.000000
26 0 24 0.288187
0 1 5 0.270551
2 1 12 1.000000
0 0 14 0.881961
