37 12
0 0 2 1.000000
1 0 9 1.000000
2 0 7 0.578324
3 0 7 0.400201
4 0 0 1.000000
5 0 3 0.353180
6 0 3 0.317797
7 0 8 0.971271
8 0 7 1.000000
9 0 3 1.000000
10 0 2 0.325639
11 0 8 1.000000
11 1 4 0.417298
0 1 0 1.000000
11 1 1 0.582702
1 1 2 0.507506
1 1 4 0.492494
2 1 10 1.000000
2 0 1 0.421676
3 0 6 0.135093
3 1 0 1.000000
3 0 10 0.464706
5 0 4 0.454562
5 1 4 1.000000
5 0 9 0.192258
6 0 10 0.682203
6 1 6 0.041695
6 1 8 0.958305
7 0 5 0.028729
7 1 9 0.923943
7 1 11 0.076057
10 0 10 0.240921
8 1 0 1.000000
10 1 11 1.000000
9 1 10 0.221066
9 1 1 0.778934
10 0 7 0.433440
