58 22
0 0 19 0.398574
1 0 21 0.373835
2 0 3 0.671034
3 0 10 1.000000
4 0 16 0.676331
5 0 4 0.771702
6 0 9 1.000000
7 0 15 0.531124
8 0 19 0.704570
9 0 16 0.180142
10 0 5 0.858275
11 0 12 0.393173
12 0 1 1.000000
1 0 14 0.626165
14 0 10 1.000000
15 0 17 1.000000
16 0 0 0.157245
17 0 0 0.308646
18 0 11 1.000000
19 0 15 1.000000
20 0 8 0.595626
21 0 2 0.948977
0 0 1 0.601426
0 1 16 0.814701
0 1 15 0.185299
1 1 17 0.647059
1 1 9 0.352941
2 1 20 1.000000
2 0 4 0.328966
4 0 17 0.323669
4 1 0 0.488808
4 1 11 0.511192
5 0 7 0.228298
5 1 1 0.716464
5 1 8 0.283536
7 1 17 1.000000
7 0 8 0.468876
8 1 18 1.000000
8 0 5 0.295430
9 0 8 0.088870
9 1 10 1.000000
9 0 9 0.377802
10 0 1 0.044769
10 1 3 1.000000
10 0 20 0.096956
11 1 15 1.000000
11 0 7 0.606827
9 0 6 0.353186
14 1 13 0.614545
14 1 21 0.385455
15 1 20 0.612588
15 1 13 0.387412
16 1 11 1.000000
16 0 20 0.842755
17 0 10 0.691354
20 1 12 1.000000
20 0 21 0.404374
21 0 10 0.051023
