39 15
0 0 6 1.000000
3 1 5 0.389928
2 0 11 1.000000
3 0 7 1.000000
4 0 13 0.362122
5 0 4 1.000000
6 0 3 0.442248
7 0 9 0.654926
8 0 7 0.050445
9 0 11 1.000000
10 0 12 1.000000
11 0 6 0.390526
12 0 14 1.000000
13 0 6 0.561555
14 0 4 1.000000
0 1 7 0.601007
0 1 4 0.398993
14 1 3 0.518804
2 1 0 0.328365
2 1 8 0.671635
3 1 2 0.234382
3 1 4 0.375689
4 0 7 0.619406
4 1 9 1.000000
4 0 14 0.018472
6 1 14 1.000000
6 0 13 0.557752
7 1 13 1.000000
7 0 10 0.345074
8 0 3 0.949555
8 1 13 0.172913
8 1 1 0.827087
11 1 12 1.000000
11 0 7 0.609474
12 1 7 0.401767
12 1 9 0.598233
13 1 4 1.000000
13 0 10 0.438445
14 1 8 0.481196
