77 26
0 0 13 0.184025
1 0 12 0.231533
2 0 23 1.000000
3 0 1 0.433465
4 0 12 0.377648
5 0 9 0.556656
6 0 16 0.403450
7 0 17 0.365017
8 0 20 1.000000
9 0 4 0.294661
10 0 0 0.516369
11 0 13 0.657800
12 0 13 0.402930
13 0 10 1.000000
14 0 7 1.000000
15 0 2 0.693790
25 0 25 0.395248
17 0 25 0.605701
18 0 20 0.545626
19 0 9 0.357303
20 0 25 0.486251
21 0 24 0.431818
22 0 20 0.752028
23 0 16 0.679417
24 0 19 0.544853
25 0 8 0.604752
0 0 25 0.815975
0 1 17 0.504287
0 1 11 0.495713
1 0 15 0.768467
25 1 1 1.000000
2 1 13 1.000000
24 0 10 0.425107
3 0 25 0.566535
24 1 21 1.000000
24 0 3 0.030040
4 0 24 0.159178
4 1 2 1.000000
4 0 14 0.463174
5 0 0 0.443344
6 1 25 1.000000
6 0 4 0.596550
7 0 2 0.634983
7 1 24 0.065556
7 1 19 0.934444
9 0 22 0.577573
9 1 3 1.000000
9 0 23 0.127766
10 1 4 1.000000
10 0 12 0.483631
11 1 18 1.000000
11 0 12 0.342200
12 0 20 0.316907
12 1 15 1.000000
12 0 5 0.280163
13 1 19 0.281395
13 1 0 0.718605
14 1 6 0.512053
14 1 14 0.487947
15 0 20 0.306210
23 1 17 0.755538
23 1 14 0.244462
23 0 1 0.320583
17 1 18 1.000000
17 0 6 0.394299
18 1 19 1.000000
18 0 24 0.454374
19 0 12 0.642697
20 0 11 0.513749
20 1 4 0.272179
20 1 5 0.727821
21 0 7 0.164809
21 1 17 1.000000
21 0 10 0.403372
22 0 23 0.247972
22 1 21 0.148218
22 1 6 0.851782
