54 17
0 0 6 1.000000
1 0 13 0.338055
8 1 10 0.030761
3 0 0 1.000000
4 0 16 1.000000
5 0 14 1.000000
6 0 16 0.148080
7 0 5 0.212467
8 0 5 0.604398
9 0 11 0.520075
10 0 6 0.180639
11 0 5 0.505939
12 0 13 0.610412
13 0 6 1.000000
14 0 1 0.723087
15 0 3 0.346416
16 0 5 0.582058
0 1 3 0.913575
0 1 11 0.086425
1 0 5 0.485956
1 1 3 1.000000
1 0 4 0.175989
2 1 15 0.441054
2 1 9 0.558946
3 1 1 0.295915
3 1 14 0.704085
6 0 11 0.424121
6 1 15 1.000000
6 0 0 0.427799
7 0 13 0.182662
7 1 12 1.000000
7 0 11 0.604871
8 0 4 0.395602
8 1 12 0.892050
8 1 14 0.077189
9 1 14 1.000000
9 0 3 0.479925
10 0 7 0.819361
11 0 15 0.494061
11 1 1 0.514818
11 1 4 0.485182
12 0 11 0.389588
12 1 6 0.697494
12 1 4 0.302506
13 1 16 0.562619
13 1 11 0.437381
14 1 14 1.000000
14 0 7 0.276913
15 0 11 0.554100
15 1 4 0.996637
15 0 2 0.099483
16 1 3 1.000000
16 0 2 0.417942
15 1 8 0.003363
