35 10
0 0 8 0.328321
1 0 0 0.168130
2 0 1 0.763040
3 0 1 1.000000
4 0 1 0.894505
5 0 4 0.375768
6 0 5 0.644517
7 0 8 1.000000
8 0 4 0.280756
9 0 5 0.213390
0 0 4 0.671679
0 1 2 0.379983
0 1 4 0.290187
1 0 4 0.326130
1 1 2 1.000000
1 0 6 0.168962
2 0 6 0.236960
2 1 8 0.264982
2 1 0 0.735018
1 0 9 0.336778
0 1 7 0.329831
4 0 8 0.105495
4 1 4 0.456111
4 1 5 0.543889
5 0 5 0.624232
5 1 5 0.149343
5 1 1 0.850657
6 0 6 0.309317
6 1 3 1.000000
6 0 3 0.046166
8 1 5 1.000000
8 0 0 0.719244
9 0 1 0.594258
9 1 6 1.000000
9 0 9 0.192352
