42 16
0 0 7 1.000000
1 0 0 0.157763
2 0 7 0.295619
3 0 8 1.000000
4 0 8 0.696513
5 0 1 0.539443
6 0 10 0.609272
7 0 2 0.690111
8 0 3 1.000000
9 0 0 0.259275
10 0 9 1.000000
11 0 0 0.173894
12 0 5 0.210169
13 0 9 1.000000
14 0 4 0.916391
15 0 14 0.371584
1 0 5 0.454401
1 1 9 1.000000
1 0 15 0.387836
2 0 2 0.704381
2 1 13 0.381342
2 1 0 0.618658
3 1 4 0.604292
3 1 8 0.395708
4 0 11 0.303487
5 1 13 1.000000
5 0 9 0.460557
6 1 11 1.000000
6 0 13 0.390728
7 1 3 0.583685
7 0 14 0.309889
8 1 10 0.346199
8 1 12 0.653801
9 0 5 0.740725
7 1 6 0.416315
15 0 5 0.628416
11 1 5 1.000000
11 0 13 0.826106
12 0 4 0.789831
12 1 4 0.747582
12 1 11 0.252418
14 0 1 0.083609
