37 14
0 0 6 0.166956
1 0 12 0.539751
2 0 7 0.547796
3 0 2 1.000000
13 0 7 0.525203
5 0 9 1.000000
6 0 2 0.515465
7 0 2 1.000000
8 0 1 1.000000
9 0 5 0.437445
10 0 0 0.540487
11 0 12 0.546984
12 0 8 1.000000
13 0 8 0.474797
0 0 12 0.833044
1 1 5 1.000000
1 0 6 0.460249
2 1 2 1.000000
2 0 13 0.452203
3 1 5 0.507048
3 1 0 0.492952
4 0 7 1.000000
4 1 0 1.000000
13 1 10 1.000000
6 0 6 0.484535
6 1 3 0.387101
6 1 2 0.612899
9 0 10 0.562555
9 1 8 0.682369
9 1 2 0.317631
10 0 3 0.459513
10 1 12 0.492261
10 1 11 0.507739
11 1 9 1.000000
11 0 10 0.453016
12 1 4 0.308318
12 1 12 0.691682
