59 22
0 0 9 1.000000
1 0 10 0.638628
2 0 8 0.468433
3 0 14 0.236865
13 1 1 0.382223
5 0 21 1.000000
6 0 7 0.140998
7 0 21 0.260015
8 0 18 1.000000
9 0 2 1.000000
10 0 16 1.000000
11 0 20 0.675215
12 0 20 0.261412
13 0 17 1.000000
14 0 18 0.942922
15 0 2 0.936545
16 0 13 0.886903
17 0 3 0.809530
18 0 21 0.322775
19 0 5 0.202124
20 0 18 1.000000
21 0 16 0.517041
1 0 13 0.361372
1 1 9 0.174072
1 1 11 0.825928
2 0 0 0.531567
3 0 2 0.423250
3 1 9 1.000000
3 0 19 0.339885
4 1 16 1.000000
21 0 11 0.271216
5 1 4 0.851964
5 1 6 0.148036
6 1 2 1.000000
6 0 8 0.859002
7 1 15 1.000000
7 0 7 0.739985
11 1 11 1.000000
11 0 12 0.324785
12 1 19 1.000000
12 0 18 0.738588
13 1 14 0.276713
13 1 15 0.341064
14 0 12 0.057078
14 1 3 0.617807
14 1 10 0.382193
15 0 10 0.063455
16 1 21 1.000000
16 0 4 0.113097
17 1 11 1.000000
17 0 12 0.190470
18 0 12 0.300829
18 1 17 1.000000
18 0 9 0.376396
19 0 4 0.397419
19 1 20 1.000000
19 0 9 0.400457
21 0 13 0.211743
21 1 14 1.000000
