83 30
0 0 13 1.000000
1 0 28 0.441387
2 0 15 0.203377
3 0 28 1.000000
4 0 11 1.000000
5 0 16 0.267197
6 0 18 0.174340
7 0 26 0.337826
8 0 26 1.000000
9 0 14 0.798324
10 0 3 0.674718
11 0 29 1.000000
12 0 4 1.000000
13 0 2 0.275346
14 0 3 1.000000
15 0 25 1.000000
16 0 1 1.000000
17 0 25 0.478921
18 0 25 0.144319
19 0 29 0.825669
20 0 6 1.000000
21 0 23 0.487979
22 0 16 0.239496
23 0 1 1.000000
24 0 14 0.626701
25 0 9 0.199062
26 0 4 1.000000
27 0 9 1.000000
28 0 9 0.031520
29 0 27 0.160698
0 1 11 0.244565
0 1 7 0.755435
1 0 27 0.348445
1 1 22 1.000000
1 0 3 0.210168
2 1 11 1.000000
2 0 23 0.796623
5 0 22 0.301937
5 1 19 0.058784
5 1 8 0.941216
6 0 11 0.102398
6 1 24 1.000000
6 0 15 0.723262
7 0 2 0.662174
8 1 21 0.337247
8 1 18 0.662753
9 0 24 0.201676
10 0 21 0.325282
11 1 29 0.439638
11 1 3 0.560362
13 0 7 0.207968
13 1 3 1.000000
13 0 22 0.516686
14 1 3 0.154863
14 1 19 0.845137
15 1 15 0.520854
15 1 9 0.479146
16 1 13 0.261825
16 1 8 0.738175
17 0 9 0.294445
17 1 4 1.000000
17 0 18 0.226633
18 0 16 0.732381
18 1 4 1.000000
18 0 14 0.123299
20 1 27 0.992130
20 1 12 0.007870
21 1 23 1.000000
21 0 0 0.512021
22 0 18 0.760504
23 1 8 0.059148
23 1 16 0.940852
24 0 17 0.373299
25 0 27 0.800938
5 0 20 0.391650
19 0 12 0.174331
28 0 10 0.555556
28 1 15 1.000000
28 0 1 0.412925
29 1 19 0.766217
29 0 22 0.839302
29 1 5 0.233783
5 0 6 0.039217
