81 27
0 0 16 0.592172
1 0 8 1.000000
2 0 25 0.765030
3 0 17 1.000000
4 0 1 0.372980
5 0 25 0.955487
6 0 12 1.000000
7 0 21 0.738659
8 0 3 0.884658
9 0 18 0.068085
10 0 7 0.447286
11 0 17 0.550456
12 0 5 0.127385
13 0 12 0.465016
14 0 0 0.986831
15 0 17 0.290854
16 0 2 1.000000
17 0 0 1.000000
18 0 19 0.355186
19 0 7 1.000000
20 0 25 0.951063
21 0 1 0.428746
18 1 22 0.225090
23 0 4 0.536140
24 0 5 1.000000
25 0 23 1.000000
26 0 3 0.798326
0 1 14 1.000000
0 0 10 0.407828
1 1 2 0.641220
1 1 5 0.358780
2 0 20 0.234970
3 1 9 0.778821
3 1 25 0.221179
4 0 25 0.392625
4 1 16 1.000000
4 0 0 0.234395
5 1 17 0.959082
5 1 24 0.040918
6 1 20 0.950399
6 1 19 0.049601
7 0 26 0.261341
7 1 26 0.419655
7 1 24 0.580345
8 0 9 0.115342
9 0 8 0.931915
10 0 17 0.552714
10 1 20 0.003485
10 1 13 0.996515
11 0 22 0.374625
11 1 26 1.000000
11 0 9 0.074918
12 0 13 0.307687
12 1 26 1.000000
12 0 16 0.564928
13 0 25 0.534984
13 1 19 0.665186
13 1 8 0.334814
14 1 13 1.000000
14 0 12 0.013169
15 0 15 0.709146
15 1 4 0.693839
15 1 19 0.306161
17 1 23 0.477135
17 1 12 0.522865
18 1 25 0.774910
18 0 14 0.644814
20 0 0 0.048937
20 1 6 0.511299
20 1 14 0.488701
21 1 12 1.000000
21 0 10 0.571254
22 1 8 1.000000
5 0 11 0.044513
23 0 17 0.463860
23 1 10 0.371163
23 1 12 0.628837
24 1 13 0.118297
24 1 10 0.881703
26 1 15 1.000000
26 0 9 0.201674
