44 15
0 0 13 1.000000
1 0 3 0.306669
2 0 1 0.133363
3 0 8 0.603593
4 0 8 0.398286
5 0 12 0.457530
6 0 8 0.256065
7 0 9 1.000000
8 0 6 0.352137
9 0 2 1.000000
10 0 9 1.000000
11 0 0 0.972685
12 0 5 0.393752
13 0 11 1.000000
14 0 4 0.156466
0 1 7 0.424617
0 1 4 0.575383
1 0 10 0.693331
1 1 4 0.326939
1 1 7 0.673061
2 0 6 0.705664
2 1 1 1.000000
2 0 2 0.160973
3 0 4 0.396407
4 0 10 0.601714
4 1 7 0.935589
4 1 8 0.064411
5 0 10 0.542470
5 1 10 0.417592
5 1 11 0.582408
6 0 11 0.743935
7 1 4 0.036552
7 1 8 0.963448
8 0 10 0.647863
10 1 1 0.519598
10 1 14 0.480402
11 0 3 0.027315
12 0 8 0.223208
12 1 10 1.000000
12 0 10 0.383040
13 1 9 0.697648
13 1 0 0.302352
14 1 7 1.000000
14 0 12 0.843534
