74 24
0 0 5 0.745201
1 0 17 0.295236
2 0 16 0.342528
3 0 1 0.077665
4 0 15 0.230836
5 0 2 1.000000
6 0 15 0.511280
7 0 9 0.165174
8 0 6 1.000000
9 0 19 0.190337
10 0 16 0.638788
11 0 10 0.158487
12 0 6 0.314363
13 0 14 1.000000
14 0 4 0.425175
15 0 23 0.117587
16 0 2 0.431101
17 0 1 0.711841
18 0 14 1.000000
19 0 17 0.677419
20 0 23 1.000000
21 0 0 0.819999
22 0 21 0.436172
23 0 6 0.856528
0 0 9 0.254799
1 0 6 0.704764
2 0 5 0.415707
3 0 19 0.922335
4 1 20 1.000000
4 0 23 0.769164
5 1 7 0.187586
5 1 13 0.812414
6 0 13 0.488720
7 0 16 0.542736
7 1 8 1.000000
7 0 17 0.292090
9 0 6 0.323914
9 1 17 1.000000
9 0 10 0.485749
10 0 15 0.361212
11 0 1 0.841513
11 1 1 0.432698
11 1 9 0.567302
12 0 2 0.461211
12 1 11 1.000000
12 0 17 0.224427
13 1 3 0.029166
13 1 15 0.970834
14 1 2 1.000000
14 0 2 0.574825
15 0 3 0.365565
15 1 3 1.000000
15 0 6 0.021960
16 0 0 0.356938
16 1 18 1.000000
16 0 16 0.211961
17 0 13 0.288159
18 1 4 0.751818
18 1 13 0.248182
19 1 3 1.000000
19 0 3 0.322581
20 1 22 0.388408
20 1 14 0.611592
21 0 21 0.180001
21 1 8 0.855471
21 1 20 0.144529
22 0 2 0.285712
22 1 8 1.000000
22 0 22 0.278116
23 0 23 0.075670
23 1 3 1.000000
23 0 20 0.067802
2 0 11 0.241766
15 0 12 0.494888
