76 26
0 0 12 1.000000
1 0 7 0.216424
25 1 18 0.767234
3 0 18 0.535804
4 0 11 0.355350
5 0 17 1.000000
6 0 10 0.361474
7 0 22 0.629030
8 0 7 1.000000
9 0 0 0.694773
10 0 23 0.509869
11 0 4 0.202843
12 0 18 0.742325
13 0 24 0.256431
14 0 6 1.000000
15 0 14 1.000000
16 0 19 1.000000
17 0 3 1.000000
18 0 0 0.554380
19 0 13 1.000000
20 0 2 0.517924
21 0 6 1.000000
22 0 25 1.000000
23 0 13 0.927544
24 0 16 0.722301
25 0 20 1.000000
1 0 2 0.783576
2 1 20 1.000000
25 1 7 0.232766
3 0 5 0.305862
3 1 14 1.000000
3 0 14 0.158333
4 0 24 0.644650
4 1 3 0.552336
4 1 9 0.447664
5 1 17 0.360256
5 1 23 0.639744
6 0 21 0.243823
6 1 13 1.000000
6 0 17 0.394703
7 1 0 1.000000
7 0 18 0.370970
8 1 12 0.714367
8 1 18 0.285633
9 0 12 0.305227
9 1 14 0.155655
9 1 13 0.844345
10 0 0 0.108733
10 1 3 1.000000
10 0 12 0.381397
11 0 7 0.797157
11 1 11 0.020183
11 1 6 0.979817
12 0 4 0.257675
13 0 12 0.355269
13 1 15 1.000000
13 0 23 0.388301
14 1 19 0.255792
14 1 8 0.744208
15 1 14 0.328595
15 1 20 0.671405
16 1 10 0.832724
16 1 20 0.167276
17 1 9 0.343773
17 1 18 0.656227
18 0 10 0.445620
20 0 21 0.029313
20 1 7 1.000000
20 0 15 0.452763
21 1 18 0.687984
21 1 23 0.312016
22 1 21 0.760398
22 1 9 0.239602
23 1 12 1.000000
23 0 1 0.072456
24 0 17 0.277699
