50 18
0 0 17 0.340036
1 0 0 1.000000
2 0 12 0.784393
3 0 4 0.600195
4 0 5 0.643367
5 0 1 1.000000
6 0 17 1.000000
7 0 12 0.474333
8 0 13 1.000000
9 0 12 0.617940
10 0 1 0.134656
11 0 15 0.468068
12 0 8 1.000000
13 0 14 0.403791
14 0 12 1.000000
15 0 8 0.334064
16 0 11 0.736828
17 0 7 0.451960
0 0 12 0.556536
2 0 13 0.215607
3 0 15 0.399805
3 1 5 0.319045
3 1 7 0.680955
4 0 4 0.347157
4 1 14 1.000000
4 0 6 0.009476
6 1 14 0.523674
6 1 17 0.476326
7 0 17 0.525667
7 1 0 0.944444
7 1 9 0.055556
8 1 11 0.051591
8 1 10 0.948409
10 0 7 0.495104
10 1 12 1.000000
10 0 12 0.370240
12 1 0 0.491258
12 1 11 0.508742
13 0 6 0.420849
13 1 14 1.000000
13 0 10 0.175360
15 1 2 1.000000
15 0 5 0.665936
16 0 13 0.263172
17 0 8 0.518013
17 1 14 1.000000
17 0 5 0.030027
9 0 3 0.382060
0 0 4 0.103428
11 0 16 0.531932
