54 21
0 0 3 0.589784
9 0 18 0.336323
2 0 6 0.401750
3 0 5 1.000000
4 0 12 0.544275
5 0 10 1.000000
6 0 15 1.000000
7 0 17 0.520780
8 0 11 0.517751
9 0 1 0.395896
10 0 2 0.191488
11 0 17 0.695291
12 0 3 1.000000
13 0 2 0.772344
14 0 10 0.563383
15 0 20 0.380579
16 0 9 1.000000
17 0 13 0.611296
18 0 13 0.674454
19 0 11 1.000000
20 0 8 1.000000
0 0 9 0.410216
0 1 8 0.793837
0 1 19 0.206163
1 0 4 1.000000
1 1 11 1.000000
8 0 7 0.482249
2 1 13 1.000000
2 0 16 0.598250
3 1 0 0.974852
3 1 11 0.025148
4 0 13 0.455725
4 1 10 0.958319
4 1 11 0.041681
7 0 16 0.347332
7 1 8 1.000000
7 0 14 0.131888
9 0 4 0.267781
18 0 5 0.325546
17 0 5 0.388704
10 0 16 0.398324
10 1 16 1.000000
10 0 14 0.410188
11 1 12 1.000000
11 0 8 0.304709
12 1 11 0.606734
12 1 16 0.393266
13 0 0 0.227656
14 0 16 0.436617
15 1 3 1.000000
15 0 19 0.619421
16 1 6 0.830891
16 1 15 0.169109
17 1 10 1.000000
