59 22
0 0 13 1.000000
1 0 13 1.000000
2 0 9 0.525566
3 0 0 0.705260
4 0 9 0.080470
5 0 19 0.171069
11 0 18 0.054308
7 0 10 1.000000
8 0 0 1.000000
9 0 4 0.050104
10 0 19 1.000000
11 0 17 0.125333
12 0 6 1.000000
13 0 10 1.000000
14 0 19 1.000000
15 0 3 1.000000
16 0 1 1.000000
17 0 10 0.793337
18 0 21 0.637959
19 0 1 1.000000
20 0 2 1.000000
21 0 10 0.420742
0 1 16 0.241834
0 1 13 0.758166
1 1 16 0.752499
1 1 1 0.247501
2 0 1 0.007495
2 1 16 1.000000
2 0 4 0.466940
3 0 7 0.294740
4 0 1 0.106451
4 1 16 1.000000
4 0 0 0.456076
5 0 7 0.798957
5 1 21 1.000000
5 0 9 0.029974
6 1 20 1.000000
4 0 8 0.357002
8 1 13 0.183782
8 1 0 0.816218
9 0 21 0.949896
10 1 9 0.607493
10 1 16 0.392507
11 0 15 0.820359
11 1 4 0.570427
11 1 12 0.429573
13 1 3 0.480321
13 1 6 0.519679
15 1 7 0.794589
15 1 0 0.205411
17 1 2 1.000000
17 0 20 0.206663
18 1 12 1.000000
18 0 2 0.362041
19 1 16 0.495553
19 1 10 0.504447
21 0 17 0.579258
21 1 5 0.744550
21 1 14 0.255450
