27 0.328000 VI 0.100000 0.010000
15 0.184000 VI 0.100000 0.010000
18 0.240000 VI 0.100000 0.010000
10 0.136000 VI 0.100000 0.010000
14 0.200000 VI 0.100000 0.010000
11 0.192000 VI 0.100000 0.010000
22 0.296000 VI 0.100000 0.010000
13 0.170000 VI 0.100000 0.010000
23 0.232000 VI 0.100000 0.010000
4 0.048000 VI 0.100000 0.010000
25 0.240000 VI 0.100000 0.010000
24 0.240000 VI 0.100000 0.010000
17 0.184000 VI 0.100000 0.010000
2 0.024000 VI 0.100000 0.010000
6 0.064000 VI 0.100000 0.010000
14 0.144000 VI 0.100000 0.010000
18 0.032000 VI 0.100000 0.010000
18 0.016000 VI 0.100000 0.010000
7 0.016000 VI 0.100000 0.010000
20 0.024000 VI 0.100000 0.010000
16 0.024000 VI 0.100000 0.010000
25 0.032000 VI 0.100000 0.010000
14 0.016000 VI 0.100000 0.010000
8 0.000000 VI 0.100000 0.010000
10 0.008000 VI 0.100000 0.010000
14 0.016000 VI 0.100000 0.010000
23 0.024000 VI 0.100000 0.010000
2 0.008000 VI 0.100000 0.010000
3 0.008000 VI 0.100000 0.010000
17 0.016000 VI 0.100000 0.010000
21 0.024000 VI 0.100000 0.010000
10 0.016000 VI 0.100000 0.010000
11 0.016000 VI 0.100000 0.010000
14 0.016000 VI 0.100000 0.010000
18 0.024000 VI 0.100000 0.010000
27 0.032000 VI 0.100000 0.010000
20 0.024000 VI 0.100000 0.010000
4 0.000000 VI 0.100000 0.010000
12 0.016000 VI 0.100000 0.010000
29 0.032000 VI 0.100000 0.010000
24 0.024000 VI 0.100000 0.010000
11 0.016000 VI 0.100000 0.010000
16 0.024000 VI 0.100000 0.010000
4 0.008000 VI 0.100000 0.010000
17 0.016000 VI 0.100000 0.010000
2 0.008000 VI 0.100000 0.010000
3 0.008000 VI 0.100000 0.010000
6 0.008000 VI 0.100000 0.010000
20 0.024000 VI 0.100000 0.010000
6 0.008000 VI 0.100000 0.010000
12 0.016000 VI 0.100000 0.010000
13 0.016000 VI 0.100000 0.010000
9 0.016000 VI 0.100000 0.010000
10 0.008000 VI 0.100000 0.010000
27 0.032000 VI 0.100000 0.010000
13 0.016000 VI 0.100000 0.010000
21 0.024000 VI 0.100000 0.010000
4 0.008000 VI 0.100000 0.010000
17 0.024000 VI 0.100000 0.010000
16 0.016000 VI 0.100000 0.010000
24 0.024000 VI 0.100000 0.010000
24 0.032000 VI 0.100000 0.010000
3 0.000000 VI 0.100000 0.010000
16 0.016000 VI 0.100000 0.010000
20 0.024000 VI 0.100000 0.010000
16 0.024000 VI 0.100000 0.010000
2 0.000000 VI 0.100000 0.010000
30 0.040000 VI 0.100000 0.010000
8 0.008000 VI 0.100000 0.010000
11 0.016000 VI 0.100000 0.010000
8 0.016000 VI 0.100000 0.010000
10 0.008000 VI 0.100000 0.010000
18 0.024000 VI 0.100000 0.010000
4 0.008000 VI 0.100000 0.010000
14 0.024000 VI 0.100000 0.010000
28 0.040000 VI 0.100000 0.010000
17 0.024000 VI 0.100000 0.010000
19 0.024000 VI 0.100000 0.010000
29 0.040000 VI 0.100000 0.010000
22 0.024000 VI 0.100000 0.010000
14 0.016000 VI 0.100000 0.010000
15 0.024000 VI 0.100000 0.010000
8 0.008000 VI 0.100000 0.010000
21 0.024000 VI 0.100000 0.010000
7 0.008000 VI 0.100000 0.010000
6 0.008000 VI 0.100000 0.010000
18 0.024000 VI 0.100000 0.010000
26 0.024000 VI 0.100000 0.010000
23 0.024000 VI 0.100000 0.010000
12 0.016000 VI 0.100000 0.010000
27 0.032000 VI 0.100000 0.010000
22 0.016000 VI 0.100000 0.010000
25 0.048000 VI 0.100000 0.010000
6 0.009000 VI 0.100000 0.010000
23 0.017000 VI 0.100000 0.010000
22 0.024000 VI 0.100000 0.010000
9 0.008000 VI 0.100000 0.010000
3 0.000000 VI 0.100000 0.010000
8 0.016000 VI 0.100000 0.010000
2 0.000000 VI 0.100000 0.010000
19 0.024000 VI 0.100000 0.010000
15 0.016000 VI 0.100000 0.010000
22 0.024000 VI 0.100000 0.010000
12 0.016000 VI 0.100000 0.010000
7 0.008000 VI 0.100000 0.010000
25 0.032000 VI 0.100000 0.010000
22 0.032000 VI 0.100000 0.010000
12 0.024000 VI 0.100000 0.010000
14 0.016000 VI 0.100000 0.010000
21 0.024000 VI 0.100000 0.010000
21 0.024000 VI 0.100000 0.010000
24 0.032000 VI 0.100000 0.010000
18 0.016000 VI 0.100000 0.010000
15 0.024000 VI 0.100000 0.010000
15 0.016000 VI 0.100000 0.010000
15 0.016000 VI 0.100000 0.010000
16 0.016000 VI 0.100000 0.010000
3 0.013000 VI 0.100000 0.010000
4 0.004000 VI 0.100000 0.010000
18 0.024000 VI 0.100000 0.010000
21 0.024000 VI 0.100000 0.010000
29 0.032000 VI 0.100000 0.010000
13 0.016000 VI 0.100000 0.010000
13 0.016000 VI 0.100000 0.010000
12 0.008000 VI 0.100000 0.010000
7 0.008000 VI 0.100000 0.010000
7 0.016000 VI 0.100000 0.010000
19 0.024000 VI 0.100000 0.010000
16 0.024000 VI 0.100000 0.010000
30 0.032000 VI 0.100000 0.010000
15 0.016000 VI 0.100000 0.010000
6 0.016000 VI 0.100000 0.010000
15 0.016000 VI 0.100000 0.010000
12 0.016000 VI 0.100000 0.010000
15 0.016000 VI 0.100000 0.010000
8 0.008000 VI 0.100000 0.010000
3 0.000000 VI 0.100000 0.010000
28 0.032000 VI 0.100000 0.010000
15 0.024000 VI 0.100000 0.010000
29 0.048000 VI 0.100000 0.010000
3 0.000000 VI 0.100000 0.010000
28 0.040000 VI 0.100000 0.010000
2 0.008000 VI 0.100000 0.010000
24 0.032000 VI 0.100000 0.010000
18 0.024000 VI 0.100000 0.010000
26 0.032000 VI 0.100000 0.010000
16 0.024000 VI 0.100000 0.010000
11 0.016000 VI 0.100000 0.010000
20 0.024000 VI 0.100000 0.010000
20 0.024000 VI 0.100000 0.010000
16 0.024000 VI 0.100000 0.010000
25 0.024000 VI 0.100000 0.010000
29 0.032000 VI 0.100000 0.010000
14 0.016000 VI 0.100000 0.010000
19 0.024000 VI 0.100000 0.010000
24 0.032000 VI 0.100000 0.010000
9 0.008000 VI 0.100000 0.010000
9 0.008000 VI 0.100000 0.010000
24 0.032000 VI 0.100000 0.010000
25 0.024000 VI 0.100000 0.010000
2 0.008000 VI 0.100000 0.010000
21 0.024000 VI 0.100000 0.010000
5 0.008000 VI 0.100000 0.010000
28 0.032000 VI 0.100000 0.010000
16 0.016000 VI 0.100000 0.010000
28 0.024000 VI 0.100000 0.010000
17 0.024000 VI 0.100000 0.010000
28 0.032000 VI 0.100000 0.010000
26 0.032000 VI 0.100000 0.010000
27 0.032000 VI 0.100000 0.010000
30 0.040000 VI 0.100000 0.010000
2 0.000000 VI 0.100000 0.010000
25 0.024000 VI 0.100000 0.010000
22 0.032000 VI 0.100000 0.010000
3 0.000000 VI 0.100000 0.010000
8 0.008000 VI 0.100000 0.010000
5 0.008000 VI 0.100000 0.010000
7 0.008000 VI 0.100000 0.010000
18 0.024000 VI 0.100000 0.010000
30 0.032000 VI 0.100000 0.010000
24 0.024000 VI 0.100000 0.010000
5 0.008000 VI 0.100000 0.010000
18 0.016000 VI 0.100000 0.010000
9 0.016000 VI 0.100000 0.010000
5 0.008000 VI 0.100000 0.010000
29 0.032000 VI 0.100000 0.010000
15 0.016000 VI 0.100000 0.010000
16 0.016000 VI 0.100000 0.010000
12 0.016000 VI 0.100000 0.010000
15 0.016000 VI 0.100000 0.010000
7 0.008000 VI 0.100000 0.010000
7 0.008000 VI 0.100000 0.010000
29 0.040000 VI 0.100000 0.010000
22 0.032000 VI 0.100000 0.010000
24 0.032000 VI 0.100000 0.010000
25 0.040000 VI 0.100000 0.010000
8 0.008000 VI 0.100000 0.010000
10 0.024000 VI 0.100000 0.010000
23 0.024000 VI 0.100000 0.010000
22 0.024000 VI 0.100000 0.010000
25 0.032000 VI 0.100000 0.010000
19 0.024000 VI 0.100000 0.010000
7 0.008000 VI 0.100000 0.010000
24 0.024000 VI 0.100000 0.010000
27 0.032000 VI 0.100000 0.010000
16 0.016000 VI 0.100000 0.010000
27 0.024000 VI 0.100000 0.010000
29 0.040000 VI 0.100000 0.010000
13 0.016000 VI 0.100000 0.010000
7 0.008000 VI 0.100000 0.010000
15 0.016000 VI 0.100000 0.010000
10 0.016000 VI 0.100000 0.010000
4 0.008000 VI 0.100000 0.010000
8 0.016000 VI 0.100000 0.010000
19 0.016000 VI 0.100000 0.010000
29 0.040000 VI 0.100000 0.010000
24 0.032000 VI 0.100000 0.010000
23 0.024000 VI 0.100000 0.010000
10 0.016000 VI 0.100000 0.010000
4 0.008000 VI 0.100000 0.010000
23 0.024000 VI 0.100000 0.010000
14 0.024000 VI 0.100000 0.010000
4 0.000000 VI 0.100000 0.010000
17 0.016000 VI 0.100000 0.010000
5 0.008000 VI 0.100000 0.010000
13 0.016000 VI 0.100000 0.010000
12 0.016000 VI 0.100000 0.010000
7 0.008000 VI 0.100000 0.010000
12 0.016000 VI 0.100000 0.010000
8 0.008000 VI 0.100000 0.010000
11 0.016000 VI 0.100000 0.010000
15 0.016000 VI 0.100000 0.010000
17 0.016000 VI 0.100000 0.010000
9 0.016000 VI 0.100000 0.010000
16 0.016000 VI 0.100000 0.010000
16 0.024000 VI 0.100000 0.010000
24 0.024000 VI 0.100000 0.010000
5 0.000000 VI 0.100000 0.010000
28 0.032000 VI 0.100000 0.010000
21 0.024000 VI 0.100000 0.010000
13 0.016000 VI 0.100000 0.010000
6 0.008000 VI 0.100000 0.010000
23 0.032000 VI 0.100000 0.010000
19 0.032000 VI 0.100000 0.010000
29 0.040000 VI 0.100000 0.010000
3 0.008000 VI 0.100000 0.010000
19 0.024000 VI 0.100000 0.010000
6 0.008000 VI 0.100000 0.010000
22 0.032000 VI 0.100000 0.010000
26 0.032000 VI 0.100000 0.010000
21 0.032000 VI 0.100000 0.010000
4 0.000000 VI 0.100000 0.010000
30 0.040000 VI 0.100000 0.010000
25 0.032000 VI 0.100000 0.010000
4 0.000000 VI 0.100000 0.010000
24 0.024000 VI 0.100000 0.010000
29 0.032000 VI 0.100000 0.010000
4 0.008000 VI 0.100000 0.010000
17 0.024000 VI 0.100000 0.010000
8 0.008000 VI 0.100000 0.010000
29 0.032000 VI 0.100000 0.010000
5 0.008000 VI 0.100000 0.010000
21 0.024000 VI 0.100000 0.010000
21 0.024000 VI 0.100000 0.010000
15 0.024000 VI 0.100000 0.010000
22 0.024000 VI 0.100000 0.010000
11 0.008000 VI 0.100000 0.010000
6 0.016000 VI 0.100000 0.010000
16 0.016000 VI 0.100000 0.010000
27 0.032000 VI 0.100000 0.010000
24 0.032000 VI 0.100000 0.010000
13 0.008000 VI 0.100000 0.010000
28 0.032000 VI 0.100000 0.010000
7 0.008000 VI 0.100000 0.010000
12 0.016000 VI 0.100000 0.010000
18 0.024000 VI 0.100000 0.010000
17 0.016000 VI 0.100000 0.010000
23 0.032000 VI 0.100000 0.010000
15 0.016000 VI 0.100000 0.010000
24 0.032000 VI 0.100000 0.010000
9 0.008000 VI 0.100000 0.010000
23 0.032000 VI 0.100000 0.010000
4 0.000000 VI 0.100000 0.010000
18 0.016000 VI 0.100000 0.010000
14 0.024000 VI 0.100000 0.010000
3 0.000000 VI 0.100000 0.010000
9 0.008000 VI 0.100000 0.010000
27 0.032000 VI 0.100000 0.010000
16 0.016000 VI 0.100000 0.010000
27 0.032000 VI 0.100000 0.010000
9 0.016000 VI 0.100000 0.010000
11 0.008000 VI 0.100000 0.010000
15 0.024000 VI 0.100000 0.010000
2 0.000000 VI 0.100000 0.010000
2 0.008000 VI 0.100000 0.010000
19 0.024000 VI 0.100000 0.010000
4 0.008000 VI 0.100000 0.010000
6 0.008000 VI 0.100000 0.010000
21 0.032000 VI 0.100000 0.010000
10 0.008000 VI 0.100000 0.010000
24 0.024000 VI 0.100000 0.010000
10 0.016000 VI 0.100000 0.010000
14 0.016000 VI 0.100000 0.010000
16 0.016000 VI 0.100000 0.010000
8 0.016000 VI 0.100000 0.010000
29 0.032000 VI 0.100000 0.010000
21 0.024000 VI 0.100000 0.010000
6 0.008000 VI 0.100000 0.010000
13 0.016000 VI 0.100000 0.010000
3 0.008000 VI 0.100000 0.010000
16 0.024000 VI 0.100000 0.010000
30 0.032000 VI 0.100000 0.010000
18 0.024000 VI 0.100000 0.010000
14 0.024000 VI 0.100000 0.010000
22 0.024000 VI 0.100000 0.010000
2 0.008000 VI 0.100000 0.010000
17 0.016000 VI 0.100000 0.010000
15 0.024000 VI 0.100000 0.010000
18 0.016000 VI 0.100000 0.010000
7 0.008000 VI 0.100000 0.010000
16 0.016000 VI 0.100000 0.010000
16 0.016000 VI 0.100000 0.010000
6 0.016000 VI 0.100000 0.010000
14 0.016000 VI 0.100000 0.010000
11 0.016000 VI 0.100000 0.010000
11 0.016000 VI 0.100000 0.010000
11 0.016000 VI 0.100000 0.010000
18 0.016000 VI 0.100000 0.010000
14 0.024000 VI 0.100000 0.010000
27 0.024000 VI 0.100000 0.010000
27 0.040000 VI 0.100000 0.010000
2 0.000000 VI 0.100000 0.010000
11 0.016000 VI 0.100000 0.010000
19 0.024000 VI 0.100000 0.010000
18 0.016000 VI 0.100000 0.010000
6 0.008000 VI 0.100000 0.010000
6 0.016000 VI 0.100000 0.010000
5 0.008000 VI 0.100000 0.010000
19 0.024000 VI 0.100000 0.010000
10 0.008000 VI 0.100000 0.010000
26 0.032000 VI 0.100000 0.010000
16 0.024000 VI 0.100000 0.010000
12 0.016000 VI 0.100000 0.010000
3 0.000000 VI 0.100000 0.010000
20 0.024000 VI 0.100000 0.010000
4 0.008000 VI 0.100000 0.010000
10 0.016000 VI 0.100000 0.010000
25 0.024000 VI 0.100000 0.010000
14 0.024000 VI 0.100000 0.010000
9 0.008000 VI 0.100000 0.010000
26 0.032000 VI 0.100000 0.010000
11 0.016000 VI 0.100000 0.010000
9 0.016000 VI 0.100000 0.010000
7 0.008000 VI 0.100000 0.010000
10 0.008000 VI 0.100000 0.010000
14 0.016000 VI 0.100000 0.010000
2 0.008000 VI 0.100000 0.010000
9 0.016000 VI 0.100000 0.010000
10 0.008000 VI 0.100000 0.010000
22 0.024000 VI 0.100000 0.010000
3 0.000000 VI 0.100000 0.010000
18 0.016000 VI 0.100000 0.010000
10 0.016000 VI 0.100000 0.010000
22 0.024000 VI 0.100000 0.010000
25 0.024000 VI 0.100000 0.010000
9 0.016000 VI 0.100000 0.010000
22 0.024000 VI 0.100000 0.010000
22 0.024000 VI 0.100000 0.010000
14 0.016000 VI 0.100000 0.010000
19 0.024000 VI 0.100000 0.010000
18 0.016000 VI 0.100000 0.010000
10 0.008000 VI 0.100000 0.010000
22 0.032000 VI 0.100000 0.010000
18 0.016000 VI 0.100000 0.010000
8 0.016000 VI 0.100000 0.010000
10 0.008000 VI 0.100000 0.010000
30 0.032000 VI 0.100000 0.010000
11 0.016000 VI 0.100000 0.010000
18 0.024000 VI 0.100000 0.010000
2 0.000000 VI 0.100000 0.010000
13 0.016000 VI 0.100000 0.010000
20 0.016000 VI 0.100000 0.010000
27 0.040000 VI 0.100000 0.010000
25 0.024000 VI 0.100000 0.010000
14 0.024000 VI 0.100000 0.010000
30 0.032000 VI 0.100000 0.010000
8 0.008000 VI 0.100000 0.010000
20 0.024000 VI 0.100000 0.010000
23 0.024000 VI 0.100000 0.010000
8 0.016000 VI 0.100000 0.010000
20 0.016000 VI 0.100000 0.010000
25 0.032000 VI 0.100000 0.010000
8 0.008000 VI 0.100000 0.010000
27 0.032000 VI 0.100000 0.010000
13 0.016000 VI 0.100000 0.010000
4 0.008000 VI 0.100000 0.010000
3 0.000000 VI 0.100000 0.010000
11 0.008000 VI 0.100000 0.010000
8 0.008000 VI 0.100000 0.010000
29 0.032000 VI 0.100000 0.010000
13 0.016000 VI 0.100000 0.010000
15 0.016000 VI 0.100000 0.010000
27 0.032000 VI 0.100000 0.010000
28 0.032000 VI 0.100000 0.010000
15 0.016000 VI 0.100000 0.010000
5 0.016000 VI 0.100000 0.010000
25 0.024000 VI 0.100000 0.010000
29 0.032000 VI 0.100000 0.010000
20 0.032000 VI 0.100000 0.010000
24 0.024000 VI 0.100000 0.010000
17 0.016000 VI 0.100000 0.010000
5 0.016000 VI 0.100000 0.010000
13 0.016000 VI 0.100000 0.010000
15 0.016000 VI 0.100000 0.010000
19 0.024000 VI 0.100000 0.010000
14 0.016000 VI 0.100000 0.010000
8 0.008000 VI 0.100000 0.010000
29 0.032000 VI 0.100000 0.010000
10 0.016000 VI 0.100000 0.010000
11 0.008000 VI 0.100000 0.010000
16 0.016000 VI 0.100000 0.010000
6 0.008000 VI 0.100000 0.010000
7 0.008000 VI 0.100000 0.010000
2 0.000000 VI 0.100000 0.010000
6 0.008000 VI 0.100000 0.010000
15 0.016000 VI 0.100000 0.010000
13 0.016000 VI 0.100000 0.010000
3 0.008000 VI 0.100000 0.010000
5 0.008000 VI 0.100000 0.010000
15 0.016000 VI 0.100000 0.010000
30 0.032000 VI 0.100000 0.010000
12 0.016000 VI 0.100000 0.010000
28 0.024000 VI 0.100000 0.010000
25 0.024000 VI 0.100000 0.010000
7 0.008000 VI 0.100000 0.010000
28 0.040000 VI 0.100000 0.010000
14 0.016000 VI 0.100000 0.010000
12 0.016000 VI 0.100000 0.010000
22 0.024000 VI 0.100000 0.010000
19 0.024000 VI 0.100000 0.010000
14 0.016000 VI 0.100000 0.010000
8 0.008000 VI 0.100000 0.010000
20 0.024000 VI 0.100000 0.010000
4 0.008000 VI 0.100000 0.010000
18 0.024000 VI 0.100000 0.010000
2 0.000000 VI 0.100000 0.010000
10 0.008000 VI 0.100000 0.010000
10 0.016000 VI 0.100000 0.010000
23 0.024000 VI 0.100000 0.010000
15 0.024000 VI 0.100000 0.010000
26 0.032000 VI 0.100000 0.010000
29 0.024000 VI 0.100000 0.010000
9 0.016000 VI 0.100000 0.010000
27 0.032000 VI 0.100000 0.010000
9 0.016000 VI 0.100000 0.010000
24 0.024000 VI 0.100000 0.010000
17 0.016000 VI 0.100000 0.010000
5 0.008000 VI 0.100000 0.010000
2 0.008000 VI 0.100000 0.010000
23 0.032000 VI 0.100000 0.010000
4 0.008000 VI 0.100000 0.010000
11 0.016000 VI 0.100000 0.010000
2 0.000000 VI 0.100000 0.010000
15 0.016000 VI 0.100000 0.010000
4 0.008000 VI 0.100000 0.010000
20 0.024000 VI 0.100000 0.010000
6 0.016000 VI 0.100000 0.010000
26 0.032000 VI 0.100000 0.010000
20 0.024000 VI 0.100000 0.010000
22 0.024000 VI 0.100000 0.010000
12 0.016000 VI 0.100000 0.010000
27 0.032000 VI 0.100000 0.010000
13 0.024000 VI 0.100000 0.010000
27 0.040000 VI 0.100000 0.010000
3 0.000000 VI 0.100000 0.010000
15 0.024000 VI 0.100000 0.010000
3 0.000000 VI 0.100000 0.010000
28 0.032000 VI 0.100000 0.010000
25 0.024000 VI 0.100000 0.010000
28 0.040000 VI 0.100000 0.010000
13 0.016000 VI 0.100000 0.010000
28 0.032000 VI 0.100000 0.010000
2 0.000000 VI 0.100000 0.010000
26 0.032000 VI 0.100000 0.010000
16 0.016000 VI 0.100000 0.010000
11 0.016000 VI 0.100000 0.010000
29 0.032000 VI 0.100000 0.010000
14 0.016000 VI 0.100000 0.010000
15 0.016000 VI 0.100000 0.010000
27 0.032000 VI 0.100000 0.010000
3 0.008000 VI 0.100000 0.010000
5 0.008000 VI 0.100000 0.010000
23 0.032000 VI 0.100000 0.010000
15 0.016000 VI 0.100000 0.010000
8 0.016000 VI 0.100000 0.010000
2 0.000000 VI 0.100000 0.010000
17 0.016000 VI 0.100000 0.010000
11 0.016000 VI 0.100000 0.010000
14 0.016000 VI 0.100000 0.010000
18 0.024000 VI 0.100000 0.010000
11 0.016000 VI 0.100000 0.010000
27 0.032000 VI 0.100000 0.010000
30 0.032000 VI 0.100000 0.010000
20 0.032000 VI 0.100000 0.010000
16 0.016000 VI 0.100000 0.010000
16 0.016000 VI 0.100000 0.010000
28 0.032000 VI 0.100000 0.010000
24 0.032000 VI 0.100000 0.010000
28 0.032000 VI 0.100000 0.010000
30 0.032000 VI 0.100000 0.010000
29 0.032000 VI 0.100000 0.010000
9 0.008000 VI 0.100000 0.010000
11 0.008000 VI 0.100000 0.010000
30 0.032000 VI 0.100000 0.010000
26 0.032000 VI 0.100000 0.010000
18 0.016000 VI 0.100000 0.010000
2 0.008000 VI 0.100000 0.010000
7 0.016000 VI 0.100000 0.010000
15 0.008000 VI 0.100000 0.010000
22 0.032000 VI 0.100000 0.010000
27 0.032000 VI 0.100000 0.010000
30 0.032000 VI 0.100000 0.010000
21 0.024000 VI 0.100000 0.010000
26 0.024000 VI 0.100000 0.010000
27 0.040000 VI 0.100000 0.010000
9 0.008000 VI 0.100000 0.010000
7 0.016000 VI 0.100000 0.010000
21 0.024000 VI 0.100000 0.010000
9 0.016000 VI 0.100000 0.010000
11 0.056000 VI 0.100000 0.010000
9 0.016000 VI 0.100000 0.010000
8 0.008000 VI 0.100000 0.010000
4 0.008000 VI 0.100000 0.010000
24 0.024000 VI 0.100000 0.010000
12 0.016000 VI 0.100000 0.010000
13 0.016000 VI 0.100000 0.010000
14 0.016000 VI 0.100000 0.010000
11 0.016000 VI 0.100000 0.010000
6 0.008000 VI 0.100000 0.010000
21 0.024000 VI 0.100000 0.010000
24 0.032000 VI 0.100000 0.010000
25 0.024000 VI 0.100000 0.010000
10 0.016000 VI 0.100000 0.010000
3 0.000000 VI 0.100000 0.010000
2 0.000000 VI 0.100000 0.010000
30 0.040000 VI 0.100000 0.010000
26 0.024000 VI 0.100000 0.010000
19 0.016000 VI 0.100000 0.010000
9 0.016000 VI 0.100000 0.010000
11 0.016000 VI 0.100000 0.010000
4 0.000000 VI 0.100000 0.010000
29 0.032000 VI 0.100000 0.010000
7 0.000000 VI 0.100000 0.010000
29 0.032000 VI 0.100000 0.010000
19 0.024000 VI 0.100000 0.010000
14 0.016000 VI 0.100000 0.010000
24 0.032000 VI 0.100000 0.010000
14 0.008000 VI 0.100000 0.010000
30 0.024000 VI 0.100000 0.010000
15 0.024000 VI 0.100000 0.010000
8 0.008000 VI 0.100000 0.010000
3 0.008000 VI 0.100000 0.010000
5 0.008000 VI 0.100000 0.010000
2 0.000000 VI 0.100000 0.010000
3 0.000000 VI 0.100000 0.010000
3 0.008000 VI 0.100000 0.010000
13 0.016000 VI 0.100000 0.010000
23 0.024000 VI 0.100000 0.010000
27 0.032000 VI 0.100000 0.010000
5 0.008000 VI 0.100000 0.010000
21 0.016000 VI 0.100000 0.010000
17 0.016000 VI 0.100000 0.010000
21 0.032000 VI 0.100000 0.010000
28 0.032000 VI 0.100000 0.010000
17 0.016000 VI 0.100000 0.010000
4 0.008000 VI 0.100000 0.010000
6 0.008000 VI 0.100000 0.010000
23 0.024000 VI 0.100000 0.010000
10 0.008000 VI 0.100000 0.010000
21 0.032000 VI 0.100000 0.010000
22 0.032000 VI 0.100000 0.010000
24 0.034000 VI 0.100000 0.010000
9 0.008000 VI 0.100000 0.010000
5 0.000000 VI 0.100000 0.010000
14 0.016000 VI 0.100000 0.010000
17 0.024000 VI 0.100000 0.010000
15 0.016000 VI 0.100000 0.010000
12 0.016000 VI 0.100000 0.010000
13 0.008000 VI 0.100000 0.010000
5 0.008000 VI 0.100000 0.010000
2 0.008000 VI 0.100000 0.010000
6 0.008000 VI 0.100000 0.010000
13 0.016000 VI 0.100000 0.010000
8 0.008000 VI 0.100000 0.010000
24 0.024000 VI 0.100000 0.010000
29 0.040000 VI 0.100000 0.010000
28 0.032000 VI 0.100000 0.010000
26 0.032000 VI 0.100000 0.010000
15 0.016000 VI 0.100000 0.010000
17 0.016000 VI 0.100000 0.010000
6 0.008000 VI 0.100000 0.010000
5 0.008000 VI 0.100000 0.010000
3 0.008000 VI 0.100000 0.010000
19 0.025000 VI 0.100000 0.010000
26 0.033000 VI 0.100000 0.010000
11 0.013000 VI 0.100000 0.010000
23 0.032000 VI 0.100000 0.010000
28 0.032000 VI 0.100000 0.010000
3 0.008000 VI 0.100000 0.010000
30 0.032000 VI 0.100000 0.010000
14 0.016000 VI 0.100000 0.010000
10 0.016000 VI 0.100000 0.010000
7 0.008000 VI 0.100000 0.010000
8 0.008000 VI 0.100000 0.010000
20 0.024000 VI 0.100000 0.010000
5 0.008000 VI 0.100000 0.010000
8 0.008000 VI 0.100000 0.010000
22 0.024000 VI 0.100000 0.010000
23 0.024000 VI 0.100000 0.010000
11 0.016000 VI 0.100000 0.010000
28 0.032000 VI 0.100000 0.010000
17 0.016000 VI 0.100000 0.010000
10 0.016000 VI 0.100000 0.010000
21 0.024000 VI 0.100000 0.010000
21 0.024000 VI 0.100000 0.010000
13 0.016000 VI 0.100000 0.010000
15 0.024000 VI 0.100000 0.010000
30 0.032000 VI 0.100000 0.010000
29 0.041000 VI 0.100000 0.010000
26 0.032000 VI 0.100000 0.010000
19 0.024000 VI 0.100000 0.010000
5 0.000000 VI 0.100000 0.010000
12 0.008000 VI 0.100000 0.010000
10 0.008000 VI 0.100000 0.010000
26 0.032000 VI 0.100000 0.010000
10 0.016000 VI 0.100000 0.010000
14 0.016000 VI 0.100000 0.010000
14 0.016000 VI 0.100000 0.010000
18 0.016000 VI 0.100000 0.010000
16 0.024000 VI 0.100000 0.010000
2 0.008000 VI 0.100000 0.010000
26 0.032000 VI 0.100000 0.010000
9 0.008000 VI 0.100000 0.010000
3 0.008000 VI 0.100000 0.010000
18 0.024000 VI 0.100000 0.010000
25 0.032000 VI 0.100000 0.010000
4 0.008000 VI 0.100000 0.010000
29 0.040000 VI 0.100000 0.010000
17 0.016000 VI 0.100000 0.010000
7 0.000000 VI 0.100000 0.010000
13 0.024000 VI 0.100000 0.010000
30 0.032000 VI 0.100000 0.010000
10 0.008000 VI 0.100000 0.010000
26 0.032000 VI 0.100000 0.010000
2 0.000000 VI 0.100000 0.010000
8 0.008000 VI 0.100000 0.010000
28 0.032000 VI 0.100000 0.010000
14 0.016000 VI 0.100000 0.010000
27 0.048000 VI 0.100000 0.010000
25 0.024000 VI 0.100000 0.010000
14 0.024000 VI 0.100000 0.010000
16 0.016000 VI 0.100000 0.010000
29 0.040000 VI 0.100000 0.010000
14 0.016000 VI 0.100000 0.010000
29 0.040000 VI 0.100000 0.010000
15 0.016000 VI 0.100000 0.010000
19 0.024000 VI 0.100000 0.010000
12 0.016000 VI 0.100000 0.010000
4 0.008000 VI 0.100000 0.010000
20 0.024000 VI 0.100000 0.010000
7 0.016000 VI 0.100000 0.010000
2 0.000000 VI 0.100000 0.010000
25 0.024000 VI 0.100000 0.010000
19 0.024000 VI 0.100000 0.010000
19 0.024000 VI 0.100000 0.010000
24 0.032000 VI 0.100000 0.010000
9 0.008000 VI 0.100000 0.010000
27 0.032000 VI 0.100000 0.010000
24 0.032000 VI 0.100000 0.010000
11 0.008000 VI 0.100000 0.010000
14 0.024000 VI 0.100000 0.010000
12 0.008000 VI 0.100000 0.010000
17 0.024000 VI 0.100000 0.010000
23 0.032000 VI 0.100000 0.010000
14 0.016000 VI 0.100000 0.010000
3 0.000000 VI 0.100000 0.010000
18 0.024000 VI 0.100000 0.010000
22 0.024000 VI 0.100000 0.010000
2 0.000000 VI 0.100000 0.010000
21 0.024000 VI 0.100000 0.010000
27 0.032000 VI 0.100000 0.010000
22 0.024000 VI 0.100000 0.010000
7 0.000000 VI 0.100000 0.010000
15 0.016000 VI 0.100000 0.010000
22 0.032000 VI 0.100000 0.010000
21 0.040000 VI 0.100000 0.010000
19 0.024000 VI 0.100000 0.010000
21 0.024000 VI 0.100000 0.010000
19 0.028000 VI 0.100000 0.010000
21 0.024000 VI 0.100000 0.010000
18 0.016000 VI 0.100000 0.010000
19 0.024000 VI 0.100000 0.010000
22 0.024000 VI 0.100000 0.010000
27 0.033000 VI 0.100000 0.010000
8 0.008000 VI 0.100000 0.010000
20 0.024000 VI 0.100000 0.010000
12 0.016000 VI 0.100000 0.010000
17 0.024000 VI 0.100000 0.010000
21 0.032000 VI 0.100000 0.010000
20 0.024000 VI 0.100000 0.010000
26 0.032000 VI 0.100000 0.010000
20 0.024000 VI 0.100000 0.010000
26 0.032000 VI 0.100000 0.010000
19 0.024000 VI 0.100000 0.010000
17 0.024000 VI 0.100000 0.010000
23 0.040000 VI 0.100000 0.010000
29 0.032000 VI 0.100000 0.010000
4 0.008000 VI 0.100000 0.010000
14 0.016000 VI 0.100000 0.010000
14 0.016000 VI 0.100000 0.010000
29 0.040000 VI 0.100000 0.010000
3 0.000000 VI 0.100000 0.010000
29 0.032000 VI 0.100000 0.010000
21 0.032000 VI 0.100000 0.010000
30 0.040000 VI 0.100000 0.010000
11 0.016000 VI 0.100000 0.010000
16 0.016000 VI 0.100000 0.010000
8 0.016000 VI 0.100000 0.010000
26 0.032000 VI 0.100000 0.010000
9 0.008000 VI 0.100000 0.010000
30 0.040000 VI 0.100000 0.010000
17 0.024000 VI 0.100000 0.010000
25 0.032000 VI 0.100000 0.010000
5 0.016000 VI 0.100000 0.010000
29 0.040000 VI 0.100000 0.010000
15 0.016000 VI 0.100000 0.010000
6 0.008000 VI 0.100000 0.010000
4 0.008000 VI 0.100000 0.010000
24 0.032000 VI 0.100000 0.010000
12 0.016000 VI 0.100000 0.010000
17 0.024000 VI 0.100000 0.010000
6 0.016000 VI 0.100000 0.010000
28 0.032000 VI 0.100000 0.010000
24 0.032000 VI 0.100000 0.010000
14 0.016000 VI 0.100000 0.010000
13 0.016000 VI 0.100000 0.010000
4 0.008000 VI 0.100000 0.010000
13 0.016000 VI 0.100000 0.010000
23 0.024000 VI 0.100000 0.010000
30 0.040000 VI 0.100000 0.010000
23 0.032000 VI 0.100000 0.010000
21 0.016000 VI 0.100000 0.010000
24 0.032000 VI 0.100000 0.010000
13 0.016000 VI 0.100000 0.010000
26 0.032000 VI 0.100000 0.010000
22 0.024000 VI 0.100000 0.010000
12 0.016000 VI 0.100000 0.010000
19 0.024000 VI 0.100000 0.010000
25 0.024000 VI 0.100000 0.010000
13 0.024000 VI 0.100000 0.010000
13 0.016000 VI 0.100000 0.010000
30 0.032000 VI 0.100000 0.010000
13 0.024000 VI 0.100000 0.010000
23 0.032000 VI 0.100000 0.010000
6 0.008000 VI 0.100000 0.010000
28 0.040000 VI 0.100000 0.010000
7 0.008000 VI 0.100000 0.010000
6 0.008000 VI 0.100000 0.010000
10 0.016000 VI 0.100000 0.010000
24 0.032000 VI 0.100000 0.010000
9 0.008000 VI 0.100000 0.010000
9 0.016000 VI 0.100000 0.010000
12 0.016000 VI 0.100000 0.010000
14 0.016000 VI 0.100000 0.010000
6 0.016000 VI 0.100000 0.010000
7 0.008000 VI 0.100000 0.010000
14 0.024000 VI 0.100000 0.010000
27 0.032000 VI 0.100000 0.010000
13 0.016000 VI 0.100000 0.010000
29 0.032000 VI 0.100000 0.010000
15 0.016000 VI 0.100000 0.010000
18 0.016000 VI 0.100000 0.010000
18 0.024000 VI 0.100000 0.010000
2 0.008000 VI 0.100000 0.010000
12 0.016000 VI 0.100000 0.010000
18 0.024000 VI 0.100000 0.010000
18 0.024000 VI 0.100000 0.010000
18 0.024000 VI 0.100000 0.010000
23 0.032000 VI 0.100000 0.010000
18 0.024000 VI 0.100000 0.010000
21 0.024000 VI 0.100000 0.010000
10 0.016000 VI 0.100000 0.010000
29 0.032000 VI 0.100000 0.010000
11 0.016000 VI 0.100000 0.010000
21 0.032000 VI 0.100000 0.010000
2 0.000000 VI 0.100000 0.010000
30 0.040000 VI 0.100000 0.010000
7 0.016000 VI 0.100000 0.010000
7 0.016000 VI 0.100000 0.010000
25 0.032000 VI 0.100000 0.010000
17 0.024000 VI 0.100000 0.010000
4 0.000000 VI 0.100000 0.010000
24 0.024000 VI 0.100000 0.010000
19 0.016000 VI 0.100000 0.010000
12 0.016000 VI 0.100000 0.010000
23 0.032000 VI 0.100000 0.010000
8 0.008000 VI 0.100000 0.010000
23 0.024000 VI 0.100000 0.010000
29 0.032000 VI 0.100000 0.010000
14 0.032000 VI 0.100000 0.010000
9 0.008000 VI 0.100000 0.010000
6 0.008000 VI 0.100000 0.010000
30 0.032000 VI 0.100000 0.010000
12 0.016000 VI 0.100000 0.010000
6 0.008000 VI 0.100000 0.010000
24 0.032000 VI 0.100000 0.010000
18 0.024000 VI 0.100000 0.010000
16 0.024000 VI 0.100000 0.010000
3 0.008000 VI 0.100000 0.010000
2 0.000000 VI 0.100000 0.010000
14 0.024000 VI 0.100000 0.010000
25 0.032000 VI 0.100000 0.010000
12 0.016000 VI 0.100000 0.010000
29 0.032000 VI 0.100000 0.010000
6 0.008000 VI 0.100000 0.010000
20 0.024000 VI 0.100000 0.010000
9 0.016000 VI 0.100000 0.010000
5 0.008000 VI 0.100000 0.010000
14 0.016000 VI 0.100000 0.010000
11 0.016000 VI 0.100000 0.010000
28 0.032000 VI 0.100000 0.010000
6 0.008000 VI 0.100000 0.010000
18 0.040000 VI 0.100000 0.010000
4 0.008000 VI 0.100000 0.010000
20 0.024000 VI 0.100000 0.010000
26 0.032000 VI 0.100000 0.010000
16 0.024000 VI 0.100000 0.010000
7 0.008000 VI 0.100000 0.010000
13 0.016000 VI 0.100000 0.010000
20 0.024000 VI 0.100000 0.010000
6 0.008000 VI 0.100000 0.010000
4 0.008000 VI 0.100000 0.010000
10 0.016000 VI 0.100000 0.010000
4 0.008000 VI 0.100000 0.010000
27 0.032000 VI 0.100000 0.010000
6 0.008000 VI 0.100000 0.010000
14 0.016000 VI 0.100000 0.010000
2 0.008000 VI 0.100000 0.010000
23 0.032000 VI 0.100000 0.010000
25 0.032000 VI 0.100000 0.010000
11 0.016000 VI 0.100000 0.010000
17 0.016000 VI 0.100000 0.010000
9 0.016000 VI 0.100000 0.010000
2 0.000000 VI 0.100000 0.010000
9 0.008000 VI 0.100000 0.010000
24 0.032000 VI 0.100000 0.010000
12 0.016000 VI 0.100000 0.010000
24 0.032000 VI 0.100000 0.010000
17 0.016000 VI 0.100000 0.010000
4 0.008000 VI 0.100000 0.010000
19 0.024000 VI 0.100000 0.010000
3 0.000000 VI 0.100000 0.010000
15 0.016000 VI 0.100000 0.010000
26 0.032000 VI 0.100000 0.010000
9 0.008000 VI 0.100000 0.010000
18 0.032000 VI 0.100000 0.010000
7 0.008000 VI 0.100000 0.010000
2 0.008000 VI 0.100000 0.010000
27 0.032000 VI 0.100000 0.010000
22 0.024000 VI 0.100000 0.010000
22 0.032000 VI 0.100000 0.010000
27 0.032000 VI 0.100000 0.010000
25 0.032000 VI 0.100000 0.010000
20 0.016000 VI 0.100000 0.010000
10 0.016000 VI 0.100000 0.010000
23 0.024000 VI 0.100000 0.010000
29 0.040000 VI 0.100000 0.010000
7 0.008000 VI 0.100000 0.010000
19 0.024000 VI 0.100000 0.010000
5 0.008000 VI 0.100000 0.010000
21 0.024000 VI 0.100000 0.010000
29 0.040000 VI 0.100000 0.010000
14 0.016000 VI 0.100000 0.010000
20 0.024000 VI 0.100000 0.010000
28 0.040000 VI 0.100000 0.010000
20 0.024000 VI 0.100000 0.010000
22 0.024000 VI 0.100000 0.010000
15 0.024000 VI 0.100000 0.010000
27 0.032000 VI 0.100000 0.010000
7 0.008000 VI 0.100000 0.010000
24 0.024000 VI 0.100000 0.010000
20 0.024000 VI 0.100000 0.010000
20 0.024000 VI 0.100000 0.010000
8 0.008000 VI 0.100000 0.010000
3 0.008000 VI 0.100000 0.010000
25 0.032000 VI 0.100000 0.010000
22 0.024000 VI 0.100000 0.010000
2 0.008000 VI 0.100000 0.010000
23 0.032000 VI 0.100000 0.010000
19 0.032000 VI 0.100000 0.010000
28 0.032000 VI 0.100000 0.010000
28 0.032000 VI 0.100000 0.010000
19 0.024000 VI 0.100000 0.010000
8 0.008000 VI 0.100000 0.010000
15 0.024000 VI 0.100000 0.010000
14 0.016000 VI 0.100000 0.010000
4 0.008000 VI 0.100000 0.010000
10 0.016000 VI 0.100000 0.010000
3 0.000000 VI 0.100000 0.010000
15 0.016000 VI 0.100000 0.010000
8 0.032000 VI 0.100000 0.010000
5 0.008000 VI 0.100000 0.010000
15 0.040000 VI 0.100000 0.010000
9 0.016000 VI 0.100000 0.010000
14 0.016000 VI 0.100000 0.010000
15 0.024000 VI 0.100000 0.010000
9 0.016000 VI 0.100000 0.010000
11 0.015000 VI 0.100000 0.010000
11 0.017000 VI 0.100000 0.010000
20 0.024000 VI 0.100000 0.010000
23 0.024000 VI 0.100000 0.010000
13 0.009000 VI 0.100000 0.010000
3 0.009000 VI 0.100000 0.010000
25 0.032000 VI 0.100000 0.010000
27 0.040000 VI 0.100000 0.010000
3 0.000000 VI 0.100000 0.010000
6 0.000000 VI 0.100000 0.010000
23 0.031000 VI 0.100000 0.010000
9 0.010000 VI 0.100000 0.010000
18 0.027000 VI 0.100000 0.010000
14 0.019000 VI 0.100000 0.010000
10 0.013000 VI 0.100000 0.010000
3 0.011000 VI 0.100000 0.010000
3 0.010000 VI 0.100000 0.010000
14 0.020000 VI 0.100000 0.010000
10 0.009000 VI 0.100000 0.010000
27 0.031000 VI 0.100000 0.010000
15 0.010000 VI 0.100000 0.010000
9 0.010000 VI 0.100000 0.010000
15 0.008000 VI 0.100000 0.010000
11 0.013000 VI 0.100000 0.010000
22 0.030000 VI 0.100000 0.010000
25 0.029000 VI 0.100000 0.010000
8 0.008000 VI 0.100000 0.010000
3 0.000000 VI 0.100000 0.010000
10 0.023000 VI 0.100000 0.010000
24 0.035000 VI 0.100000 0.010000
22 0.025000 VI 0.100000 0.010000
25 0.030000 VI 0.100000 0.010000
8 0.020000 VI 0.100000 0.010000
11 0.009000 VI 0.100000 0.010000
8 0.016000 VI 0.100000 0.010000
8 0.008000 VI 0.100000 0.010000
4 0.007000 VI 0.100000 0.010000
10 0.014000 VI 0.100000 0.010000
10 0.009000 VI 0.100000 0.010000
11 0.008000 VI 0.100000 0.010000
16 0.023000 VI 0.100000 0.010000
21 0.020000 VI 0.100000 0.010000
15 0.026000 VI 0.100000 0.010000
9 0.013000 VI 0.100000 0.010000
4 0.008000 VI 0.100000 0.010000
27 0.030000 VI 0.100000 0.010000
10 0.016000 VI 0.100000 0.010000
6 0.008000 VI 0.100000 0.010000
3 0.008000 VI 0.100000 0.010000
26 0.030000 VI 0.100000 0.010000
24 0.032000 VI 0.100000 0.010000
18 0.024000 VI 0.100000 0.010000
16 0.015000 VI 0.100000 0.010000
3 0.016000 VI 0.100000 0.010000
2 0.004000 VI 0.100000 0.010000
19 0.020000 VI 0.100000 0.010000
10 0.018000 VI 0.100000 0.010000
29 0.040000 VI 0.100000 0.010000
21 0.031000 VI 0.100000 0.010000
4 0.008000 VI 0.100000 0.010000
2 0.000000 VI 0.100000 0.010000
26 0.032000 VI 0.100000 0.010000
21 0.024000 VI 0.100000 0.010000
25 0.028000 VI 0.100000 0.010000
11 0.011000 VI 0.100000 0.010000
2 0.010000 VI 0.100000 0.010000
9 0.010000 VI 0.100000 0.010000
6 0.010000 VI 0.100000 0.010000
3 0.009000 VI 0.100000 0.010000
25 0.022000 VI 0.100000 0.010000
26 0.030000 VI 0.100000 0.010000
8 0.008000 VI 0.100000 0.010000
30 0.040000 VI 0.100000 0.010000
18 0.021000 VI 0.100000 0.010000
13 0.013000 VI 0.100000 0.010000
24 0.022000 VI 0.100000 0.010000
30 0.032000 VI 0.100000 0.010000
26 0.029000 VI 0.100000 0.010000
22 0.033000 VI 0.100000 0.010000
22 0.024000 VI 0.100000 0.010000
13 0.016000 VI 0.100000 0.010000
16 0.029000 VI 0.100000 0.010000
3 0.000000 VI 0.100000 0.010000
